16 0.837500
16 0.837500
16 0.850000
16 0.812500
16 0.825000
16 0.825000
16 0.812500
16 0.825000
16 0.850000
16 0.850000
16 0.825000
16 0.837500
16 0.837500
16 0.837500
16 0.812500
16 0.837500
16 0.800000
16 0.850000
16 0.837500
16 0.825000
18 0.833333
18 0.811111
18 0.811111
18 0.844444
18 0.833333
18 0.811111
18 0.800000
18 0.800000
18 0.833333
18 0.811111
18 0.800000
18 0.822222
18 0.800000
18 0.811111
18 0.822222
18 0.811111
18 0.833333
18 0.811111
18 0.811111
18 0.833333
20 0.810000
20 0.810000
20 0.780000
20 0.800000
20 0.810000
20 0.810000
20 0.800000
20 0.800000
20 0.790000
20 0.800000
20 0.800000
20 0.810000
20 0.810000
20 0.790000
20 0.800000
20 0.810000
20 0.800000
20 0.800000
20 0.790000
20 0.800000
22 0.818182
22 0.781818
22 0.781818
22 0.790909
22 0.781818
22 0.781818
22 0.781818
22 0.790909
22 0.781818
22 0.781818
22 0.772727
22 0.818182
22 0.790909
22 0.809091
22 0.790909
22 0.809091
22 0.781818
22 0.781818
22 0.772727
22 0.790909
