-0.181036
-0.145976
-0.177377
-0.187286
-0.185754
-0.173566
-0.173254
-0.171207
-0.184847
-0.168536
-0.173566
-0.183395
-0.177457
-0.186066
-0.171207
-0.173566
-0.171288
-0.175925
-0.127226
-0.153677
-0.183421
-0.183698
-0.175491
-0.136325
-0.190338
-0.194183
-0.136602
-0.173322
-0.191351
-0.200293
-0.163018
-0.164308
-0.180240
-0.189989
-0.204559
-0.175768
-0.199003
-0.180975
-0.160463
-0.184433
-0.205861
-0.194602
-0.182151
-0.207998
-0.192401
-0.179288
-0.199288
-0.208626
-0.191901
-0.158853
-0.184950
-0.181489
-0.181901
-0.182813
-0.194288
-0.183377
-0.190264
-0.190264
-0.184038
-0.170264
-0.193920
-0.231852
-0.216046
-0.200181
-0.211273
-0.205841
-0.202409
-0.189000
-0.186545
-0.205782
-0.189375
-0.198692
-0.205012
-0.200181
-0.196691
-0.191317
-0.188546
-0.199580
-0.220532
-0.193033
