16 0.828125 -0.119984
16 0.843750 -0.107307
16 0.812500 -0.150200
16 0.796875 -0.135609
16 0.796875 -0.135609
16 0.750000 -0.161995
16 0.781250 -0.128830
16 0.812500 -0.122932
16 0.812500 -0.150200
16 0.828125 -0.135609
16 0.796875 -0.141506
16 0.843750 -0.115120
16 0.781250 -0.146370
16 0.796875 -0.143421
16 0.765625 -0.147404
16 0.796875 -0.135609
16 0.796875 -0.149319
16 0.781250 -0.156097
16 0.812500 -0.130745
16 0.843750 -0.122932
18 0.791667 -0.151859
18 0.777778 -0.161289
18 0.777778 -0.156182
18 0.791667 -0.141374
18 0.791667 -0.144914
18 0.819444 -0.125783
18 0.763889 -0.155263
18 0.777778 -0.143995
18 0.805556 -0.150940
18 0.861111 -0.100627
18 0.805556 -0.143995
18 0.763889 -0.163910
18 0.791667 -0.150021
18 0.763889 -0.153561
18 0.791667 -0.139672
18 0.791667 -0.143212
18 0.805556 -0.131809
18 0.763889 -0.146617
18 0.750000 -0.163127
18 0.750000 -0.157884
20 0.775000 -0.148346
20 0.775000 -0.140564
20 0.800000 -0.129596
20 0.775000 -0.163910
20 0.762500 -0.152237
20 0.775000 -0.128064
20 0.775000 -0.157660
20 0.800000 -0.129596
20 0.762500 -0.142923
20 0.775000 -0.156128
20 0.800000 -0.157660
20 0.762500 -0.156955
20 0.775000 -0.142096
20 0.750000 -0.162378
20 0.787500 -0.139737
20 0.800000 -0.137378
20 0.825000 -0.123346
20 0.775000 -0.156128
20 0.787500 -0.147519
20 0.750000 -0.168628
22 0.727273 -0.174633
22 0.761364 -0.169592
22 0.761364 -0.155443
22 0.829545 -0.122744
22 0.806818 -0.137645
22 0.772727 -0.163269
22 0.784091 -0.156835
22 0.806818 -0.131323
22 0.761364 -0.169592
22 0.738636 -0.174633
22 0.806818 -0.132715
22 0.772727 -0.167447
22 0.738636 -0.166806
22 0.818182 -0.124889
22 0.761364 -0.149761
22 0.772727 -0.160373
22 0.761364 -0.165414
22 0.795455 -0.143327
22 0.750000 -0.173240
22 0.784091 -0.138397
