16 0.693750 -0.237668
16 0.712500 -0.229342
16 0.712500 -0.243116
16 0.718750 -0.236896
16 0.675000 -0.245598
16 0.700000 -0.243324
16 0.681250 -0.252114
16 0.718750 -0.236978
16 0.712500 -0.243424
16 0.675000 -0.244836
16 0.706250 -0.233343
16 0.712500 -0.236417
16 0.700000 -0.243788
16 0.668750 -0.255456
16 0.706250 -0.233393
16 0.718750 -0.230264
16 0.668750 -0.242779
16 0.687500 -0.249805
16 0.706250 -0.248626
16 0.656250 -0.255743
18 0.666667 -0.265141
18 0.716667 -0.248088
18 0.683333 -0.248159
18 0.633333 -0.268223
18 0.700000 -0.241441
18 0.694444 -0.261547
18 0.683333 -0.248865
18 0.661111 -0.250575
18 0.683333 -0.242400
18 0.672222 -0.248097
18 0.683333 -0.263738
18 0.711111 -0.238537
18 0.700000 -0.253985
18 0.688889 -0.254647
18 0.661111 -0.255969
18 0.688889 -0.240389
18 0.683333 -0.261041
18 0.650000 -0.267045
18 0.711111 -0.235558
18 0.666667 -0.262870
20 0.640000 -0.269832
20 0.705000 -0.252021
20 0.670000 -0.264454
20 0.665000 -0.269658
20 0.655000 -0.273984
20 0.660000 -0.267912
20 0.685000 -0.259986
20 0.645000 -0.270712
20 0.655000 -0.271835
20 0.655000 -0.262954
20 0.680000 -0.264530
20 0.665000 -0.266704
20 0.650000 -0.269553
20 0.650000 -0.274263
20 0.660000 -0.264812
20 0.640000 -0.274367
20 0.645000 -0.277312
20 0.690000 -0.256562
20 0.680000 -0.264344
20 0.685000 -0.261808
22 0.654545 -0.273939
22 0.640909 -0.278341
22 0.659091 -0.275304
22 0.650000 -0.278941
22 0.631818 -0.281240
22 0.631818 -0.278437
22 0.663636 -0.272587
22 0.663636 -0.275230
22 0.659091 -0.259341
22 0.659091 -0.277035
22 0.654545 -0.272882
22 0.668182 -0.276434
22 0.650000 -0.281977
22 0.663636 -0.267347
22 0.659091 -0.271199
22 0.645455 -0.279311
22 0.654545 -0.273847
22 0.640909 -0.282396
22 0.636364 -0.278154
22 0.636364 -0.273469
