16 0.737500
16 0.731250
16 0.737500
16 0.737500
16 0.750000
16 0.743750
16 0.743750
16 0.756250
16 0.756250
16 0.718750
16 0.756250
16 0.781250
16 0.737500
16 0.731250
16 0.756250
16 0.775000
16 0.762500
16 0.750000
16 0.725000
16 0.737500
18 0.727778
18 0.727778
18 0.738889
18 0.733333
18 0.711111
18 0.733333
18 0.738889
18 0.716667
18 0.722222
18 0.750000
18 0.733333
18 0.750000
18 0.733333
18 0.733333
18 0.727778
18 0.716667
18 0.750000
18 0.733333
18 0.727778
18 0.761111
20 0.710000
20 0.710000
20 0.710000
20 0.705000
20 0.715000
20 0.730000
20 0.735000
20 0.705000
20 0.710000
20 0.735000
20 0.725000
20 0.725000
20 0.735000
20 0.725000
20 0.735000
20 0.710000
20 0.710000
20 0.700000
20 0.705000
20 0.715000
22 0.709091
22 0.713636
22 0.704545
22 0.704545
22 0.686364
22 0.681818
22 0.704545
22 0.700000
22 0.704545
22 0.718182
22 0.686364
22 0.686364
22 0.704545
22 0.709091
22 0.709091
22 0.677273
22 0.681818
22 0.709091
22 0.700000
22 0.690909
