16 0.704545
16 0.750000
16 0.744318
16 0.721591
16 0.727273
16 0.750000
16 0.738636
16 0.710227
16 0.750000
16 0.727273
16 0.715909
16 0.727273
16 0.727273
16 0.715909
16 0.778409
16 0.727273
16 0.772727
16 0.727273
16 0.767045
16 0.738636
18 0.737374
18 0.712121
18 0.691919
18 0.712121
18 0.727273
18 0.691919
18 0.717172
18 0.727273
18 0.707071
18 0.702020
18 0.707071
18 0.742424
18 0.727273
18 0.696970
18 0.732323
18 0.747475
18 0.737374
18 0.762626
18 0.686869
18 0.722222
20 0.690909
20 0.704545
20 0.677273
20 0.690909
20 0.731818
20 0.704545
20 0.709091
20 0.695455
20 0.704545
20 0.686364
20 0.709091
20 0.700000
20 0.700000
20 0.695455
20 0.695455
20 0.690909
20 0.677273
20 0.681818
20 0.681818
20 0.704545
22 0.690083
22 0.657025
22 0.681818
22 0.702479
22 0.673554
22 0.690083
22 0.685950
22 0.698347
22 0.681818
22 0.690083
22 0.669421
22 0.685950
22 0.669421
22 0.694215
22 0.673554
22 0.685950
22 0.677686
22 0.673554
22 0.669421
22 0.665289
