16 0.715909 -0.243131
16 0.670455 -0.260369
16 0.681818 -0.251072
16 0.670455 -0.256801
16 0.681818 -0.240071
16 0.676136 -0.263432
16 0.676136 -0.264901
16 0.681818 -0.255332
16 0.676136 -0.249651
16 0.664773 -0.272763
16 0.664773 -0.266920
16 0.664773 -0.272305
16 0.693182 -0.250801
16 0.664773 -0.259609
16 0.653409 -0.272629
16 0.676136 -0.253303
16 0.647727 -0.258239
16 0.664773 -0.259737
16 0.625000 -0.272011
16 0.704545 -0.256506
18 0.631313 -0.277831
18 0.641414 -0.279597
18 0.656566 -0.272289
18 0.631313 -0.274017
18 0.661616 -0.275136
18 0.691919 -0.258918
18 0.666667 -0.278984
18 0.666667 -0.274510
18 0.656566 -0.286055
18 0.616162 -0.280195
18 0.646465 -0.277023
18 0.651515 -0.275310
18 0.631313 -0.285014
18 0.651515 -0.266484
18 0.626263 -0.286932
18 0.681818 -0.251650
18 0.646465 -0.268513
18 0.611111 -0.276696
18 0.636364 -0.283008
18 0.656566 -0.273646
20 0.640909 -0.286642
20 0.590909 -0.283726
20 0.645455 -0.289594
20 0.618182 -0.290848
20 0.640909 -0.268965
20 0.645455 -0.290133
20 0.627273 -0.299028
20 0.631818 -0.277250
20 0.618182 -0.284647
20 0.659091 -0.285141
20 0.618182 -0.293963
20 0.613636 -0.292929
20 0.650000 -0.278945
20 0.640909 -0.291666
20 0.654545 -0.275757
20 0.631818 -0.294594
20 0.627273 -0.285101
20 0.618182 -0.291386
20 0.618182 -0.295127
20 0.640909 -0.280281
22 0.619835 -0.293477
22 0.623967 -0.284759
22 0.607438 -0.296339
22 0.611570 -0.294643
22 0.652893 -0.278029
22 0.607438 -0.302597
22 0.611570 -0.292907
22 0.599174 -0.302140
22 0.615702 -0.286408
22 0.640496 -0.293571
22 0.607438 -0.289727
22 0.607438 -0.292576
22 0.623967 -0.301085
22 0.619835 -0.294253
22 0.619835 -0.298620
22 0.615702 -0.298956
22 0.603306 -0.289304
22 0.632231 -0.293010
22 0.615702 -0.292936
22 0.607438 -0.286371
