16 0.778409
16 0.767045
16 0.789773
16 0.778409
16 0.784091
16 0.789773
16 0.801136
16 0.772727
16 0.778409
16 0.784091
16 0.789773
16 0.789773
16 0.789773
16 0.795455
16 0.784091
16 0.784091
16 0.778409
16 0.795455
16 0.778409
16 0.772727
18 0.772727
18 0.757576
18 0.772727
18 0.772727
18 0.762626
18 0.747475
18 0.757576
18 0.757576
18 0.782828
18 0.767677
18 0.767677
18 0.777778
18 0.777778
18 0.777778
18 0.767677
18 0.762626
18 0.777778
18 0.762626
18 0.762626
18 0.782828
20 0.768182
20 0.772727
20 0.759091
20 0.759091
20 0.740909
20 0.754545
20 0.763636
20 0.763636
20 0.763636
20 0.759091
20 0.745455
20 0.763636
20 0.777273
20 0.768182
20 0.754545
20 0.763636
20 0.750000
20 0.754545
20 0.759091
20 0.763636
22 0.739669
22 0.752066
22 0.752066
22 0.752066
22 0.752066
22 0.735537
22 0.735537
22 0.756198
22 0.735537
22 0.756198
22 0.743802
22 0.731405
22 0.743802
22 0.756198
22 0.756198
22 0.743802
22 0.756198
22 0.747934
22 0.760331
22 0.739669
