16 0.803571
16 0.830357
16 0.839286
16 0.839286
16 0.821429
16 0.803571
16 0.794643
16 0.848214
16 0.803571
16 0.830357
16 0.821429
16 0.812500
16 0.812500
16 0.821429
16 0.830357
16 0.821429
16 0.812500
16 0.830357
16 0.839286
16 0.830357
18 0.809524
18 0.809524
18 0.817460
18 0.817460
18 0.801587
18 0.809524
18 0.785714
18 0.801587
18 0.809524
18 0.817460
18 0.809524
18 0.817460
18 0.809524
18 0.777778
18 0.801587
18 0.825397
18 0.825397
18 0.785714
18 0.809524
18 0.785714
20 0.785714
20 0.792857
20 0.807143
20 0.771429
20 0.792857
20 0.792857
20 0.792857
20 0.792857
20 0.785714
20 0.807143
20 0.785714
20 0.785714
20 0.771429
20 0.785714
20 0.800000
20 0.800000
20 0.778571
20 0.764286
20 0.771429
20 0.807143
22 0.753247
22 0.779221
22 0.759740
22 0.759740
22 0.798701
22 0.792208
22 0.779221
22 0.772727
22 0.779221
22 0.785714
22 0.759740
22 0.792208
22 0.759740
22 0.798701
22 0.766234
22 0.792208
22 0.792208
22 0.766234
22 0.753247
22 0.792208
