16 0.767857 -0.164613
16 0.776786 -0.175969
16 0.776786 -0.181195
16 0.758929 -0.179655
16 0.741071 -0.194811
16 0.794643 -0.177047
16 0.758929 -0.191202
16 0.750000 -0.184839
16 0.758929 -0.180640
16 0.785714 -0.175248
16 0.785714 -0.167169
16 0.732143 -0.183932
16 0.776786 -0.183031
16 0.741071 -0.193307
16 0.767857 -0.176912
16 0.741071 -0.186157
16 0.785714 -0.178732
16 0.750000 -0.187525
16 0.785714 -0.182880
16 0.741071 -0.187344
18 0.753968 -0.199496
18 0.738095 -0.206902
18 0.769841 -0.185563
18 0.753968 -0.185595
18 0.746032 -0.192315
18 0.761905 -0.191278
18 0.761905 -0.180654
18 0.753968 -0.177216
18 0.753968 -0.198722
18 0.730159 -0.202690
18 0.753968 -0.194472
18 0.777778 -0.188725
18 0.769841 -0.191342
18 0.738095 -0.194951
18 0.753968 -0.196827
18 0.761905 -0.203547
18 0.730159 -0.198882
18 0.730159 -0.204469
18 0.753968 -0.185282
18 0.785714 -0.171994
20 0.750000 -0.195653
20 0.714286 -0.207553
20 0.721429 -0.208635
20 0.742857 -0.205272
20 0.742857 -0.195433
20 0.750000 -0.199656
20 0.750000 -0.193907
20 0.750000 -0.202472
20 0.750000 -0.209316
20 0.728571 -0.204397
20 0.728571 -0.195433
20 0.757143 -0.200618
20 0.757143 -0.185561
20 0.757143 -0.199730
20 0.728571 -0.209794
20 0.735714 -0.194483
20 0.735714 -0.200174
20 0.764286 -0.193786
20 0.742857 -0.198561
20 0.750000 -0.196159
22 0.740260 -0.201295
22 0.746753 -0.205352
22 0.727273 -0.198399
22 0.694805 -0.215537
22 0.746753 -0.203153
22 0.740260 -0.210348
22 0.740260 -0.208411
22 0.727273 -0.205462
22 0.740260 -0.210850
22 0.740260 -0.205646
22 0.714286 -0.210348
22 0.720779 -0.212773
22 0.727273 -0.208087
22 0.714286 -0.219093
22 0.714286 -0.212087
22 0.707792 -0.207437
22 0.740260 -0.208411
22 0.727273 -0.201970
22 0.720779 -0.208814
22 0.733766 -0.208075
