16 0.732955 -0.221406
16 0.721591 -0.204534
16 0.721591 -0.230756
16 0.727273 -0.216368
16 0.738636 -0.198047
16 0.761364 -0.210161
16 0.755682 -0.216529
16 0.744318 -0.207197
16 0.721591 -0.212293
16 0.732955 -0.218182
16 0.755682 -0.211034
16 0.732955 -0.218990
16 0.767045 -0.199004
16 0.755682 -0.210586
16 0.750000 -0.214846
16 0.755682 -0.217741
16 0.738636 -0.208405
16 0.767045 -0.196673
16 0.755682 -0.201683
16 0.738636 -0.207733
18 0.717172 -0.226909
18 0.737374 -0.224104
18 0.712121 -0.224126
18 0.727273 -0.218245
18 0.717172 -0.221679
18 0.722222 -0.227191
18 0.742424 -0.210359
18 0.717172 -0.223694
18 0.722222 -0.229207
18 0.747475 -0.208425
18 0.712121 -0.231939
18 0.727273 -0.226132
18 0.727273 -0.223889
18 0.691919 -0.225983
18 0.722222 -0.221042
18 0.722222 -0.235034
18 0.722222 -0.226716
18 0.717172 -0.212042
18 0.717172 -0.222358
18 0.742424 -0.220518
20 0.740909 -0.222453
20 0.731818 -0.222243
20 0.704545 -0.238821
20 0.740909 -0.226761
20 0.736364 -0.219450
20 0.736364 -0.214110
20 0.704545 -0.236975
20 0.718182 -0.237212
20 0.727273 -0.237372
20 0.704545 -0.229393
20 0.750000 -0.229144
20 0.713636 -0.235064
20 0.718182 -0.226865
20 0.704545 -0.234252
20 0.731818 -0.220072
20 0.704545 -0.239115
20 0.731818 -0.228125
20 0.677273 -0.244662
20 0.713636 -0.228052
20 0.722727 -0.228633
22 0.677686 -0.250479
22 0.731405 -0.234711
22 0.690083 -0.243519
22 0.735537 -0.222184
22 0.706612 -0.242983
22 0.723140 -0.241194
22 0.727273 -0.229117
22 0.702479 -0.245937
22 0.739669 -0.226265
22 0.677686 -0.249014
22 0.727273 -0.227373
22 0.702479 -0.235732
22 0.731405 -0.237564
22 0.710744 -0.234839
22 0.694215 -0.248799
22 0.710744 -0.237168
22 0.710744 -0.239451
22 0.706612 -0.235045
22 0.681818 -0.245801
22 0.710744 -0.239742
