0.8	-0.1397368358901741
0.8	-0.1397368358901741
0.8	-0.1397368358901741
0.8	-0.1397368358901741
0.8	-0.1397368358901741
0.8	-0.1397368358901741
0.8	-0.1397368358901741
0.8	-0.1397368358901741
0.8	-0.1397368358901741
0.8	-0.1397368358901741
0.8	-0.1397368358901741
0.8	-0.1397368358901741
0.8	-0.1397368358901741
0.8	-0.1397368358901741
0.8	-0.1397368358901741
0.8	-0.1397368358901741
0.8	-0.1397368358901741
0.8	-0.1397368358901741
0.8	-0.1397368358901741
0.8	-0.1397368358901741
