0.7272727272727273	-0.22480280995067056
0.740909090909091	-0.21650067591585384
0.7363636363636363	-0.2301982388438935
0.7318181818181818	-0.23067822110249606
0.7272727272727273	-0.22916572935645235
0.7318181818181818	-0.23148537969288058
0.7363636363636363	-0.22261090640443723
0.7227272727272728	-0.24847203884079602
0.7318181818181818	-0.23277153137493556
0.7363636363636363	-0.23363970166702613
0.7181818181818181	-0.23615528822571666
0.7318181818181818	-0.23980633658555303
0.7454545454545455	-0.23105606555089758
0.740909090909091	-0.21718631106827171
0.7318181818181818	-0.23648788633276482
0.7318181818181818	-0.24345837411232155
0.7272727272727273	-0.23554817316391147
0.7227272727272728	-0.23191370466793151
0.7272727272727273	-0.24130325056121374
0.7363636363636363	-0.22521392814833144
