1.7011828585590925
2.0221504010283278
2.0886462410588598
2.0886462410588598
2.0886462410588598
2.0886462410588598
2.0886462410588598
2.0886462410588598
2.0886462410588598
2.0886462410588598
2.0886462410588598
2.0886462410588598
2.0886462410588598
2.0886462410588598
2.0886462410588598
2.0886462410588598
2.0886462410588598
2.0886462410588598
2.0886462410588598
2.0886462410588598
2.0886462410588598
2.0886462410588598
2.0886462410588598
2.0886462410588598
2.0886462410588598
1.7011828585590925
2.0221504010283278
2.0886462410588598
2.0886462410588598
2.0886462410588598
2.0886462410588598
2.0886462410588598
2.0886462410588598
2.0886462410588598
2.0886462410588598
2.0886462410588598
2.0886462410588598
2.0886462410588598
2.0886462410588598
2.0886462410588598
2.0886462410588598
2.0886462410588598
2.0886462410588598
2.0886462410588598
2.0886462410588598
2.0886462410588598
2.0886462410588598
2.0886462410588598
2.0886462410588598
2.0886462410588598
1.7011828585590925
2.0221504010283278
2.0886462410588598
2.0886462410588598
2.0886462410588598
2.0886462410588598
2.0886462410588598
2.0886462410588598
2.0886462410588598
2.0886462410588598
2.0886462410588598
2.0886462410588598
2.0886462410588598
2.0886462410588598
2.0886462410588598
2.0886462410588598
2.0886462410588598
2.0886462410588598
2.0886462410588598
2.0886462410588598
2.0886462410588598
2.0886462410588598
2.0886462410588598
2.0886462410588598
2.0886462410588598
1.7011828585590925
2.0221504010283278
2.0886462410588598
2.0886462410588598
2.0886462410588598
2.0886462410588598
2.0886462410588598
2.0886462410588598
2.0886462410588598
2.0886462410588598
2.0886462410588598
2.0886462410588598
2.0886462410588598
2.0886462410588598
2.0886462410588598
2.0886462410588598
2.0886462410588598
2.0886462410588598
2.0886462410588598
2.0886462410588598
2.0886462410588598
2.0886462410588598
2.0886462410588598
2.0886462410588598
2.0886462410588598
1.7011828585590925
2.0221504010283278
2.0886462410588598
2.0886462410588598
2.0886462410588598
2.0886462410588598
2.0886462410588598
2.0886462410588598
2.0886462410588598
2.0886462410588598
2.0886462410588598
2.0886462410588598
2.0886462410588598
2.0886462410588598
2.0886462410588598
2.0886462410588598
2.0886462410588598
2.0886462410588598
2.0886462410588598
2.0886462410588598
2.0886462410588598
2.0886462410588598
2.0886462410588598
2.0886462410588598
2.0886462410588598
