1.3323786413260312
1.6900228526501702
1.7872249825611317
1.8091229950099499
1.819712739437769
1.819712739437769
1.819712739437769
1.8244174551587338
1.8244174551587338
1.8244174551587338
1.824428428165716
1.827045593020716
1.827045593020716
1.827045593020716
1.827045593020716
1.8270501667701902
1.8270501667701902
1.8270501667701902
1.8270501667701902
1.8270501667701902
1.8270501667701902
1.8270501667701902
1.8270501667701902
1.8270501667701902
1.8270501667701902
1.3323786413260312
1.5876084216853092
1.7043112112790053
1.7717051516845008
1.7933167117343265
1.794060565054362
1.794060565054362
1.798675676592651
1.798675676592651
1.798675676592651
1.798675676592651
1.798675676592651
1.798675676592651
1.7986850684667075
1.7986850684667075
1.7986850684667075
1.7986850684667075
1.7986850684667075
1.7986850684667075
1.7986850684667075
1.7986850684667075
1.7986850684667075
1.7986850684667075
1.7986850684667075
1.7986850684667075
