1.3323786413260312
1.6900228526501702
1.7872249825611317
1.8091229950099499
1.819712739437769
1.819712739437769
1.819712739437769
1.8244174551587338
1.8244174551587338
1.8244174551587338
1.824428428165716
1.827045593020716
1.827045593020716
1.827045593020716
1.827045593020716
1.8270501667701902
1.8270501667701902
1.8270501667701902
1.8270501667701902
1.8270501667701902
1.8270501667701902
1.8270501667701902
1.8270501667701902
1.8270501667701902
1.8270501667701902
1.3323786413260312
1.5876084216853092
1.7043112112790053
1.7717051516845008
1.7933167117343265
1.794060565054362
1.794060565054362
1.798675676592651
1.798675676592651
1.798675676592651
1.798675676592651
1.798675676592651
1.798675676592651
1.7986850684667075
1.7986850684667075
1.7986850684667075
1.7986850684667075
1.7986850684667075
1.7986850684667075
1.7986850684667075
1.7986850684667075
1.7986850684667075
1.7986850684667075
1.7986850684667075
1.7986850684667075
1.3323786413260312
1.618888243648143
1.7130789910830342
1.743291298072125
1.7653740828256095
1.775145616145126
1.775145616145126
1.778554493952175
1.778554493952175
1.778554493952175
1.778554493952175
1.7785722638368322
1.7785722638368322
1.7785722638368322
1.7785722638368322
1.782314193501943
1.786991125023071
1.7870209735945357
1.792798931026291
1.7948356087118198
1.7948442773807392
1.8098845899278968
1.8151487625391136
1.8151487625391136
1.8151487625391136
1.3323786413260312
1.624691623796297
1.7410260579338468
1.8152857157596471
1.8305473380522008
1.8363990544708264
1.8411605502651236
1.8411639929236818
1.8411639929236818
1.8493333824072975
1.8586424726156343
1.8645172807974453
1.8645172807974453
1.8645172807974453
1.8645218816168734
1.8645218816168734
1.8645218816168734
1.8645218816168734
1.8693421513238735
1.8693421513238735
1.8693421513238735
1.8693421513238735
1.8693421513238735
1.8693421513238735
1.8693421513238735
