1.3323786413260312
1.6900228526501702
1.7872249825611317
1.8091229950099499
1.819712739437769
1.819712739437769
1.819712739437769
1.8244174551587338
1.8244174551587338
1.8244174551587338
1.824428428165716
1.827045593020716
1.827045593020716
1.827045593020716
1.827045593020716
1.8270501667701902
1.8270501667701902
1.8270501667701902
1.8270501667701902
1.8270501667701902
1.8270501667701902
1.8270501667701902
1.8270501667701902
1.8270501667701902
1.8270501667701902
1.3323786413260312
1.5876084216853092
1.7043112112790053
1.7717051516845008
1.7933167117343265
1.794060565054362
1.794060565054362
1.798675676592651
1.798675676592651
1.798675676592651
1.798675676592651
1.798675676592651
1.798675676592651
1.7986850684667075
1.7986850684667075
1.7986850684667075
1.7986850684667075
1.7986850684667075
1.7986850684667075
1.7986850684667075
1.7986850684667075
1.7986850684667075
1.7986850684667075
1.7986850684667075
1.7986850684667075
1.3323786413260312
1.618888243648143
1.7130789910830342
1.743291298072125
1.7653740828256095
1.775145616145126
1.775145616145126
1.778554493952175
1.778554493952175
1.778554493952175
1.778554493952175
1.7785722638368322
1.7785722638368322
1.7785722638368322
1.7785722638368322
1.782314193501943
1.786991125023071
1.7870209735945357
1.792798931026291
1.7948356087118198
1.7948442773807392
1.8098845899278968
1.8151487625391136
1.8151487625391136
1.8151487625391136
1.3323786413260312
1.624691623796297
1.7410260579338468
1.8152857157596471
1.8305473380522008
1.8363990544708264
1.8411605502651236
1.8411639929236818
1.8411639929236818
1.8493333824072975
1.8586424726156343
1.8645172807974453
1.8645172807974453
1.8645172807974453
1.8645218816168734
1.8645218816168734
1.8645218816168734
1.8645218816168734
1.8693421513238735
1.8693421513238735
1.8693421513238735
1.8693421513238735
1.8693421513238735
1.8693421513238735
1.8693421513238735
1.3323786413260312
1.5792699888841921
1.6606247128753278
1.6790774459591422
1.6808446108240416
1.6842822122993857
1.68430078087693
1.6853616964898812
1.702669214161725
1.7026954895500555
1.7086103333180584
1.7086556169300333
1.70878851714235
1.7088370327101894
1.7235657081839528
1.723612281016298
1.7257240599682009
1.7258667804670478
1.730472090932063
1.7304900397590923
1.7304909696628759
1.7304909696628759
1.7304909696628759
1.7304909696628759
1.7304909696628759
1.3323786413260312
1.656460524463277
1.7450399942161063
1.7793678170759513
1.790617078948757
1.7906601069813606
1.7913554680012764
1.7913713376520948
1.7913713376520948
1.7913713376520948
1.7913713376520948
1.7952472223629221
1.8005417235797838
1.8170893353793027
1.8329537630183366
1.8446857104569907
1.8731025104115333
1.873112181991976
1.878770989084331
1.878770989084331
1.878770989084331
1.878770989084331
1.878770989084331
1.878770989084331
1.8787847374027073
1.3323786413260312
1.6126195406711399
1.6914773554155347
1.7223133739353162
1.7523049083601054
1.7570703527840401
1.7626322677042712
1.7756126169080182
1.7756126169080182
1.7756126169080182
1.7756131680594665
1.7757434263058713
1.7757434263058713
1.7757434263058713
1.7757434263058713
1.7757561436110254
1.7803855878869277
1.7803855878869277
1.7803855878869277
1.7803855878869277
1.7803855878869277
1.7803855878869277
1.7803855878869277
1.7803855878869277
1.7803855878869277
1.3323786413260312
1.630386072267101
1.7398274494967767
1.7870008225762055
1.7917176722148322
1.7917265581889057
1.7917265581889057
1.7917265581889057
1.7917265581889057
1.7917265581889057
1.7917265581889057
1.7964245777962091
1.7964245777962091
1.7964245777962091
1.7964245777962091
1.7964245777962091
1.7964245777962091
1.7964245777962091
1.7964245777962091
1.7964245777962091
1.7964245777962091
1.7964245777962091
1.7964245777962091
1.7964245777962091
1.7964278374491465
