1.8349473330641015
2.2129953835155907
2.2967192811195907
2.33260232191715
2.33260232191715
2.33260232191715
2.33260232191715
2.33260232191715
2.33260232191715
2.33260232191715
2.33260232191715
2.33260232191715
2.33260232191715
2.33260232191715
2.33260232191715
2.33260232191715
2.33260232191715
2.33260232191715
2.33260232191715
2.33260232191715
2.33260232191715
2.33260232191715
2.33260232191715
2.33260232191715
2.33260232191715
1.8349473330641015
2.2129953835155907
2.2902188609620717
2.2902188609620717
2.2902188609620717
2.2902188609620717
2.33260232191715
2.33260232191715
2.33260232191715
2.33260232191715
2.33260232191715
2.33260232191715
2.33260232191715
2.33260232191715
2.33260232191715
2.33260232191715
2.33260232191715
2.33260232191715
2.33260232191715
2.33260232191715
2.33260232191715
2.33260232191715
2.33260232191715
2.33260232191715
2.33260232191715
1.8349473330641015
2.2129953835155907
2.2129953835155907
2.2967192811195907
2.2967192811195907
2.2967192811195907
2.2967192811195907
2.2967192811195907
2.2967192811195907
2.2967192811195907
2.2967192811195907
2.2967192811195907
2.2967192811195907
2.2967192811195907
2.2967192811195907
2.2967192811195907
2.2967192811195907
2.2967192811195907
2.2967192811195907
2.2967192811195907
2.2967192811195907
2.2967192811195907
2.2967192811195907
2.2967192811195907
2.2967192811195907
1.8349473330641015
2.2967192811195907
2.2967192811195907
2.2967192811195907
2.2967192811195907
2.2967192811195907
2.2967192811195907
2.2967192811195907
2.2967192811195907
2.2967192811195907
2.33260232191715
2.33260232191715
2.33260232191715
2.33260232191715
2.33260232191715
2.33260232191715
2.33260232191715
2.33260232191715
2.33260232191715
2.33260232191715
2.33260232191715
2.33260232191715
2.33260232191715
2.33260232191715
2.33260232191715
1.8349473330641015
2.1653642176819736
2.2902188609620717
2.2967192811195907
2.2967192811195907
2.2967192811195907
2.2967192811195907
2.2967192811195907
2.2967192811195907
2.2967192811195907
2.2967192811195907
2.2967192811195907
2.2967192811195907
2.2967192811195907
2.2967192811195907
2.2967192811195907
2.2967192811195907
2.2967192811195907
2.2967192811195907
2.2967192811195907
2.2967192811195907
2.2967192811195907
2.2967192811195907
2.2967192811195907
2.2967192811195907
1.8349473330641015
2.248218023271183
2.2967192811195907
2.2967192811195907
2.2967192811195907
2.2967192811195907
2.2967192811195907
2.2967192811195907
2.2967192811195907
2.2967192811195907
2.33260232191715
2.33260232191715
2.33260232191715
2.33260232191715
2.33260232191715
2.33260232191715
2.33260232191715
2.33260232191715
2.33260232191715
2.33260232191715
2.33260232191715
2.33260232191715
2.33260232191715
2.33260232191715
2.33260232191715
1.8349473330641015
2.2129953835155907
2.2902188609620717
2.2902188609620717
2.2902188609620717
2.2902188609620717
2.2902188609620717
2.2967192811195907
2.2967192811195907
2.2967192811195907
2.2967192811195907
2.2967192811195907
2.2967192811195907
2.2967192811195907
2.2967192811195907
2.2967192811195907
2.2967192811195907
2.2967192811195907
2.2967192811195907
2.2967192811195907
2.2967192811195907
2.2967192811195907
2.2967192811195907
2.2967192811195907
2.2967192811195907
1.8349473330641015
2.2065998088444836
2.2967192811195907
2.2967192811195907
2.33260232191715
2.33260232191715
2.33260232191715
2.33260232191715
2.33260232191715
2.33260232191715
2.33260232191715
2.33260232191715
2.33260232191715
2.33260232191715
2.33260232191715
2.33260232191715
2.33260232191715
2.33260232191715
2.33260232191715
2.33260232191715
2.33260232191715
2.33260232191715
2.33260232191715
2.33260232191715
2.33260232191715
1.8349473330641015
2.2129953835155907
2.248218023271183
2.254666020685496
2.2902188609620717
2.2902188609620717
2.2967192811195907
2.2967192811195907
2.2967192811195907
2.2967192811195907
2.2967192811195907
2.2967192811195907
2.2967192811195907
2.2967192811195907
2.2967192811195907
2.2967192811195907
2.2967192811195907
2.2967192811195907
2.2967192811195907
2.2967192811195907
2.2967192811195907
2.2967192811195907
2.2967192811195907
2.2967192811195907
2.2967192811195907
1.8349473330641015
2.2129953835155907
2.254666020685496
2.2902188609620717
2.2967192811195907
2.2967192811195907
2.2967192811195907
2.2967192811195907
2.2967192811195907
2.2967192811195907
2.2967192811195907
2.2967192811195907
2.2967192811195907
2.2967192811195907
2.2967192811195907
2.2967192811195907
2.2967192811195907
2.2967192811195907
2.2967192811195907
2.2967192811195907
2.2967192811195907
2.2967192811195907
2.2967192811195907
2.2967192811195907
2.2967192811195907
1.8349473330641015
2.2129953835155907
2.2902188609620717
2.2902188609620717
2.2902188609620717
2.2902188609620717
2.2902188609620717
2.2902188609620717
2.2967192811195907
2.33260232191715
2.33260232191715
2.33260232191715
2.33260232191715
2.33260232191715
2.33260232191715
2.33260232191715
2.33260232191715
2.33260232191715
2.33260232191715
2.33260232191715
2.33260232191715
2.33260232191715
2.33260232191715
2.33260232191715
2.33260232191715
1.8349473330641015
2.1780505215377763
2.2902188609620717
2.2902188609620717
2.2902188609620717
2.2902188609620717
2.2902188609620717
2.2902188609620717
2.2902188609620717
2.2902188609620717
2.2902188609620717
2.2902188609620717
2.2902188609620717
2.2902188609620717
2.2902188609620717
2.2967192811195907
2.2967192811195907
2.2967192811195907
2.2967192811195907
2.2967192811195907
2.2967192811195907
2.2967192811195907
2.2967192811195907
2.2967192811195907
2.2967192811195907
1.8349473330641015
2.171707369609875
2.254666020685496
2.254666020685496
2.254666020685496
2.2902188609620717
2.2902188609620717
2.2967192811195907
2.33260232191715
2.33260232191715
2.33260232191715
2.33260232191715
2.33260232191715
2.33260232191715
2.33260232191715
2.33260232191715
2.33260232191715
2.33260232191715
2.33260232191715
2.33260232191715
2.33260232191715
2.33260232191715
2.33260232191715
2.33260232191715
2.33260232191715
