1.8349473330641015
2.2129953835155907
2.2967192811195907
2.33260232191715
2.33260232191715
2.33260232191715
2.33260232191715
2.33260232191715
2.33260232191715
2.33260232191715
2.33260232191715
2.33260232191715
2.33260232191715
2.33260232191715
2.33260232191715
2.33260232191715
2.33260232191715
2.33260232191715
2.33260232191715
2.33260232191715
2.33260232191715
2.33260232191715
2.33260232191715
2.33260232191715
2.33260232191715
1.8349473330641015
2.2129953835155907
2.2902188609620717
2.2902188609620717
2.2902188609620717
2.2902188609620717
2.33260232191715
2.33260232191715
2.33260232191715
2.33260232191715
2.33260232191715
2.33260232191715
2.33260232191715
2.33260232191715
2.33260232191715
2.33260232191715
2.33260232191715
2.33260232191715
2.33260232191715
2.33260232191715
2.33260232191715
2.33260232191715
2.33260232191715
2.33260232191715
2.33260232191715
1.8349473330641015
2.2129953835155907
2.2129953835155907
2.2967192811195907
2.2967192811195907
2.2967192811195907
2.2967192811195907
2.2967192811195907
2.2967192811195907
2.2967192811195907
2.2967192811195907
2.2967192811195907
2.2967192811195907
2.2967192811195907
2.2967192811195907
2.2967192811195907
2.2967192811195907
2.2967192811195907
2.2967192811195907
2.2967192811195907
2.2967192811195907
2.2967192811195907
2.2967192811195907
2.2967192811195907
2.2967192811195907
1.8349473330641015
2.2967192811195907
2.2967192811195907
2.2967192811195907
2.2967192811195907
2.2967192811195907
2.2967192811195907
2.2967192811195907
2.2967192811195907
2.2967192811195907
2.33260232191715
2.33260232191715
2.33260232191715
2.33260232191715
2.33260232191715
2.33260232191715
2.33260232191715
2.33260232191715
2.33260232191715
2.33260232191715
2.33260232191715
2.33260232191715
2.33260232191715
2.33260232191715
2.33260232191715
