-0.130745
-0.135609
-0.143421
-0.143421
-0.125881
-0.122932
-0.149319
-0.131779
-0.127796
-0.107307
-0.164944
-0.121017
-0.147404
-0.136642
-0.135609
-0.138557
-0.114086
-0.151234
-0.125881
-0.145336
-0.118839
-0.139672
-0.146617
-0.143076
-0.116218
-0.152642
-0.117137
-0.138753
-0.153561
-0.123162
-0.131809
-0.150940
-0.154344
-0.131809
-0.151859
-0.134430
-0.139672
-0.120541
-0.155263
-0.160505
-0.156128
-0.117096
-0.158487
-0.131955
-0.156128
-0.150705
-0.161673
-0.160846
-0.142096
-0.172519
-0.143628
-0.127237
-0.167096
-0.138205
-0.148346
-0.125705
-0.139737
-0.142096
-0.115564
-0.159314
-0.144079
-0.121352
-0.149761
-0.154691
-0.141934
-0.122744
-0.144831
-0.159732
-0.167447
-0.158980
-0.163269
-0.176025
-0.144079
-0.155443
-0.153298
-0.174633
-0.180314
-0.142686
-0.136253
-0.161124
