-0.212989
-0.209011
-0.216208
-0.203976
-0.200473
-0.213868
-0.207125
-0.211539
-0.200061
-0.200323
-0.204997
-0.214756
-0.216153
-0.212903
-0.207507
-0.189482
-0.216297
-0.201291
-0.204828
-0.204308
-0.228960
-0.221840
-0.217389
-0.228164
-0.234785
-0.219111
-0.238553
-0.222402
-0.215974
-0.216191
-0.221965
-0.223729
-0.215908
-0.218687
-0.215809
-0.220399
-0.211868
-0.218675
-0.221861
-0.228531
-0.223709
-0.236961
-0.228353
-0.225089
-0.234422
-0.231612
-0.234757
-0.228059
-0.224163
-0.222232
-0.236636
-0.228149
-0.227253
-0.222863
-0.232527
-0.232379
-0.234190
-0.226541
-0.225163
-0.232053
-0.253746
-0.241536
-0.233700
-0.242091
-0.253097
-0.245304
-0.237535
-0.247372
-0.242822
-0.241735
-0.234382
-0.237893
-0.238399
-0.236639
-0.238684
-0.233428
-0.238783
-0.235178
-0.231774
-0.239742
