-0.187661
-0.189720
-0.181692
-0.189662
-0.184451
-0.176285
-0.165355
-0.187028
-0.170949
-0.180433
-0.176824
-0.182606
-0.173029
-0.185213
-0.187121
-0.183306
-0.175636
-0.179006
-0.180914
-0.171411
-0.194753
-0.192578
-0.186157
-0.185236
-0.198196
-0.184794
-0.178023
-0.192481
-0.180295
-0.195726
-0.194965
-0.184674
-0.194076
-0.186453
-0.197224
-0.208879
-0.184263
-0.184019
-0.206939
-0.198882
-0.197445
-0.205363
-0.193820
-0.202530
-0.202961
-0.204978
-0.200497
-0.202086
-0.209453
-0.198233
-0.202207
-0.206977
-0.183694
-0.207749
-0.196246
-0.180965
-0.204309
-0.217840
-0.206499
-0.197432
-0.203934
-0.202037
-0.206944
-0.221910
-0.218271
-0.217114
-0.210500
-0.211254
-0.212517
-0.214595
-0.212102
-0.215806
-0.229818
-0.215968
-0.208463
-0.206589
-0.209301
-0.211412
-0.213056
-0.215470
