1.3680830632462275
1.6826159258771736
1.8260133385969741
1.8613800738007513
1.8733602484796001
1.945036277003072
1.9511783124247184
1.9520277383778115
1.9520277383778115
1.9520277383778115
1.9657088926615027
1.9657088926615027
1.9657088926615027
1.9657279461855723
1.9657695664838521
1.9657695664838521
1.9657695664838521
1.9657695664838521
1.9657695664838521
1.9657695664838521
1.9657695664838521
1.9657695664838521
1.9657695664838521
1.9657695664838521
1.9657695664838521
1.3680830632462275
1.7338072470857404
1.873533651096023
1.9200649324209922
1.9454400975535204
1.9526345181888642
1.9833745443442226
1.9833745443442226
1.994348746127481
2.0016901655162678
2.0016901655162678
2.0016901655162678
2.00171140200215
2.00171140200215
2.00171140200215
2.00171140200215
2.00171140200215
2.00171140200215
2.00171140200215
2.00171140200215
2.00171140200215
2.00171140200215
2.00171140200215
2.00171140200215
2.00171140200215
