1.3680830632462275
1.6826159258771736
1.8260133385969741
1.8613800738007513
1.8733602484796001
1.945036277003072
1.9511783124247184
1.9520277383778115
1.9520277383778115
1.9520277383778115
1.9657088926615027
1.9657088926615027
1.9657088926615027
1.9657279461855723
1.9657695664838521
1.9657695664838521
1.9657695664838521
1.9657695664838521
1.9657695664838521
1.9657695664838521
1.9657695664838521
1.9657695664838521
1.9657695664838521
1.9657695664838521
1.9657695664838521
1.3680830632462275
1.7338072470857404
1.873533651096023
1.9200649324209922
1.9454400975535204
1.9526345181888642
1.9833745443442226
1.9833745443442226
1.994348746127481
2.0016901655162678
2.0016901655162678
2.0016901655162678
2.00171140200215
2.00171140200215
2.00171140200215
2.00171140200215
2.00171140200215
2.00171140200215
2.00171140200215
2.00171140200215
2.00171140200215
2.00171140200215
2.00171140200215
2.00171140200215
2.00171140200215
1.3680830632462275
1.816344379308441
1.9541430035818976
1.9648250953134814
2.0063598535979117
2.008452251443396
2.0118595652127045
2.017415655116545
2.017415655116545
2.017928796923765
2.0242627852821915
2.0271619455805903
2.029665573437932
2.029665573437932
2.029665573437932
2.0323598934576177
2.033581391603438
2.033581391603438
2.035957748259559
2.035957748259559
2.036769311023602
2.036769311023602
2.036769311023602
2.036769311023602
2.036769311023602
1.3680830632462275
1.749064362069906
1.9016736365922902
1.9475893331995182
1.991587969518342
2.018031012584275
2.0199207353025255
2.027449897569216
2.027449897569216
2.036755085537708
2.036769311023602
2.036769311023602
2.036769311023602
2.036769311023602
2.036769311023602
2.036769311023602
2.036769311023602
2.036769311023602
2.036769311023602
2.036769311023602
2.036769311023602
2.036769311023602
2.036769311023602
2.036769311023602
2.036769311023602
1.3680830632462275
1.7366345042536055
1.8454380164862838
1.9314182278711187
1.9451537005405493
1.9695918528672676
1.9842161280715558
2.0021041485524855
2.0104156932932025
2.0104591613105693
2.017379520302498
2.018295278861416
2.018295278861416
2.024636978707408
2.024636978707408
2.024636978707408
2.024636978707408
2.024636978707408
2.024636978707408
2.024636978707408
2.024636978707408
2.024636978707408
2.024636978707408
2.024636978707408
2.024636978707408
1.3680830632462275
1.6808856687544025
1.7798266476773206
1.8275420184312892
1.882318378995868
1.8942089104938935
1.90206512445309
1.9020737629839055
1.927706064718832
1.927706064718832
1.9564585179062173
1.9626148902038747
1.9626148902038747
1.9639809916178066
1.9639809916178066
1.9657544139547087
1.9657544139547087
1.9657544139547087
1.9657544139547087
1.9657544139547087
1.9657544139547087
1.9657544139547087
1.9657544139547087
1.9657544139547087
1.9657544139547087
1.3680830632462275
1.6837956013328095
1.7712821237110423
1.840647314372252
1.8800465500913177
1.8978637459682246
1.904503957587972
1.9078081284912525
1.9078916074608407
1.9078953788808808
1.9078953788808808
1.9078953788808808
1.9079011837798887
1.9162796594455465
1.9166465844556602
1.9171940183706722
1.918285124614314
1.918285124614314
1.918285124614314
1.918285124614314
1.918285124614314
1.918285124614314
1.918285124614314
1.918285124614314
1.918285124614314
1.3680830632462275
1.711446696297038
1.8771363259552807
1.9170340808210622
1.9432843640278141
1.9508783777354772
1.9522175077314838
1.9651443438875003
1.965419325793427
1.965448854271182
1.9706031939184272
1.9864731612870556
1.9864839099109335
1.9864839099109335
2.003535460420553
2.0049230038959536
2.0093194307159985
2.0093194307159985
2.0156320803313075
2.0156320803313075
2.0156320803313075
2.0156320803313075
2.0156320803313075
2.0156320803313075
2.0156320803313075
1.3680830632462275
1.7671949750844935
1.9318694302786565
1.9810609533943861
1.9921331485537888
1.9921693276043972
2.0065564238322935
2.0133906667597126
2.0133906667597126
2.021107189061265
2.02147500568721
2.0449878670808466
2.0449878670808466
2.0449878670808466
2.0449878670808466
2.0572664246932124
2.0572664246932124
2.0572664246932124
2.0572664246932124
2.0572664246932124
2.0572664246932124
2.0572664246932124
2.0572664246932124
2.0572664246932124
2.0572664246932124
1.3680830632462275
1.7276244820734235
1.8360814028995927
1.8901249128389588
1.9261941939596123
1.9401772062802476
1.9440494273945736
1.9454594646846128
1.9557426460794667
1.965130293292548
1.9821656648198243
1.9866384229606684
1.9866384229606684
1.9866384229606684
1.9866384229606684
1.9902304647688602
1.9902756310224698
1.9905743934721492
1.9905743934721492
1.9905743934721492
1.9905743934721492
1.9905743934721492
1.9905743934721492
1.9905743934721492
1.9905743934721492
1.3680830632462275
1.6951686539357431
1.867886186371548
1.9435157575186024
1.9660904942952597
1.9841361925049559
1.9953181057576568
2.0112221815328324
2.0212411466387117
2.0212911677270067
2.0212911677270067
2.021439951501021
2.021439951501021
2.021439951501021
2.0216094656263754
2.0216094656263754
2.0216094656263754
2.0216094656263754
2.021614212295147
2.021614212295147
2.021614212295147
2.021614212295147
2.021614212295147
2.021614212295147
2.021614212295147
1.3680830632462275
1.7467181405099204
1.8381811630992646
1.866861606217281
1.9287950514525654
1.9518554022390775
1.9697125230288275
1.9901104953717081
1.9965041273955002
2.000816661164961
2.0454651535694985
2.0454696479770496
2.0454704245575814
2.0454704245575814
2.0454704245575814
2.0454704245575814
2.0454704245575814
2.0454704245575814
2.0454704245575814
2.0454704245575814
2.0454704245575814
2.0454704245575814
2.0454770467218233
2.0454770467218233
2.0454770467218233
1.3680830632462275
1.7615103850625218
1.870064382787126
1.9193690162150145
1.9496183684956745
1.9749232589480992
1.974928796085594
1.9816340536307313
1.9830838022854262
1.9830838022854262
1.9831048149186996
1.9901067847022313
1.9901166185589505
1.9901166185589505
1.996373320591582
1.9963994906895794
1.9963994906895794
1.9963994906895794
1.9963994906895794
1.9963994906895794
1.9963994906895794
1.9963994906895794
1.9964110565786912
1.9964110565786912
1.9964110565786912
1.3680830632462275
1.7220329505323986
1.8274692692542147
1.9055094054618356
1.959142321472663
1.974078465924334
1.9741558769586174
1.9741558769586174
1.980427799082599
1.9927181314700249
1.9983938292702754
2.0019789555351566
2.00820301856383
2.009732291489778
2.009732291489778
2.009732291489778
2.009732291489778
2.014897519025997
2.014897519025997
2.014897519025997
2.014897519025997
2.014897519025997
2.014897519025997
2.014897519025997
2.014897519025997
1.3680830632462275
1.7509628324575637
1.8665245039722105
1.9199087054187571
1.9355583964529306
1.9536902084782206
1.960942453324815
1.9649937173824052
1.9748386558896827
1.9764976008400879
1.9764976008400879
1.977033551106916
1.977033551106916
1.9770379298277725
1.9770379298277725
1.9770379298277725
1.9770379298277725
1.9770934993497797
1.9770934993497797
1.9770934993497797
1.9770934993497797
1.9770934993497797
1.9770934993497797
1.9770934993497797
1.9770934993497797
1.3680830632462275
1.8019937716842749
1.8800876514863356
1.9425663974541472
1.958245587303941
1.9605648502896564
1.9605648502896564
1.9605648502896564
1.9944301822728783
2.005723189448765
2.008858803249378
2.0151892360608605
2.0151902381061024
2.032962442048717
2.032962442048717
2.032962442048717
2.032962442048717
2.036769311023602
2.036769311023602
2.036769311023602
2.036769311023602
2.036769311023602
2.036769311023602
2.036769311023602
2.036769311023602
1.3680830632462275
1.6969165517375262
1.7762082393683873
1.8448063408744497
1.903543202107576
1.9355842662386828
1.941797138344384
1.9542629622199783
1.9603585225086597
1.9603585225086597
1.9753429432353107
1.9754068587708502
1.9754068587708502
1.9754068587708502
1.9754208373830626
1.975445100781414
1.9756121899075776
1.9790530693987232
1.9790530693987232
1.9790530693987232
1.9790530693987232
1.9790530693987232
1.9790530693987232
1.9790530693987232
1.9790530693987232
1.3680830632462275
1.779245135619164
1.8794061684870231
1.9652998245743656
1.9715782503918386
1.9720122531137956
1.9756717598459677
2.0017229578563422
2.0028033247422763
2.0028033247422763
2.0028033247422763
2.004743924518745
2.005504440107351
2.005504440107351
2.005504440107351
2.005504440107351
2.005504440107351
2.005504440107351
2.005504440107351
2.005504440107351
2.005504440107351
2.005504440107351
2.005504440107351
2.005504440107351
2.0083290507836264
