1.3680830632462275
1.6826159258771736
1.8260133385969741
1.8613800738007513
1.8733602484796001
1.945036277003072
1.9511783124247184
1.9520277383778115
1.9520277383778115
1.9520277383778115
1.9657088926615027
1.9657088926615027
1.9657088926615027
1.9657279461855723
1.9657695664838521
1.9657695664838521
1.9657695664838521
1.9657695664838521
1.9657695664838521
1.9657695664838521
1.9657695664838521
1.9657695664838521
1.9657695664838521
1.9657695664838521
1.9657695664838521
1.3680830632462275
1.7338072470857404
1.873533651096023
1.9200649324209922
1.9454400975535204
1.9526345181888642
1.9833745443442226
1.9833745443442226
1.994348746127481
2.0016901655162678
2.0016901655162678
2.0016901655162678
2.00171140200215
2.00171140200215
2.00171140200215
2.00171140200215
2.00171140200215
2.00171140200215
2.00171140200215
2.00171140200215
2.00171140200215
2.00171140200215
2.00171140200215
2.00171140200215
2.00171140200215
1.3680830632462275
1.816344379308441
1.9541430035818976
1.9648250953134814
2.0063598535979117
2.008452251443396
2.0118595652127045
2.017415655116545
2.017415655116545
2.017928796923765
2.0242627852821915
2.0271619455805903
2.029665573437932
2.029665573437932
2.029665573437932
2.0323598934576177
2.033581391603438
2.033581391603438
2.035957748259559
2.035957748259559
2.036769311023602
2.036769311023602
2.036769311023602
2.036769311023602
2.036769311023602
1.3680830632462275
1.749064362069906
1.9016736365922902
1.9475893331995182
1.991587969518342
2.018031012584275
2.0199207353025255
2.027449897569216
2.027449897569216
2.036755085537708
2.036769311023602
2.036769311023602
2.036769311023602
2.036769311023602
2.036769311023602
2.036769311023602
2.036769311023602
2.036769311023602
2.036769311023602
2.036769311023602
2.036769311023602
2.036769311023602
2.036769311023602
2.036769311023602
2.036769311023602
