1.3680830632462275
1.6826159258771736
1.8260133385969741
1.8613800738007513
1.8733602484796001
1.945036277003072
1.9511783124247184
1.9520277383778115
1.9520277383778115
1.9520277383778115
1.9657088926615027
1.9657088926615027
1.9657088926615027
1.9657279461855723
1.9657695664838521
1.9657695664838521
1.9657695664838521
1.9657695664838521
1.9657695664838521
1.9657695664838521
1.9657695664838521
1.9657695664838521
1.9657695664838521
1.9657695664838521
1.9657695664838521
1.3680830632462275
1.7338072470857404
1.873533651096023
1.9200649324209922
1.9454400975535204
1.9526345181888642
1.9833745443442226
1.9833745443442226
1.994348746127481
2.0016901655162678
2.0016901655162678
2.0016901655162678
2.00171140200215
2.00171140200215
2.00171140200215
2.00171140200215
2.00171140200215
2.00171140200215
2.00171140200215
2.00171140200215
2.00171140200215
2.00171140200215
2.00171140200215
2.00171140200215
2.00171140200215
1.3680830632462275
1.816344379308441
1.9541430035818976
1.9648250953134814
2.0063598535979117
2.008452251443396
2.0118595652127045
2.017415655116545
2.017415655116545
2.017928796923765
2.0242627852821915
2.0271619455805903
2.029665573437932
2.029665573437932
2.029665573437932
2.0323598934576177
2.033581391603438
2.033581391603438
2.035957748259559
2.035957748259559
2.036769311023602
2.036769311023602
2.036769311023602
2.036769311023602
2.036769311023602
1.3680830632462275
1.749064362069906
1.9016736365922902
1.9475893331995182
1.991587969518342
2.018031012584275
2.0199207353025255
2.027449897569216
2.027449897569216
2.036755085537708
2.036769311023602
2.036769311023602
2.036769311023602
2.036769311023602
2.036769311023602
2.036769311023602
2.036769311023602
2.036769311023602
2.036769311023602
2.036769311023602
2.036769311023602
2.036769311023602
2.036769311023602
2.036769311023602
2.036769311023602
1.3680830632462275
1.7366345042536055
1.8454380164862838
1.9314182278711187
1.9451537005405493
1.9695918528672676
1.9842161280715558
2.0021041485524855
2.0104156932932025
2.0104591613105693
2.017379520302498
2.018295278861416
2.018295278861416
2.024636978707408
2.024636978707408
2.024636978707408
2.024636978707408
2.024636978707408
2.024636978707408
2.024636978707408
2.024636978707408
2.024636978707408
2.024636978707408
2.024636978707408
2.024636978707408
1.3680830632462275
1.6808856687544025
1.7798266476773206
1.8275420184312892
1.882318378995868
1.8942089104938935
1.90206512445309
1.9020737629839055
1.927706064718832
1.927706064718832
1.9564585179062173
1.9626148902038747
1.9626148902038747
1.9639809916178066
1.9639809916178066
1.9657544139547087
1.9657544139547087
1.9657544139547087
1.9657544139547087
1.9657544139547087
1.9657544139547087
1.9657544139547087
1.9657544139547087
1.9657544139547087
1.9657544139547087
1.3680830632462275
1.6837956013328095
1.7712821237110423
1.840647314372252
1.8800465500913177
1.8978637459682246
1.904503957587972
1.9078081284912525
1.9078916074608407
1.9078953788808808
1.9078953788808808
1.9078953788808808
1.9079011837798887
1.9162796594455465
1.9166465844556602
1.9171940183706722
1.918285124614314
1.918285124614314
1.918285124614314
1.918285124614314
1.918285124614314
1.918285124614314
1.918285124614314
1.918285124614314
1.918285124614314
1.3680830632462275
1.711446696297038
1.8771363259552807
1.9170340808210622
1.9432843640278141
1.9508783777354772
1.9522175077314838
1.9651443438875003
1.965419325793427
1.965448854271182
1.9706031939184272
1.9864731612870556
1.9864839099109335
1.9864839099109335
2.003535460420553
2.0049230038959536
2.0093194307159985
2.0093194307159985
2.0156320803313075
2.0156320803313075
2.0156320803313075
2.0156320803313075
2.0156320803313075
2.0156320803313075
2.0156320803313075
1.3680830632462275
1.7671949750844935
1.9318694302786565
1.9810609533943861
1.9921331485537888
1.9921693276043972
2.0065564238322935
2.0133906667597126
2.0133906667597126
2.021107189061265
2.02147500568721
2.0449878670808466
2.0449878670808466
2.0449878670808466
2.0449878670808466
2.0572664246932124
2.0572664246932124
2.0572664246932124
2.0572664246932124
2.0572664246932124
2.0572664246932124
2.0572664246932124
2.0572664246932124
2.0572664246932124
2.0572664246932124
