0.7662337662337663	-0.1850498008084769
0.7857142857142857	-0.19320287543723103
0.7792207792207793	-0.19047995984735094
0.7727272727272727	-0.18643738680242716
0.7792207792207793	-0.19047995984735094
0.7792207792207793	-0.19047995984735094
0.7792207792207793	-0.19047995984735094
0.7792207792207793	-0.19047995984735094
0.7792207792207793	-0.19047995984735094
0.7792207792207793	-0.19047995984735094
0.7792207792207793	-0.19047995984735094
0.7792207792207793	-0.19047995984735094
0.7792207792207793	-0.19047995984735094
0.7792207792207793	-0.19047995984735094
0.7792207792207793	-0.19047995984735094
0.7792207792207793	-0.19047995984735094
0.7792207792207793	-0.19047995984735094
0.7792207792207793	-0.19047995984735094
0.7792207792207793	-0.19047995984735094
0.7792207792207793	-0.19047995984735094
0.7792207792207793	-0.19047995984735094
0.7792207792207793	-0.19047995984735094
0.7792207792207793	-0.19047995984735094
0.7792207792207793	-0.19047995984735094
0.7792207792207793	-0.19047995984735094
0.7792207792207793	-0.19047995984735094
0.7857142857142857	-0.19320287543723103
0.7792207792207793	-0.19047995984735094
0.7792207792207793	-0.19047995984735094
0.7792207792207793	-0.19047995984735094
0.7792207792207793	-0.19047995984735094
0.7792207792207793	-0.19047995984735094
0.7792207792207793	-0.19047995984735094
0.7792207792207793	-0.19047995984735094
0.7792207792207793	-0.19047995984735094
0.7792207792207793	-0.19047995984735094
0.7792207792207793	-0.19047995984735094
0.7792207792207793	-0.19047995984735094
0.7792207792207793	-0.19047995984735094
0.7792207792207793	-0.19047995984735094
0.7792207792207793	-0.19047995984735094
0.7792207792207793	-0.19047995984735094
0.7792207792207793	-0.19047995984735094
0.7792207792207793	-0.19047995984735094
0.7792207792207793	-0.19047995984735094
0.7792207792207793	-0.19047995984735094
0.7792207792207793	-0.19047995984735094
0.7792207792207793	-0.19047995984735094
0.7792207792207793	-0.19047995984735094
0.7792207792207793	-0.19047995984735094
0.7792207792207793	-0.19047995984735094
0.7792207792207793	-0.19047995984735094
0.7792207792207793	-0.19047995984735094
0.7792207792207793	-0.19047995984735094
0.7792207792207793	-0.19047995984735094
0.7792207792207793	-0.19047995984735094
0.7792207792207793	-0.19047995984735094
0.7792207792207793	-0.19047995984735094
0.7792207792207793	-0.19047995984735094
0.7792207792207793	-0.19047995984735094
0.7792207792207793	-0.19047995984735094
0.7792207792207793	-0.19047995984735094
0.7792207792207793	-0.19047995984735094
0.7792207792207793	-0.19047995984735094
0.7792207792207793	-0.19047995984735094
0.7792207792207793	-0.19047995984735094
0.7792207792207793	-0.19047995984735094
0.7792207792207793	-0.19047995984735094
0.7792207792207793	-0.19047995984735094
0.7792207792207793	-0.19047995984735094
0.7857142857142857	-0.19320287543723103
0.7792207792207793	-0.19047995984735094
0.7792207792207793	-0.19047995984735094
0.7792207792207793	-0.19047995984735094
0.7792207792207793	-0.19047995984735094
0.7792207792207793	-0.19047995984735094
0.7792207792207793	-0.19047995984735094
0.7792207792207793	-0.19047995984735094
0.7792207792207793	-0.19047995984735094
0.7792207792207793	-0.19047995984735094
0.7792207792207793	-0.19047995984735094
0.7792207792207793	-0.19047995984735094
0.7792207792207793	-0.19047995984735094
0.7792207792207793	-0.19047995984735094
0.7792207792207793	-0.19047995984735094
0.7792207792207793	-0.19047995984735094
0.7792207792207793	-0.19047995984735094
0.7792207792207793	-0.19047995984735094
0.7792207792207793	-0.19047995984735094
0.7792207792207793	-0.19047995984735094
0.7792207792207793	-0.19047995984735094
0.7792207792207793	-0.19047995984735094
0.7792207792207793	-0.19047995984735094
0.7792207792207793	-0.19047995984735094
0.7792207792207793	-0.19047995984735094
0.7792207792207793	-0.19047995984735094
0.7792207792207793	-0.19047995984735094
0.7792207792207793	-0.19047995984735094
0.7792207792207793	-0.19047995984735094
0.7792207792207793	-0.19047995984735094
0.7792207792207793	-0.19047995984735094
0.7857142857142857	-0.19320287543723103
0.7792207792207793	-0.19047995984735094
0.7792207792207793	-0.19047995984735094
0.7792207792207793	-0.19047995984735094
0.7792207792207793	-0.19047995984735094
0.7792207792207793	-0.19047995984735094
0.7792207792207793	-0.19047995984735094
0.7792207792207793	-0.19047995984735094
0.7792207792207793	-0.19047995984735094
0.7792207792207793	-0.19047995984735094
0.7792207792207793	-0.19047995984735094
0.7792207792207793	-0.19047995984735094
0.7792207792207793	-0.19047995984735094
0.7792207792207793	-0.19047995984735094
0.7792207792207793	-0.19047995984735094
0.7792207792207793	-0.19047995984735094
0.7792207792207793	-0.19047995984735094
0.7792207792207793	-0.19047995984735094
0.7792207792207793	-0.19047995984735094
0.7792207792207793	-0.19047995984735094
0.7792207792207793	-0.19047995984735094
0.7792207792207793	-0.19047995984735094
0.7792207792207793	-0.19047995984735094
0.7792207792207793	-0.19047995984735094
0.7792207792207793	-0.19047995984735094
0.7792207792207793	-0.19047995984735094
0.7792207792207793	-0.19047995984735094
0.7792207792207793	-0.19047995984735094
0.7792207792207793	-0.19047995984735094
0.7792207792207793	-0.19047995984735094
0.7792207792207793	-0.19047995984735094
0.7792207792207793	-0.19047995984735094
0.7792207792207793	-0.19047995984735094
0.7792207792207793	-0.19047995984735094
0.7792207792207793	-0.19047995984735094
0.7792207792207793	-0.19047995984735094
0.7792207792207793	-0.19047995984735094
0.7792207792207793	-0.19047995984735094
0.7792207792207793	-0.19047995984735094
0.7792207792207793	-0.19047995984735094
0.7792207792207793	-0.19047995984735094
0.7792207792207793	-0.19047995984735094
0.7792207792207793	-0.19047995984735094
0.7792207792207793	-0.19047995984735094
0.7792207792207793	-0.19047995984735094
0.7792207792207793	-0.19047995984735094
0.7792207792207793	-0.19047995984735094
0.7792207792207793	-0.19047995984735094
0.7792207792207793	-0.19047995984735094
0.7792207792207793	-0.19047995984735094
0.7792207792207793	-0.19047995984735094
0.7792207792207793	-0.19047995984735094
0.7792207792207793	-0.19047995984735094
0.7792207792207793	-0.19047995984735094
0.7792207792207793	-0.19047995984735094
0.7792207792207793	-0.19047995984735094
0.7792207792207793	-0.19047995984735094
0.7792207792207793	-0.19047995984735094
0.7792207792207793	-0.19047995984735094
0.7792207792207793	-0.19047995984735094
0.7792207792207793	-0.19047995984735094
0.7792207792207793	-0.19047995984735094
0.7792207792207793	-0.19047995984735094
0.7792207792207793	-0.19047995984735094
0.7792207792207793	-0.19047995984735094
0.7792207792207793	-0.19047995984735094
0.7792207792207793	-0.19047995984735094
0.7792207792207793	-0.19047995984735094
0.7792207792207793	-0.19047995984735094
0.7792207792207793	-0.19047995984735094
0.7792207792207793	-0.19047995984735094
0.7792207792207793	-0.19047995984735094
0.7792207792207793	-0.19047995984735094
0.7792207792207793	-0.19047995984735094
0.7792207792207793	-0.19047995984735094
0.7792207792207793	-0.19047995984735094
0.7792207792207793	-0.19047995984735094
0.7792207792207793	-0.19047995984735094
0.7792207792207793	-0.19047995984735094
0.7792207792207793	-0.19047995984735094
0.7792207792207793	-0.19047995984735094
0.7792207792207793	-0.19047995984735094
0.7792207792207793	-0.19047995984735094
0.7792207792207793	-0.19047995984735094
0.7792207792207793	-0.19047995984735094
0.7792207792207793	-0.19047995984735094
0.7792207792207793	-0.19047995984735094
0.7792207792207793	-0.19047995984735094
0.7792207792207793	-0.19047995984735094
0.7792207792207793	-0.19047995984735094
0.7792207792207793	-0.19047995984735094
0.7792207792207793	-0.19047995984735094
0.7792207792207793	-0.19047995984735094
0.7792207792207793	-0.19047995984735094
0.7792207792207793	-0.19047995984735094
0.7792207792207793	-0.19047995984735094
0.7792207792207793	-0.19047995984735094
0.7792207792207793	-0.19047995984735094
0.7792207792207793	-0.19047995984735094
