1.3756637010453516
1.6218410609846334
1.7797997285612646
1.8413631145986744
1.8674733982268532
1.8776053415395908
1.8836525423860908
1.8836525423860908
1.8937454331747643
1.8937454331747643
1.8999636568485316
1.8999880979637993
1.8999880979637993
1.8999880979637993
1.8999880979637993
1.8999880979637993
1.8999880979637993
1.8999880979637993
1.8999880979637993
1.8999880979637993
1.8999880979637993
1.8999880979637993
1.8999880979637993
1.8999880979637993
1.8999880979637993
