1.3756637010453516
1.6218410609846334
1.7797997285612646
1.8413631145986744
1.8674733982268532
1.8776053415395908
1.8836525423860908
1.8836525423860908
1.8937454331747643
1.8937454331747643
1.8999636568485316
1.8999880979637993
1.8999880979637993
1.8999880979637993
1.8999880979637993
1.8999880979637993
1.8999880979637993
1.8999880979637993
1.8999880979637993
1.8999880979637993
1.8999880979637993
1.8999880979637993
1.8999880979637993
1.8999880979637993
1.8999880979637993
1.3756637010453516
1.664316341809643
1.7824734601833316
1.819476317646581
1.8271171015384016
1.8526593621559775
1.8635150022198017
1.863594959747394
1.8645025469063519
1.8645025469063519
1.8645117265627231
1.8645117265627231
1.8645117265627231
1.8645117265627231
1.8648327034821892
1.8672603837494424
1.8715097642291527
1.8715097642291527
1.8715097642291527
1.8715097642291527
1.8715097642291527
1.8715097642291527
1.8715097642291527
1.8715097642291527
1.8715097642291527
1.3756637010453516
1.6595825195080722
1.7636884857267898
1.786301926375782
1.810937886214147
1.8174461410840939
1.832110831101989
1.8420499582086527
1.8600221925753437
1.8644112704492384
1.8707698790065321
1.8707783878822601
1.8707783878822601
1.8707905940073932
1.8800825842127895
1.881892167802934
1.881892167802934
1.8851284662813137
1.8851284662813137
1.8851284662813137
1.8851284662813137
1.8851284662813137
1.8851284662813137
1.8851284662813137
1.8851284662813137
1.3756637010453516
1.7757956908646606
1.8608475946408172
1.8608475946408172
1.8730365225641532
1.8730476970212067
1.873087436140595
1.8753150686491722
1.8792804529712999
1.8792817993632016
1.8792817993632016
1.8792817993632016
1.8792817993632016
1.8792817993632016
1.8792817993632016
1.8792817993632016
1.8792817993632016
1.8792817993632016
1.8792817993632016
1.8792837106023645
1.8793089896213149
1.8793089896213149
1.8793089896213149
1.8793089896213149
1.8793089896213149
1.3756637010453516
1.6357502295527073
1.7322401004991577
1.7866951537278253
1.8274338619856385
1.8577497851272913
1.877976514232265
1.8796426977336849
1.8796435347846856
1.8799818151021421
1.8812912814598775
1.8812912814598775
1.885738436172922
1.885795555302164
1.8860890472172704
1.8860890472172704
1.8860890472172704
1.8860890472172704
1.8860890472172704
1.8860890472172704
1.8860890472172704
1.8860890472172704
1.8860890472172704
1.8860890472172704
1.8860890472172704
1.3756637010453516
1.6609083789434658
1.7814840877252989
1.8166541924267339
1.84976196787053
1.862212171720591
1.8645067596401463
1.8686932002019467
1.8686932002019467
1.8730296872721468
1.873089615605564
1.8792839788281708
1.8792839788281708
1.8792839788281708
1.8792839788281708
1.8793089896213149
1.8793089896213149
1.8793089896213149
1.8793089896213149
1.8793089896213149
1.8793089896213149
1.8793089896213149
1.8793089896213149
1.8793089896213149
1.8793089896213149
1.3756637010453516
1.6848350365611475
1.800413047437444
1.8361510796246254
1.8692295017999412
1.8736165251033854
1.8736165251033854
1.8736165251033854
1.8736165251033854
1.8736165251033854
1.8736165251033854
1.8736165251033854
1.873631501890545
1.873631501890545
1.873631501890545
1.873631501890545
1.873631501890545
1.873631501890545
1.873631501890545
1.873631501890545
1.873631501890545
1.873631501890545
1.873631501890545
1.873631501890545
1.873631501890545
1.3756637010453516
1.6969456596148855
1.775130805731781
1.8381713051625121
1.8439927464444545
1.8673063206268627
1.8694356608135063
1.8711067524381066
1.8754764809985802
1.8754764809985802
1.8807615010370462
1.8807615010370462
1.8807615010370462
1.8807853764523714
1.8807853764523714
1.8807853764523714
1.8807853764523714
1.8807853764523714
1.8807853764523714
1.8807853764523714
1.8807853764523714
1.8807853764523714
1.8807853764523714
1.8807853764523714
1.8807853764523714
1.3756637010453516
1.6138347908341575
1.7168135439117131
1.7769377095921817
1.8029854558470293
1.8127038775304676
1.815657469747275
1.8219396320137253
1.826256459024615
1.8779744841052768
1.877998290985125
1.8941780214395947
1.9025533970990154
1.9025533970990154
1.9025533970990154
1.9025533970990154
1.9025533970990154
1.9025533970990154
1.9025533970990154
1.9025533970990154
1.9025533970990154
1.9025533970990154
1.9025533970990154
1.9025533970990154
1.9025533970990154
1.3756637010453516
1.672221873646082
1.779667751899377
1.8178003564967993
1.820955062170574
1.8436437648909878
1.8511718823043406
1.863703422293774
1.863703422293774
1.8637064249707846
1.8637064249707846
1.8637081886091644
1.8637081886091644
1.8637081886091644
1.863758156060928
1.8637721331702612
1.863818554394136
1.863818554394136
1.863818554394136
1.863818554394136
1.863818554394136
1.863818554394136
1.868162892027418
1.8681685914233261
1.8681685914233261
1.3756637010453516
1.6684357982025464
1.7764539468641287
1.8363726869211072
1.892970345210064
1.9023153679916538
1.9067367701111888
1.9073013196390596
1.9073013196390596
1.9108572476849068
1.9109510840686723
1.9109510840686723
1.9109510840686723
1.9109510840686723
1.9109510840686723
1.9109510840686723
1.9109510840686723
1.9109510840686723
1.9109510840686723
1.9109510840686723
1.9109510840686723
1.9109998260442451
1.9109998260442451
1.9109998260442451
1.9109998260442451
1.3756637010453516
1.643981854330472
1.7714155827626368
1.8037714148934132
1.862369007677067
1.8693925609912747
1.878354022023747
1.8785919741259631
1.8785919741259631
1.8873887653253287
1.887391946740694
1.887391946740694
1.887391946740694
1.887391946740694
1.887391946740694
1.887391946740694
1.887391946740694
1.887391946740694
1.887391946740694
1.887391946740694
1.887391946740694
1.887391946740694
1.887391946740694
1.887391946740694
1.887391946740694
