1.3756637010453516
1.6218410609846334
1.7797997285612646
1.8413631145986744
1.8674733982268532
1.8776053415395908
1.8836525423860908
1.8836525423860908
1.8937454331747643
1.8937454331747643
1.8999636568485316
1.8999880979637993
1.8999880979637993
1.8999880979637993
1.8999880979637993
1.8999880979637993
1.8999880979637993
1.8999880979637993
1.8999880979637993
1.8999880979637993
1.8999880979637993
1.8999880979637993
1.8999880979637993
1.8999880979637993
1.8999880979637993
1.3756637010453516
1.664316341809643
1.7824734601833316
1.819476317646581
1.8271171015384016
1.8526593621559775
1.8635150022198017
1.863594959747394
1.8645025469063519
1.8645025469063519
1.8645117265627231
1.8645117265627231
1.8645117265627231
1.8645117265627231
1.8648327034821892
1.8672603837494424
1.8715097642291527
1.8715097642291527
1.8715097642291527
1.8715097642291527
1.8715097642291527
1.8715097642291527
1.8715097642291527
1.8715097642291527
1.8715097642291527
