1.3756637010453516
1.6218410609846334
1.7797997285612646
1.8413631145986744
1.8674733982268532
1.8776053415395908
1.8836525423860908
1.8836525423860908
1.8937454331747643
1.8937454331747643
1.8999636568485316
1.8999880979637993
1.8999880979637993
1.8999880979637993
1.8999880979637993
1.8999880979637993
1.8999880979637993
1.8999880979637993
1.8999880979637993
1.8999880979637993
1.8999880979637993
1.8999880979637993
1.8999880979637993
1.8999880979637993
1.8999880979637993
1.3756637010453516
1.664316341809643
1.7824734601833316
1.819476317646581
1.8271171015384016
1.8526593621559775
1.8635150022198017
1.863594959747394
1.8645025469063519
1.8645025469063519
1.8645117265627231
1.8645117265627231
1.8645117265627231
1.8645117265627231
1.8648327034821892
1.8672603837494424
1.8715097642291527
1.8715097642291527
1.8715097642291527
1.8715097642291527
1.8715097642291527
1.8715097642291527
1.8715097642291527
1.8715097642291527
1.8715097642291527
1.3756637010453516
1.6595825195080722
1.7636884857267898
1.786301926375782
1.810937886214147
1.8174461410840939
1.832110831101989
1.8420499582086527
1.8600221925753437
1.8644112704492384
1.8707698790065321
1.8707783878822601
1.8707783878822601
1.8707905940073932
1.8800825842127895
1.881892167802934
1.881892167802934
1.8851284662813137
1.8851284662813137
1.8851284662813137
1.8851284662813137
1.8851284662813137
1.8851284662813137
1.8851284662813137
1.8851284662813137
1.3756637010453516
1.7757956908646606
1.8608475946408172
1.8608475946408172
1.8730365225641532
1.8730476970212067
1.873087436140595
1.8753150686491722
1.8792804529712999
1.8792817993632016
1.8792817993632016
1.8792817993632016
1.8792817993632016
1.8792817993632016
1.8792817993632016
1.8792817993632016
1.8792817993632016
1.8792817993632016
1.8792817993632016
1.8792837106023645
1.8793089896213149
1.8793089896213149
1.8793089896213149
1.8793089896213149
1.8793089896213149
1.3756637010453516
1.6357502295527073
1.7322401004991577
1.7866951537278253
1.8274338619856385
1.8577497851272913
1.877976514232265
1.8796426977336849
1.8796435347846856
1.8799818151021421
1.8812912814598775
1.8812912814598775
1.885738436172922
1.885795555302164
1.8860890472172704
1.8860890472172704
1.8860890472172704
1.8860890472172704
1.8860890472172704
1.8860890472172704
1.8860890472172704
1.8860890472172704
1.8860890472172704
1.8860890472172704
1.8860890472172704
1.3756637010453516
1.6609083789434658
1.7814840877252989
1.8166541924267339
1.84976196787053
1.862212171720591
1.8645067596401463
1.8686932002019467
1.8686932002019467
1.8730296872721468
1.873089615605564
1.8792839788281708
1.8792839788281708
1.8792839788281708
1.8792839788281708
1.8793089896213149
1.8793089896213149
1.8793089896213149
1.8793089896213149
1.8793089896213149
1.8793089896213149
1.8793089896213149
1.8793089896213149
1.8793089896213149
1.8793089896213149
1.3756637010453516
1.6848350365611475
1.800413047437444
1.8361510796246254
1.8692295017999412
1.8736165251033854
1.8736165251033854
1.8736165251033854
1.8736165251033854
1.8736165251033854
1.8736165251033854
1.8736165251033854
1.873631501890545
1.873631501890545
1.873631501890545
1.873631501890545
1.873631501890545
1.873631501890545
1.873631501890545
1.873631501890545
1.873631501890545
1.873631501890545
1.873631501890545
1.873631501890545
1.873631501890545
1.3756637010453516
1.6969456596148855
1.775130805731781
1.8381713051625121
1.8439927464444545
1.8673063206268627
1.8694356608135063
1.8711067524381066
1.8754764809985802
1.8754764809985802
1.8807615010370462
1.8807615010370462
1.8807615010370462
1.8807853764523714
1.8807853764523714
1.8807853764523714
1.8807853764523714
1.8807853764523714
1.8807853764523714
1.8807853764523714
1.8807853764523714
1.8807853764523714
1.8807853764523714
1.8807853764523714
1.8807853764523714
1.3756637010453516
1.6138347908341575
1.7168135439117131
1.7769377095921817
1.8029854558470293
1.8127038775304676
1.815657469747275
1.8219396320137253
1.826256459024615
1.8779744841052768
1.877998290985125
1.8941780214395947
1.9025533970990154
1.9025533970990154
1.9025533970990154
1.9025533970990154
1.9025533970990154
1.9025533970990154
1.9025533970990154
1.9025533970990154
1.9025533970990154
1.9025533970990154
1.9025533970990154
1.9025533970990154
1.9025533970990154
1.3756637010453516
1.672221873646082
1.779667751899377
1.8178003564967993
1.820955062170574
1.8436437648909878
1.8511718823043406
1.863703422293774
1.863703422293774
1.8637064249707846
1.8637064249707846
1.8637081886091644
1.8637081886091644
1.8637081886091644
1.863758156060928
1.8637721331702612
1.863818554394136
1.863818554394136
1.863818554394136
1.863818554394136
1.863818554394136
1.863818554394136
1.868162892027418
1.8681685914233261
1.8681685914233261
1.3756637010453516
1.6684357982025464
1.7764539468641287
1.8363726869211072
1.892970345210064
1.9023153679916538
1.9067367701111888
1.9073013196390596
1.9073013196390596
1.9108572476849068
1.9109510840686723
1.9109510840686723
1.9109510840686723
1.9109510840686723
1.9109510840686723
1.9109510840686723
1.9109510840686723
1.9109510840686723
1.9109510840686723
1.9109510840686723
1.9109510840686723
1.9109998260442451
1.9109998260442451
1.9109998260442451
1.9109998260442451
1.3756637010453516
1.643981854330472
1.7714155827626368
1.8037714148934132
1.862369007677067
1.8693925609912747
1.878354022023747
1.8785919741259631
1.8785919741259631
1.8873887653253287
1.887391946740694
1.887391946740694
1.887391946740694
1.887391946740694
1.887391946740694
1.887391946740694
1.887391946740694
1.887391946740694
1.887391946740694
1.887391946740694
1.887391946740694
1.887391946740694
1.887391946740694
1.887391946740694
1.887391946740694
1.3756637010453516
1.6557252304693018
1.771194224001649
1.7931958262382073
1.8129752616589976
1.8194868462571945
1.823837846418987
1.8349161487339258
1.8354585502595577
1.8490167835049236
1.8621848473906635
1.869744378522441
1.8697479684185754
1.8697629160063316
1.8761998815329923
1.8824240359990665
1.882446266177392
1.882446266177392
1.882529292359427
1.882529292359427
1.882529292359427
1.882529292359427
1.882529292359427
1.882529292359427
1.8869130852930418
1.3756637010453516
1.6722422756364272
1.759964834242939
1.7646970456281639
1.7759967154338774
1.7922125544159628
1.8245512283016583
1.8398112772669257
1.8442046911806158
1.8595410482597727
1.859548832511021
1.8595548157259842
1.8595548157259842
1.8595548157259842
1.8595548157259842
1.8595548157259842
1.8639000054363095
1.8639000054363095
1.8639000054363095
1.8639000054363095
1.8639000054363095
1.8639338154272056
1.8639338154272056
1.8639338154272056
1.8639338154272056
1.3756637010453516
1.7045086030187109
1.7728859050824797
1.8082802101375481
1.8368057026258016
1.8686540961804166
1.8818210026751256
1.8838660978760517
1.883898489696803
1.889047432482806
1.889047432482806
1.8901044092295105
1.8901044092295105
1.8901057556214123
1.8901057556214123
1.8901057556214123
1.8901057556214123
1.8901057556214123
1.8901057556214123
1.8901057556214123
1.8901057556214123
1.896294917487812
1.9041959830595168
1.9041959830595168
1.9041959830595168
1.3756637010453516
1.7319161585389227
1.7975523267515259
1.8248667757587163
1.852310321189569
1.8697739811571752
1.8697739811571752
1.8779843693515295
1.8779843693515295
1.8779843693515295
1.8779854010196093
1.877990165629636
1.8779902698576552
1.8779902698576552
1.8779960519624008
1.8779960519624008
1.8779960519624008
1.8779960519624008
1.8779960519624008
1.8779960519624008
1.8779960519624008
1.8779960519624008
1.879274784145757
1.879277366165563
1.879277366165563
1.3756637010453516
1.5905022104202566
1.7169011918376793
1.746034834200783
1.7687165706248675
1.785110423043652
1.8178581664079552
1.843858112470288
1.8513592324564665
1.8733971561360396
1.8793222301497925
1.8793222301497925
1.8836485722073752
1.8836485722073752
1.8836880810171426
1.8836880810171426
1.8836880810171426
1.8837024705851781
1.888079865805362
1.888079865805362
1.8880884298958878
1.8880884298958878
1.8880884298958878
1.8880884298958878
1.8880884298958878
1.3756637010453516
1.7311032281693917
1.7901046241692984
1.8234729870607396
1.8374065402717648
1.8651925826084361
1.8652731511469036
1.8696383751246544
1.8749840876078043
1.8798672649134243
1.8798704463287896
1.8799491953881158
1.8827826143478656
1.8827826143478656
1.8827826143478656
1.887391946740694
1.887391946740694
1.887391946740694
1.887391946740694
1.8907929228721851
1.8907929228721851
1.8907929228721851
1.8907929228721851
1.8907929228721851
1.890826280491268
1.3756637010453516
1.6532550797803465
1.7619175564808849
1.7944560583030245
1.7959530918787043
1.8185916219282576
1.8403000424515803
1.8403092221079516
1.848921518694949
1.848921518694949
1.8489396700699332
1.8512454568217576
1.8512454568217576
1.8512454568217576
1.8512454568217576
1.8512454568217576
1.8512494679423035
1.8512494679423035
1.8512494679423035
1.8512494679423035
1.8512494679423035
1.8512494679423035
1.8512494679423035
1.8512494679423035
1.8512494679423035
