1.3756637010453516
1.6218410609846334
1.7797997285612646
1.8413631145986744
1.8674733982268532
1.8776053415395908
1.8836525423860908
1.8836525423860908
1.8937454331747643
1.8937454331747643
1.8999636568485316
1.8999880979637993
1.8999880979637993
1.8999880979637993
1.8999880979637993
1.8999880979637993
1.8999880979637993
1.8999880979637993
1.8999880979637993
1.8999880979637993
1.8999880979637993
1.8999880979637993
1.8999880979637993
1.8999880979637993
1.8999880979637993
1.3756637010453516
1.664316341809643
1.7824734601833316
1.819476317646581
1.8271171015384016
1.8526593621559775
1.8635150022198017
1.863594959747394
1.8645025469063519
1.8645025469063519
1.8645117265627231
1.8645117265627231
1.8645117265627231
1.8645117265627231
1.8648327034821892
1.8672603837494424
1.8715097642291527
1.8715097642291527
1.8715097642291527
1.8715097642291527
1.8715097642291527
1.8715097642291527
1.8715097642291527
1.8715097642291527
1.8715097642291527
1.3756637010453516
1.6595825195080722
1.7636884857267898
1.786301926375782
1.810937886214147
1.8174461410840939
1.832110831101989
1.8420499582086527
1.8600221925753437
1.8644112704492384
1.8707698790065321
1.8707783878822601
1.8707783878822601
1.8707905940073932
1.8800825842127895
1.881892167802934
1.881892167802934
1.8851284662813137
1.8851284662813137
1.8851284662813137
1.8851284662813137
1.8851284662813137
1.8851284662813137
1.8851284662813137
1.8851284662813137
1.3756637010453516
1.7757956908646606
1.8608475946408172
1.8608475946408172
1.8730365225641532
1.8730476970212067
1.873087436140595
1.8753150686491722
1.8792804529712999
1.8792817993632016
1.8792817993632016
1.8792817993632016
1.8792817993632016
1.8792817993632016
1.8792817993632016
1.8792817993632016
1.8792817993632016
1.8792817993632016
1.8792817993632016
1.8792837106023645
1.8793089896213149
1.8793089896213149
1.8793089896213149
1.8793089896213149
1.8793089896213149
1.3756637010453516
1.6357502295527073
1.7322401004991577
1.7866951537278253
1.8274338619856385
1.8577497851272913
1.877976514232265
1.8796426977336849
1.8796435347846856
1.8799818151021421
1.8812912814598775
1.8812912814598775
1.885738436172922
1.885795555302164
1.8860890472172704
1.8860890472172704
1.8860890472172704
1.8860890472172704
1.8860890472172704
1.8860890472172704
1.8860890472172704
1.8860890472172704
1.8860890472172704
1.8860890472172704
1.8860890472172704
