1.3568703756095848
1.5593975042770176
1.6492420503056555
1.731154601267416
1.7741550560928778
1.805452249435044
1.8054736425623688
1.8054858560333222
1.8054858560333222
1.8054858560333222
1.8054858560333222
1.8054858560333222
1.8054858560333222
1.8054957036207298
1.8054957036207298
1.8054957036207298
1.8054957036207298
1.8054957036207298
1.8054957036207298
1.8054957036207298
1.8054957036207298
1.8054957036207298
1.8054957036207298
1.8054957036207298
1.8054957036207298
1.3568703756095848
1.5136504806466535
1.6450835609030872
1.6921070874020387
1.729613760674521
1.7425052387069202
1.7436982897822453
1.749980000918519
1.7508089774016127
1.7550015369198926
1.7550015369198926
1.7550015369198926
1.7550015369198926
1.7612179862577317
1.7643505280319587
1.7643555841412633
1.7643555841412633
1.7643555841412633
1.7643555841412633
1.7645461313497148
1.7645481334962174
1.7645481334962174
1.7645481334962174
1.7645481334962174
1.7645481334962174
1.3568703756095848
1.5713366803909683
1.6676874998512468
1.704492045948608
1.7346604841675157
1.7444782413890745
1.749807863348047
1.7498080437917651
1.7498080437917651
1.7498080437917651
1.7498080437917651
1.753181930715598
1.758696742402459
1.7629302398312459
1.7629302398312459
1.7724019305551963
1.7724030956506982
1.7724641122868814
1.7778769909182657
1.7778769909182657
1.7779200054856108
1.7804286898023554
1.786597594848179
1.7866138612909568
1.8016251490712054
1.3568703756095848
1.5258533097306979
1.6745845848435512
1.7382315754776818
1.748596436404652
1.7513077145807663
1.755510472102818
1.761127165250903
1.7616050956763283
1.7616050956763283
1.7616050956763283
1.7616050956763283
1.7616050956763283
1.7662289847385295
1.7662289847385295
1.7662289847385295
1.7662695340408419
1.771320695572987
1.771406720509113
1.771406720509113
1.771497737625811
1.7873472212367099
1.7873472212367099
1.7873472212367099
1.7873472212367099
1.3568703756095848
1.580950986686391
1.7083564058014429
1.7508293899441363
1.7800633146112501
1.7970066352923824
1.8017800072466625
1.8174473895562462
1.8174788976441032
1.8315150060143726
1.840187860615236
1.86127084388571
1.8683448770206483
1.8683677969835932
1.8683677969835932
1.8683677969835932
1.8683677969835932
1.8683677969835932
1.8683677969835932
1.8683677969835932
1.8683677969835932
1.8683677969835932
1.8683677969835932
1.8683677969835932
1.8683677969835932
1.3568703756095848
1.5227616709608205
1.6872307747487778
1.7267272650387868
1.779408439954197
1.792029394938832
1.7968974598139442
1.7969181178457172
1.7969181178457172
1.7969397178253135
1.7969398548962674
1.7969398548962674
1.7969398548962674
1.7989174333149065
1.8032414968016788
1.8032414968016788
1.8032414968016788
1.8032414968016788
1.8032414968016788
1.8032414968016788
1.8032414968016788
1.8032414968016788
1.8032414968016788
1.8032414968016788
1.8032414968016788
1.3568703756095848
1.547346956552192
1.6963625894730059
1.7197993145286954
1.7469429693210923
1.758710364083123
1.7672562854261733
1.7835161191208109
1.8059822948528619
1.8251718729293134
1.8314887070349386
1.835798803834523
1.835798803834523
1.835798803834523
1.8358401111225298
1.8358401111225298
1.8358401111225298
1.8358401111225298
1.8358401111225298
1.8358401111225298
1.8358401111225298
1.8358401111225298
1.8358401111225298
1.8358401111225298
1.8358401111225298
1.3568703756095848
1.5341251892652317
1.6759386684436315
1.6835037145926903
1.698919781591493
1.7150796236816217
1.7238908128114114
1.7239068427858315
1.7245868793076635
1.7245868793076635
1.7245868793076635
1.7287698926416788
1.7287698926416788
1.7287698926416788
1.73087527385551
1.7408703693327998
1.756536201721004
1.7665520582186376
1.771125502508339
1.771125502508339
1.771125502508339
1.771125502508339
1.771125502508339
1.7711295360007475
1.7711295360007475
1.3568703756095848
1.467516925393476
1.5397034878811904
1.6077481226000627
1.6278989928644096
1.6896986670030902
1.7241085360875164
1.7427713504204232
1.7427826441315382
1.7492975794257255
1.7633235467524615
1.7692675143684742
1.7731285606017944
1.7773741258976767
1.7773741258976767
1.7773741258976767
1.7773741258976767
1.7773741258976767
1.7773741258976767
1.7773741258976767
1.7773741258976767
1.777374198988124
1.7780993757695098
1.7780993757695098
1.7781108029080472
1.3568703756095848
1.5264162327658275
1.6284929424792214
1.6698179575528573
1.681707877052759
1.6998910441662793
1.747351673238634
1.7587602932234108
1.7636651169857627
1.7679416890432247
1.7697651031834567
1.7697651031834567
1.7697651031834567
1.7697651031834567
1.7697651031834567
1.7697651031834567
1.7735988232083952
1.7735988232083952
1.7735988232083952
1.7736013800067316
1.7736013800067316
1.7736013800067316
1.7736013800067316
1.7736013800067316
1.7736013800067316
1.3568703756095848
1.5598281092557642
1.6553302835949308
1.7176614501226704
1.7473143093544359
1.762865178304359
1.7628928186518846
1.7628928186518846
1.7628928186518846
1.7628928186518846
1.7628928186518846
1.7628928186518846
1.7628928186518846
1.7628928186518846
1.7628928186518846
1.7628928186518846
1.76708071949352
1.76708071949352
1.76708071949352
1.76708071949352
1.76708071949352
1.76708071949352
1.76708071949352
1.76708071949352
1.76708071949352
1.3568703756095848
1.5147903624708428
1.6308742574551085
1.7017325832702013
1.7291370504175643
1.7583377566391167
1.7710293334972618
1.7776199010137155
1.7776280668188995
1.7776280668188995
1.7776280668188995
1.7776376439079309
1.7776376439079309
1.7776376439079309
1.7776376439079309
1.7776376439079309
1.7776376439079309
1.7776376439079309
1.7776376439079309
1.7776376439079309
1.7776376439079309
1.7776376439079309
1.7776376439079309
1.7776376439079309
1.7776376439079309
1.3568703756095848
1.4730609262866743
1.5958222831336948
1.6504631120713913
1.712368191470595
1.7292405083926288
1.739481596819878
1.7559001983982492
1.755942480142613
1.7559586874354993
1.7559586874354993
1.7559586874354993
1.7559586874354993
1.7571053468281566
1.7571053468281566
1.7571075509375584
1.7571075509375584
1.7571075509375584
1.765727722624387
1.7664444839726718
1.7706670230806651
1.7727481610690403
1.7727481610690403
1.7727481610690403
1.7727481610690403
1.3568703756095848
1.5750963917112484
1.668363429893363
1.6868971716581016
1.7139572279271005
1.7225080125280163
1.7523279611571818
1.7586535582720573
1.7647127757778989
1.7647127757778989
1.7767205685709648
1.7767205685709648
1.7767205685709648
1.7767205685709648
1.7767205685709648
1.7767205685709648
1.776737966456468
1.776737966456468
1.776737966456468
1.776737966456468
1.776737966456468
1.776737966456468
1.776737966456468
1.776737966456468
1.776737966456468
1.3568703756095848
1.5047700560067698
1.5609248473319148
1.6303847792295985
1.630418431991491
1.6405293628232824
1.6531842897518574
1.654174934230501
1.654174934230501
1.654174934230501
1.6553626509453194
1.6586010734713974
1.661136460383287
1.661136460383287
1.661136460383287
1.661136460383287
1.661136460383287
1.661136460383287
1.661136460383287
1.661136460383287
1.661136460383287
1.661136460383287
1.661136460383287
1.661136460383287
1.661136460383287
1.3568703756095848
1.5245439868819397
1.613865269860144
1.6995549659166693
1.7499117980083791
1.769025258223922
1.7778473448994183
1.7966459271772024
1.800521541684514
1.8047818704809027
1.8070366708256815
1.822274647368841
1.8396441246844795
1.8452770548490476
1.8452770548490476
1.8452770548490476
1.8452770548490476
1.8452808348072907
1.845339920539101
1.84965456495977
1.84965456495977
1.84965456495977
1.84965456495977
1.84965456495977
1.84965456495977
