1.3568703756095848
1.5593975042770176
1.6492420503056555
1.731154601267416
1.7741550560928778
1.805452249435044
1.8054736425623688
1.8054858560333222
1.8054858560333222
1.8054858560333222
1.8054858560333222
1.8054858560333222
1.8054858560333222
1.8054957036207298
1.8054957036207298
1.8054957036207298
1.8054957036207298
1.8054957036207298
1.8054957036207298
1.8054957036207298
1.8054957036207298
1.8054957036207298
1.8054957036207298
1.8054957036207298
1.8054957036207298
1.3568703756095848
1.5136504806466535
1.6450835609030872
1.6921070874020387
1.729613760674521
1.7425052387069202
1.7436982897822453
1.749980000918519
1.7508089774016127
1.7550015369198926
1.7550015369198926
1.7550015369198926
1.7550015369198926
1.7612179862577317
1.7643505280319587
1.7643555841412633
1.7643555841412633
1.7643555841412633
1.7643555841412633
1.7645461313497148
1.7645481334962174
1.7645481334962174
1.7645481334962174
1.7645481334962174
1.7645481334962174
