1.3568703756095848
1.5593975042770176
1.6492420503056555
1.731154601267416
1.7741550560928778
1.805452249435044
1.8054736425623688
1.8054858560333222
1.8054858560333222
1.8054858560333222
1.8054858560333222
1.8054858560333222
1.8054858560333222
1.8054957036207298
1.8054957036207298
1.8054957036207298
1.8054957036207298
1.8054957036207298
1.8054957036207298
1.8054957036207298
1.8054957036207298
1.8054957036207298
1.8054957036207298
1.8054957036207298
1.8054957036207298
1.3568703756095848
1.5136504806466535
1.6450835609030872
1.6921070874020387
1.729613760674521
1.7425052387069202
1.7436982897822453
1.749980000918519
1.7508089774016127
1.7550015369198926
1.7550015369198926
1.7550015369198926
1.7550015369198926
1.7612179862577317
1.7643505280319587
1.7643555841412633
1.7643555841412633
1.7643555841412633
1.7643555841412633
1.7645461313497148
1.7645481334962174
1.7645481334962174
1.7645481334962174
1.7645481334962174
1.7645481334962174
1.3568703756095848
1.5713366803909683
1.6676874998512468
1.704492045948608
1.7346604841675157
1.7444782413890745
1.749807863348047
1.7498080437917651
1.7498080437917651
1.7498080437917651
1.7498080437917651
1.753181930715598
1.758696742402459
1.7629302398312459
1.7629302398312459
1.7724019305551963
1.7724030956506982
1.7724641122868814
1.7778769909182657
1.7778769909182657
1.7779200054856108
1.7804286898023554
1.786597594848179
1.7866138612909568
1.8016251490712054
1.3568703756095848
1.5258533097306979
1.6745845848435512
1.7382315754776818
1.748596436404652
1.7513077145807663
1.755510472102818
1.761127165250903
1.7616050956763283
1.7616050956763283
1.7616050956763283
1.7616050956763283
1.7616050956763283
1.7662289847385295
1.7662289847385295
1.7662289847385295
1.7662695340408419
1.771320695572987
1.771406720509113
1.771406720509113
1.771497737625811
1.7873472212367099
1.7873472212367099
1.7873472212367099
1.7873472212367099
1.3568703756095848
1.580950986686391
1.7083564058014429
1.7508293899441363
1.7800633146112501
1.7970066352923824
1.8017800072466625
1.8174473895562462
1.8174788976441032
1.8315150060143726
1.840187860615236
1.86127084388571
1.8683448770206483
1.8683677969835932
1.8683677969835932
1.8683677969835932
1.8683677969835932
1.8683677969835932
1.8683677969835932
1.8683677969835932
1.8683677969835932
1.8683677969835932
1.8683677969835932
1.8683677969835932
1.8683677969835932
