1.9216653274329334
2.3113627635315876
2.3113627635315876
2.364641014150583
2.364641014150583
2.364641014150583
2.364641014150583
2.364641014150583
2.364641014150583
2.364641014150583
2.364641014150583
2.364641014150583
2.364641014150583
2.364641014150583
2.364641014150583
2.364641014150583
2.364641014150583
2.364641014150583
2.364641014150583
2.364641014150583
2.364641014150583
2.364641014150583
2.364641014150583
2.364641014150583
2.364641014150583
1.9216653274329334
2.3113627635315876
2.372881214098244
2.372881214098244
2.372881214098244
2.372881214098244
2.372881214098244
2.372881214098244
2.372881214098244
2.418517113619875
2.418517113619875
2.418517113619875
2.418517113619875
2.418517113619875
2.418517113619875
2.418517113619875
2.418517113619875
2.418517113619875
2.418517113619875
2.418517113619875
2.418517113619875
2.418517113619875
2.418517113619875
2.418517113619875
2.418517113619875
