1.329750088275159
1.7528606740233077
1.8982499291114756
1.9097685618508895
1.9273378054998436
1.9310558525914847
1.9310558525914847
1.9310558525914847
1.952172861282692
1.952172861282692
1.952172861282692
1.952172861282692
1.952172861282692
1.952172861282692
1.9521891047472617
1.9521971944065857
1.9521971944065857
1.9528717614888393
1.9528717614888393
1.9528717614888393
1.9528717614888393
1.9539297399561992
1.9539297399561992
1.9539297399561992
1.9539297399561992
1.329750088275159
1.721269494353426
1.8020666399032026
1.8198450666610775
1.8516714159160192
1.8538898871007845
1.8538898871007845
1.8538898871007845
1.8539028620556537
1.8539167870748452
1.8540001884504664
1.8540001884504664
1.8540137085013908
1.8540137085013908
1.8540137085013908
1.8540167301374093
1.8631214862512109
1.8631214862512109
1.8631214862512109
1.8631214862512109
1.8631214862512109
1.8631214862512109
1.8631214862512109
1.8653516449606624
1.8653516449606624
1.329750088275159
1.6962241164522907
1.834138271462593
1.8355409705651837
1.8493935111968935
1.8552363911334253
1.8553073696498719
1.8553073696498719
1.856323263767383
1.862238706382011
1.862246236313772
1.862246236313772
1.862246236313772
1.862246236313772
1.862246236313772
1.862246236313772
1.862246236313772
1.862246236313772
1.862246236313772
1.862246236313772
1.862246236313772
1.862246236313772
1.862246236313772
1.862246236313772
1.862246236313772
1.329750088275159
1.643122650672745
1.777820549543579
1.8144851844048175
1.8203790371060682
1.8212155023696899
1.821241511781128
1.8212468657507161
1.8237264158309205
1.8384688123466508
1.8444591880656718
1.8444988155696853
1.8504450736737201
1.8504457361796587
1.8504457361796587
1.8504457361796587
1.8504457361796587
1.8504457361796587
1.8504457361796587
1.8504457361796587
1.8525632430212091
1.8550376454113657
1.8550376454113657
1.8598227264355707
1.8598227264355707
1.329750088275159
1.6577550818832958
1.7818447224725324
1.8333845331878367
1.8333855759177804
1.8421052730681295
1.854780871331056
1.854780871331056
1.854780871331056
1.854780871331056
1.8548191165658223
1.8548191165658223
1.8548191165658223
1.8548191165658223
1.8548191165658223
1.8548191165658223
1.8548191165658223
1.8548191165658223
1.8548191165658223
1.854850846822388
1.854945030066803
1.8592614151898497
1.8592614151898497
1.8592614151898497
1.8825295646678466
1.329750088275159
1.7310227759829337
1.8057691171247623
1.8287972743994179
1.8347422246039697
1.8422599287009356
1.8422928467626245
1.8482119649074684
1.848214009682654
1.8482225555478486
1.848234238735756
1.848234238735756
1.848234238735756
1.848234238735756
1.848234238735756
1.848234238735756
1.848234238735756
1.848234238735756
1.848234238735756
1.848234238735756
1.848234238735756
1.848234238735756
1.848234238735756
1.848234238735756
1.848234238735756
1.329750088275159
1.685009014364993
1.8209971274275751
1.8844161226725133
1.903980835440584
1.916169614410314
1.9187765512640096
1.921418706119305
1.9275500566228485
1.9275500566228485
1.9275500566228485
1.9275500566228485
1.9275500566228485
1.9276167734437044
1.9276167734437044
1.9276167734437044
1.9276167734437044
1.9276167734437044
1.9276167734437044
1.9276167734437044
1.9276167734437044
1.9276167734437044
1.9276167734437044
1.9276167734437044
1.9276167734437044
1.329750088275159
1.6895374770505545
1.7899584770303576
1.8206647657800343
1.8244104195363238
1.8244337429831075
1.8261340104499362
1.8262930973059466
1.8262930973059466
1.8262930973059466
1.8262930973059466
1.8306230391959444
1.8306230391959444
1.8306230391959444
1.8306230391959444
1.8306230391959444
1.8306230391959444
1.8306230391959444
1.830734547392382
1.830734547392382
1.830734547392382
1.830734547392382
1.830734547392382
1.830734547392382
1.830734547392382
1.329750088275159
1.6920307222617827
1.8046510481149438
1.8511223449149747
1.8524011871805208
1.8566092897839386
1.857817807155434
1.857817807155434
1.8607321136397128
1.8607338793571677
1.8607338793571677
1.8607338793571677
1.8607338793571677
1.8607338793571677
1.8619442645793636
1.8638284311788
1.8638284311788
1.8638284311788
1.8638284311788
1.8638284311788
1.8638284311788
1.8697360014775395
1.8697360014775395
1.8697360014775395
1.8697360014775395
1.329750088275159
1.667139560736176
1.796963075992641
1.8739103825778214
1.9053308575199865
1.9114493809394042
1.9114493809394042
1.9114493809394042
1.9114493809394042
1.9114493809394042
1.9114493809394042
1.914485322924616
1.914485322924616
1.914485322924616
1.9218315641306023
1.9218485514705141
1.9218616860209825
1.9218628867344238
1.9218628867344238
1.9218628867344238
1.9218628867344238
1.9218628867344238
1.9218628867344238
1.9218628867344238
1.9218628867344238
1.329750088275159
1.7099889605833953
1.8519672704426784
1.8763568453287116
1.8990922894228055
1.8990922894228055
1.9005710718555862
1.90666855584522
1.90666855584522
1.90666855584522
1.90666855584522
1.90666855584522
1.90666855584522
1.90666855584522
1.90666855584522
1.90666855584522
1.90666855584522
1.90666855584522
1.90666855584522
1.90666855584522
1.90666855584522
1.90666855584522
1.90666855584522
1.90666855584522
1.90666855584522
1.329750088275159
1.6627340890995745
1.8065420570921973
1.8212529440824934
1.83254450695018
1.8325987219793236
1.83260382207559
1.8342019739989037
1.8342019739989037
1.8342019739989037
1.837150064449028
1.837150064449028
1.837150064449028
1.837150064449028
1.837150064449028
1.8371683965976877
1.8393287508889398
1.8393287508889398
1.8393287508889398
1.8393287508889398
1.8393287508889398
1.8393287508889398
1.839358464146703
1.839358464146703
1.839358464146703
