1.329750088275159
1.7528606740233077
1.8982499291114756
1.9097685618508895
1.9273378054998436
1.9310558525914847
1.9310558525914847
1.9310558525914847
1.952172861282692
1.952172861282692
1.952172861282692
1.952172861282692
1.952172861282692
1.952172861282692
1.9521891047472617
1.9521971944065857
1.9521971944065857
1.9528717614888393
1.9528717614888393
1.9528717614888393
1.9528717614888393
1.9539297399561992
1.9539297399561992
1.9539297399561992
1.9539297399561992
1.329750088275159
1.721269494353426
1.8020666399032026
1.8198450666610775
1.8516714159160192
1.8538898871007845
1.8538898871007845
1.8538898871007845
1.8539028620556537
1.8539167870748452
1.8540001884504664
1.8540001884504664
1.8540137085013908
1.8540137085013908
1.8540137085013908
1.8540167301374093
1.8631214862512109
1.8631214862512109
1.8631214862512109
1.8631214862512109
1.8631214862512109
1.8631214862512109
1.8631214862512109
1.8653516449606624
1.8653516449606624
1.329750088275159
1.6962241164522907
1.834138271462593
1.8355409705651837
1.8493935111968935
1.8552363911334253
1.8553073696498719
1.8553073696498719
1.856323263767383
1.862238706382011
1.862246236313772
1.862246236313772
1.862246236313772
1.862246236313772
1.862246236313772
1.862246236313772
1.862246236313772
1.862246236313772
1.862246236313772
1.862246236313772
1.862246236313772
1.862246236313772
1.862246236313772
1.862246236313772
1.862246236313772
1.329750088275159
1.643122650672745
1.777820549543579
1.8144851844048175
1.8203790371060682
1.8212155023696899
1.821241511781128
1.8212468657507161
1.8237264158309205
1.8384688123466508
1.8444591880656718
1.8444988155696853
1.8504450736737201
1.8504457361796587
1.8504457361796587
1.8504457361796587
1.8504457361796587
1.8504457361796587
1.8504457361796587
1.8504457361796587
1.8525632430212091
1.8550376454113657
1.8550376454113657
1.8598227264355707
1.8598227264355707
1.329750088275159
1.6577550818832958
1.7818447224725324
1.8333845331878367
1.8333855759177804
1.8421052730681295
1.854780871331056
1.854780871331056
1.854780871331056
1.854780871331056
1.8548191165658223
1.8548191165658223
1.8548191165658223
1.8548191165658223
1.8548191165658223
1.8548191165658223
1.8548191165658223
1.8548191165658223
1.8548191165658223
1.854850846822388
1.854945030066803
1.8592614151898497
1.8592614151898497
1.8592614151898497
1.8825295646678466
1.329750088275159
1.7310227759829337
1.8057691171247623
1.8287972743994179
1.8347422246039697
1.8422599287009356
1.8422928467626245
1.8482119649074684
1.848214009682654
1.8482225555478486
1.848234238735756
1.848234238735756
1.848234238735756
1.848234238735756
1.848234238735756
1.848234238735756
1.848234238735756
1.848234238735756
1.848234238735756
1.848234238735756
1.848234238735756
1.848234238735756
1.848234238735756
1.848234238735756
1.848234238735756
1.329750088275159
1.685009014364993
1.8209971274275751
1.8844161226725133
1.903980835440584
1.916169614410314
1.9187765512640096
1.921418706119305
1.9275500566228485
1.9275500566228485
1.9275500566228485
1.9275500566228485
1.9275500566228485
1.9276167734437044
1.9276167734437044
1.9276167734437044
1.9276167734437044
1.9276167734437044
1.9276167734437044
1.9276167734437044
1.9276167734437044
1.9276167734437044
1.9276167734437044
1.9276167734437044
1.9276167734437044
1.329750088275159
1.6895374770505545
1.7899584770303576
1.8206647657800343
1.8244104195363238
1.8244337429831075
1.8261340104499362
1.8262930973059466
1.8262930973059466
1.8262930973059466
1.8262930973059466
1.8306230391959444
1.8306230391959444
1.8306230391959444
1.8306230391959444
1.8306230391959444
1.8306230391959444
1.8306230391959444
1.830734547392382
1.830734547392382
1.830734547392382
1.830734547392382
1.830734547392382
1.830734547392382
1.830734547392382
1.329750088275159
1.6920307222617827
1.8046510481149438
1.8511223449149747
1.8524011871805208
1.8566092897839386
1.857817807155434
1.857817807155434
1.8607321136397128
1.8607338793571677
1.8607338793571677
1.8607338793571677
1.8607338793571677
1.8607338793571677
1.8619442645793636
1.8638284311788
1.8638284311788
1.8638284311788
1.8638284311788
1.8638284311788
1.8638284311788
1.8697360014775395
1.8697360014775395
1.8697360014775395
1.8697360014775395
1.329750088275159
1.667139560736176
1.796963075992641
1.8739103825778214
1.9053308575199865
1.9114493809394042
1.9114493809394042
1.9114493809394042
1.9114493809394042
1.9114493809394042
1.9114493809394042
1.914485322924616
1.914485322924616
1.914485322924616
1.9218315641306023
1.9218485514705141
1.9218616860209825
1.9218628867344238
1.9218628867344238
1.9218628867344238
1.9218628867344238
1.9218628867344238
1.9218628867344238
1.9218628867344238
1.9218628867344238
1.329750088275159
1.7099889605833953
1.8519672704426784
1.8763568453287116
1.8990922894228055
1.8990922894228055
1.9005710718555862
1.90666855584522
1.90666855584522
1.90666855584522
1.90666855584522
1.90666855584522
1.90666855584522
1.90666855584522
1.90666855584522
1.90666855584522
1.90666855584522
1.90666855584522
1.90666855584522
1.90666855584522
1.90666855584522
1.90666855584522
1.90666855584522
1.90666855584522
1.90666855584522
1.329750088275159
1.6627340890995745
1.8065420570921973
1.8212529440824934
1.83254450695018
1.8325987219793236
1.83260382207559
1.8342019739989037
1.8342019739989037
1.8342019739989037
1.837150064449028
1.837150064449028
1.837150064449028
1.837150064449028
1.837150064449028
1.8371683965976877
1.8393287508889398
1.8393287508889398
1.8393287508889398
1.8393287508889398
1.8393287508889398
1.8393287508889398
1.839358464146703
1.839358464146703
1.839358464146703
1.329750088275159
1.6397038137749327
1.751234134728483
1.764446334730702
1.7760811859291044
1.7819550114696552
1.7877839005178844
1.789699214377785
1.7898338877203708
1.8030132140303874
1.8031047880468374
1.8031132648187183
1.8045099906052091
1.8103825638915456
1.8192018488875186
1.819225533393665
1.8278827271867655
1.8351538046263922
1.846422182797595
1.846422182797595
1.846422182797595
1.846422182797595
1.852468577784581
1.852468577784581
1.852468577784581
1.329750088275159
1.6964973062711965
1.8185238950477607
1.8482498623747896
1.8712359556881244
1.877293743080431
1.8784669512463628
1.8784669512463628
1.8803520171978034
1.8803639242383197
1.8803639242383197
1.8863972098592467
1.8924356041881807
1.8924607823536908
1.8924607823536908
1.8924607823536908
1.8924607823536908
1.8924607823536908
1.8924840298186087
1.8924840298186087
1.8925849015365233
1.892588971718662
1.8926160076350196
1.898126306769956
1.9095569403774209
1.329750088275159
1.6641617943851703
1.7764834959676628
1.8019163068005615
1.811194544969524
1.8400134260126477
1.8794949851293696
1.8881359979646546
1.8910818666571623
1.8984960439171181
1.8984960439171181
1.8984960439171181
1.9079458105112264
1.9079458105112264
1.9079458105112264
1.9079458105112264
1.9079458105112264
1.9079458105112264
1.9079458105112264
1.9079458105112264
1.908045527036705
1.908045527036705
1.908045527036705
1.908045527036705
1.908045527036705
1.329750088275159
1.7499464530975601
1.8692101993374828
1.8831205772326063
1.8831205772326063
1.8951475644507123
1.9016388896175629
1.9041730820728682
1.9210005323700015
1.9272468155810025
1.9419340847164253
1.9419340847164253
1.9425662166294908
1.9425662166294908
1.9425662166294908
1.9426446698690167
1.9426446698690167
1.9426446698690167
1.9426446698690167
1.9426446698690167
1.9426446698690167
1.9438620325472011
1.9438620325472011
1.9477220286268364
1.9477220286268364
1.329750088275159
1.6591121497920693
1.733468415397208
1.7837952054773334
1.7932653662730773
1.7932653662730773
1.7932653662730773
1.7932653662730773
1.7932653662730773
1.7932653662730773
1.7932653662730773
1.7932653662730773
1.7953336622702192
1.805967411520126
1.805967411520126
1.805967411520126
1.805967411520126
1.805967411520126
1.805967411520126
1.805967411520126
1.805967411520126
1.805967411520126
1.805967411520126
1.805967411520126
1.805967411520126
1.329750088275159
1.663760874309558
1.7410398605526054
1.7716730770134939
1.7716730770134939
1.7716730770134939
1.7716730770134939
1.7716730770134939
1.7716730770134939
1.7716730770134939
1.7716730770134939
1.7716730770134939
1.7716730770134939
1.7716877250201966
1.7716877250201966
1.7716877250201966
1.7716877250201966
1.7716877250201966
1.771688700268928
1.771688700268928
1.771688700268928
1.771688700268928
1.771688700268928
1.771688700268928
1.771688700268928
