1.329750088275159
1.7528606740233077
1.8982499291114756
1.9097685618508895
1.9273378054998436
1.9310558525914847
1.9310558525914847
1.9310558525914847
1.952172861282692
1.952172861282692
1.952172861282692
1.952172861282692
1.952172861282692
1.952172861282692
1.9521891047472617
1.9521971944065857
1.9521971944065857
1.9528717614888393
1.9528717614888393
1.9528717614888393
1.9528717614888393
1.9539297399561992
1.9539297399561992
1.9539297399561992
1.9539297399561992
1.329750088275159
1.721269494353426
1.8020666399032026
1.8198450666610775
1.8516714159160192
1.8538898871007845
1.8538898871007845
1.8538898871007845
1.8539028620556537
1.8539167870748452
1.8540001884504664
1.8540001884504664
1.8540137085013908
1.8540137085013908
1.8540137085013908
1.8540167301374093
1.8631214862512109
1.8631214862512109
1.8631214862512109
1.8631214862512109
1.8631214862512109
1.8631214862512109
1.8631214862512109
1.8653516449606624
1.8653516449606624
