1.329750088275159
1.7528606740233077
1.8982499291114756
1.9097685618508895
1.9273378054998436
1.9310558525914847
1.9310558525914847
1.9310558525914847
1.952172861282692
1.952172861282692
1.952172861282692
1.952172861282692
1.952172861282692
1.952172861282692
1.9521891047472617
1.9521971944065857
1.9521971944065857
1.9528717614888393
1.9528717614888393
1.9528717614888393
1.9528717614888393
1.9539297399561992
1.9539297399561992
1.9539297399561992
1.9539297399561992
1.329750088275159
1.721269494353426
1.8020666399032026
1.8198450666610775
1.8516714159160192
1.8538898871007845
1.8538898871007845
1.8538898871007845
1.8539028620556537
1.8539167870748452
1.8540001884504664
1.8540001884504664
1.8540137085013908
1.8540137085013908
1.8540137085013908
1.8540167301374093
1.8631214862512109
1.8631214862512109
1.8631214862512109
1.8631214862512109
1.8631214862512109
1.8631214862512109
1.8631214862512109
1.8653516449606624
1.8653516449606624
1.329750088275159
1.6962241164522907
1.834138271462593
1.8355409705651837
1.8493935111968935
1.8552363911334253
1.8553073696498719
1.8553073696498719
1.856323263767383
1.862238706382011
1.862246236313772
1.862246236313772
1.862246236313772
1.862246236313772
1.862246236313772
1.862246236313772
1.862246236313772
1.862246236313772
1.862246236313772
1.862246236313772
1.862246236313772
1.862246236313772
1.862246236313772
1.862246236313772
1.862246236313772
1.329750088275159
1.643122650672745
1.777820549543579
1.8144851844048175
1.8203790371060682
1.8212155023696899
1.821241511781128
1.8212468657507161
1.8237264158309205
1.8384688123466508
1.8444591880656718
1.8444988155696853
1.8504450736737201
1.8504457361796587
1.8504457361796587
1.8504457361796587
1.8504457361796587
1.8504457361796587
1.8504457361796587
1.8504457361796587
1.8525632430212091
1.8550376454113657
1.8550376454113657
1.8598227264355707
1.8598227264355707
1.329750088275159
1.6577550818832958
1.7818447224725324
1.8333845331878367
1.8333855759177804
1.8421052730681295
1.854780871331056
1.854780871331056
1.854780871331056
1.854780871331056
1.8548191165658223
1.8548191165658223
1.8548191165658223
1.8548191165658223
1.8548191165658223
1.8548191165658223
1.8548191165658223
1.8548191165658223
1.8548191165658223
1.854850846822388
1.854945030066803
1.8592614151898497
1.8592614151898497
1.8592614151898497
1.8825295646678466
