1.3680830632462275
1.7333275694596184
1.8895656097014348
1.8895656097014348
1.9232678406240653
1.935551019721272
1.9484949324862297
1.954868904020494
1.9548702204206303
1.9610703311816444
1.9663357587722354
1.9663357587722354
1.9663357587722354
1.9663357587722354
1.9663357587722354
1.9845839104485923
1.9970506486922028
2.0267660918697263
2.029356728691453
2.029356728691453
2.037690263628963
2.0421561069587266
2.0421561069587266
2.0421561069587266
2.0421561069587266
1.3680830632462275
1.6239864602465182
1.8103306004360193
1.9332790118650438
1.9739468194718257
1.9739972240083288
1.9739972240083288
1.9740002172357356
1.9740002172357356
2.004194728697263
2.004194728697263
2.004194728697263
2.004194728697263
2.004194728697263
2.004194728697263
2.004194728697263
2.004194728697263
2.0041999246833533
2.0041999246833533
2.0041999246833533
2.0041999246833533
2.004261326880752
2.004261326880752
2.004261326880752
2.004274195281808
1.3680830632462275
1.7297017191313069
1.9340674930406168
1.948527506047774
1.9650694145449767
1.9739221467320074
1.9773320916014931
1.9773320916014931
1.9816751346305475
1.9816751346305475
2.002956191444767
2.002956191444767
2.002956191444767
2.0107253458615646
2.0107253458615646
2.0107253458615646
2.0107253458615646
2.0107253458615646
2.0107253458615646
2.0107253458615646
2.0107253458615646
2.0107253458615646
2.0107253458615646
2.0107253458615646
2.0107253458615646
1.3680830632462275
1.7787307415328608
1.9035792618957883
1.9366426766764548
1.9686528178097848
1.9712999109609715
1.9800353983222054
1.9862978415480699
2.0021287323681594
2.0021287323681594
2.002152233706399
2.002152233706399
2.002152233706399
2.002152233706399
2.009348046670925
2.0107253458615646
2.0107253458615646
2.0107253458615646
2.0107253458615646
2.0107253458615646
2.0107253458615646
2.0107253458615646
2.0107253458615646
2.0107253458615646
2.0107253458615646
1.3680830632462275
1.7736542925694527
1.922534231659586
1.9605327570127555
1.970653864692703
1.9781715060160205
1.990000910452378
2.0201156914762715
2.0201156914762715
2.0201156914762715
2.020606004497371
2.0212728080663114
2.0212728080663114
2.0276077025801555
2.0276077025801555
2.0340993932000275
2.0340993932000275
2.0340993932000275
2.0340993932000275
2.0340993932000275
2.0340993932000275
2.0340993932000275
2.0340993932000275
2.0340993932000275
2.0340993932000275
1.3680830632462275
1.666375554828651
1.8151390450562022
1.8924311912742577
1.933766204616911
1.945646966491099
1.961194260733096
1.9817169873896165
1.9885812413076451
1.9899053543108933
1.99905538264441
1.99905538264441
1.99905538264441
1.99905538264441
1.9999019151338793
1.9999019151338793
1.9999019151338793
2.006150044504806
2.006185601734178
2.006185601734178
2.006185601734178
2.006185601734178
2.0093941654157343
2.0093941654157343
2.0093941654157343
1.3680830632462275
1.7537977514581802
1.8714936788483656
1.9491416628086633
1.9602102869197293
1.9602102869197293
1.9663830322568425
1.966431976503953
1.9685996898913711
2.005916345169288
2.005916345169288
2.005916345169288
2.005916345169288
2.005916345169288
2.005916345169288
2.005916345169288
2.005916345169288
2.005916345169288
2.005916345169288
2.005916345169288
2.005916345169288
2.005916345169288
2.005916345169288
2.005916345169288
2.005916345169288
1.3680830632462275
1.7866425061489342
1.9387735114444324
1.9897236653222026
1.9897236653222026
2.00686191925881
2.016129247292029
2.020432885483756
2.020432885483756
2.020432885483756
2.0206392855729765
2.0211762468979533
2.0211762468979533
2.0211762468979533
2.0211762468979533
2.033806387533797
2.0359349910430766
2.044017111412515
2.044017111412515
2.044017111412515
2.044017111412515
2.044017111412515
2.044017111412515
2.044017111412515
2.044017111412515
1.3680830632462275
1.7340408463763344
1.8984865503928117
1.9402106895217521
1.95847582579969
1.9622981860630109
1.9861172019212392
1.9979664258017693
1.9980420085037827
2.0003159007651927
2.000689322645513
2.0018083060391394
2.0152456530022005
2.018959084208359
2.018959084208359
2.027383422613596
2.027383422613596
2.027383422613596
2.0274193959963656
2.0274193959963656
2.0274193959963656
2.0274193959963656
2.0274193959963656
2.0274193959963656
2.0274193959963656
1.3680830632462275
1.762059595626518
1.9039228721938684
1.9351434749991203
1.9557490073461399
1.9572713205396235
1.9572854019302115
1.9572854019302115
1.9572854019302115
1.95730137333669
1.963782074465803
1.963808316770229
1.963808316770229
1.963808316770229
1.963808316770229
1.963808316770229
1.9699958328003793
1.9699958328003793
1.9699958328003793
1.9699958328003793
1.9699958328003793
1.9699958328003793
1.9699958328003793
1.9699958328003793
1.9699958328003793
1.3680830632462275
1.7669962218326034
1.9076758256911253
1.9467122440996791
1.9467122440996791
1.9519780434114093
1.9519780434114093
1.9519780434114093
1.9519780434114093
1.9519780434114093
1.9519780434114093
1.9519780434114093
1.9519780434114093
1.9519780434114093
1.9519780434114093
1.9519780434114093
1.9519780434114093
1.9519780434114093
1.9519780434114093
1.9519780434114093
1.9519780434114093
1.9519780434114093
1.9519780434114093
1.9519780434114093
1.9519780434114093
1.3680830632462275
1.7184675415454707
1.8721258683465933
1.940620778433816
1.940620778433816
1.9606025896599717
1.9808740762253814
1.9938452072262867
1.9938452072262867
2.0021278693664635
2.0021278693664635
2.0021278693664635
2.0021278693664635
2.0021278693664635
2.0021278693664635
2.0021278693664635
2.0021278693664635
2.0021278693664635
2.0021278693664635
2.0021278693664635
2.0021278693664635
2.0021278693664635
2.0021278693664635
2.0021278693664635
2.0021278693664635
1.3680830632462275
1.728841463521314
1.905545189634723
1.9205507686197136
1.9249657720491145
1.9463012380880396
1.959585785328948
1.9637064708584233
1.9637064708584233
1.9637064708584233
1.9637064708584233
1.9637508926044618
1.9648867028760757
1.9648867028760757
1.9712642239815852
1.9712642239815852
1.9712681924577233
1.9712681924577233
1.9712681924577233
1.9712681924577233
1.9712681924577233
1.9712681924577233
1.9712681924577233
1.9712681924577233
1.9712681924577233
1.3680830632462275
1.8120919277258516
1.919643004356923
1.9515436337721161
1.9516253015032436
1.9717826217605594
1.9717826217605594
1.984512154053895
1.984512154053895
1.984512154053895
1.984512154053895
1.9917381955737012
1.9917381955737012
1.9917514399021847
1.9917514399021847
1.9917514399021847
1.9917514399021847
1.9917514399021847
1.9917514399021847
1.9917514399021847
1.9917514399021847
1.9917514399021847
1.9917514399021847
1.9917514399021847
1.9917514399021847
1.3680830632462275
1.6669198504528298
1.8800007093275304
1.959199118873362
1.959199118873362
1.959199118873362
1.966694395652936
1.9729619015145676
2.0023223415912175
2.0023223415912175
2.0023589024779325
2.0023876886924468
2.0023876886924468
2.0023876886924468
2.0023876886924468
2.0023876886924468
2.0023876886924468
2.0023876886924468
2.0023876886924468
2.0023876886924468
2.0023876886924468
2.0023876886924468
2.0023876886924468
2.0023876886924468
2.0023876886924468
1.3680830632462275
1.7057442850197797
1.906920619967505
1.9643079263351544
2.0024881950277567
2.0201156914762715
2.0225311561535717
2.0225311561535717
2.0225311561535717
2.0225311561535717
2.027764498686184
2.027764498686184
2.027764498686184
2.0340993932000275
2.0340993932000275
2.0340993932000275
2.0340993932000275
2.0340993932000275
2.0340993932000275
2.0340993932000275
2.0340993932000275
2.0340993932000275
2.0340993932000275
2.0340993932000275
2.0340993932000275
1.3680830632462275
1.5878840082207264
1.7371430852129093
1.7573786001402625
1.7869639445064438
1.8316995563903007
1.864656515258954
1.8772357173805947
1.8937583272895622
1.8999427087372183
1.9000963189373063
1.9200439683050967
1.9201809918183774
1.9267491975320787
1.9278838362198658
1.9279028399263516
1.9471950213717406
1.9471950213717406
1.9471950213717406
1.953385967670526
1.9534022941166007
1.9534022941166007
1.9534022941166007
1.9534022941166007
1.9534022941166007
1.3680830632462275
1.719927571997102
1.8953714366871488
1.928944182726435
1.9494935985569488
1.9528093677576597
1.9663414715510839
1.9663414715510839
1.9663414715510839
1.966349001482845
1.966349001482845
1.9678716037399855
1.967926216105528
1.967926216105528
1.967926216105528
1.967926216105528
1.967926216105528
1.967926216105528
1.967926216105528
1.967926216105528
1.967926216105528
1.967926216105528
1.967926216105528
1.967926216105528
1.967926216105528
1.3680830632462275
1.7102786980436333
1.8963633582164896
1.971836864942718
1.9820856934207234
1.982094857882952
1.982094857882952
1.982094857882952
1.982094857882952
1.9868154980397121
1.9868154980397121
1.9868154980397121
1.9868154980397121
1.9868154980397121
1.9868154980397121
1.9868154980397121
1.9868154980397121
1.9868154980397121
1.9868154980397121
1.9868154980397121
1.9868154980397121
1.9868154980397121
1.9868154980397121
1.9868154980397121
1.9868154980397121
1.3680830632462275
1.745668078739187
1.8867680927697408
1.911993331628549
1.9361755497686979
1.9462415904726267
1.960587310940374
1.967240165036573
1.967240165036573
1.967240165036573
1.967240165036573
1.967240165036573
1.967240165036573
1.967240165036573
1.9672413925465249
1.9751564120865697
1.975159582573204
1.9751743264697306
1.9751743264697306
1.9751743264697306
1.9751743264697306
1.9751743264697306
1.9751743264697306
1.9751743264697306
1.9751743264697306
