1.3680830632462275
1.7333275694596184
1.8895656097014348
1.8895656097014348
1.9232678406240653
1.935551019721272
1.9484949324862297
1.954868904020494
1.9548702204206303
1.9610703311816444
1.9663357587722354
1.9663357587722354
1.9663357587722354
1.9663357587722354
1.9663357587722354
1.9845839104485923
1.9970506486922028
2.0267660918697263
2.029356728691453
2.029356728691453
2.037690263628963
2.0421561069587266
2.0421561069587266
2.0421561069587266
2.0421561069587266
1.3680830632462275
1.6239864602465182
1.8103306004360193
1.9332790118650438
1.9739468194718257
1.9739972240083288
1.9739972240083288
1.9740002172357356
1.9740002172357356
2.004194728697263
2.004194728697263
2.004194728697263
2.004194728697263
2.004194728697263
2.004194728697263
2.004194728697263
2.004194728697263
2.0041999246833533
2.0041999246833533
2.0041999246833533
2.0041999246833533
2.004261326880752
2.004261326880752
2.004261326880752
2.004274195281808
1.3680830632462275
1.7297017191313069
1.9340674930406168
1.948527506047774
1.9650694145449767
1.9739221467320074
1.9773320916014931
1.9773320916014931
1.9816751346305475
1.9816751346305475
2.002956191444767
2.002956191444767
2.002956191444767
2.0107253458615646
2.0107253458615646
2.0107253458615646
2.0107253458615646
2.0107253458615646
2.0107253458615646
2.0107253458615646
2.0107253458615646
2.0107253458615646
2.0107253458615646
2.0107253458615646
2.0107253458615646
