1.3680830632462275
1.7333275694596184
1.8895656097014348
1.8895656097014348
1.9232678406240653
1.935551019721272
1.9484949324862297
1.954868904020494
1.9548702204206303
1.9610703311816444
1.9663357587722354
1.9663357587722354
1.9663357587722354
1.9663357587722354
1.9663357587722354
1.9845839104485923
1.9970506486922028
2.0267660918697263
2.029356728691453
2.029356728691453
2.037690263628963
2.0421561069587266
2.0421561069587266
2.0421561069587266
2.0421561069587266
1.3680830632462275
1.6239864602465182
1.8103306004360193
1.9332790118650438
1.9739468194718257
1.9739972240083288
1.9739972240083288
1.9740002172357356
1.9740002172357356
2.004194728697263
2.004194728697263
2.004194728697263
2.004194728697263
2.004194728697263
2.004194728697263
2.004194728697263
2.004194728697263
2.0041999246833533
2.0041999246833533
2.0041999246833533
2.0041999246833533
2.004261326880752
2.004261326880752
2.004261326880752
2.004274195281808
1.3680830632462275
1.7297017191313069
1.9340674930406168
1.948527506047774
1.9650694145449767
1.9739221467320074
1.9773320916014931
1.9773320916014931
1.9816751346305475
1.9816751346305475
2.002956191444767
2.002956191444767
2.002956191444767
2.0107253458615646
2.0107253458615646
2.0107253458615646
2.0107253458615646
2.0107253458615646
2.0107253458615646
2.0107253458615646
2.0107253458615646
2.0107253458615646
2.0107253458615646
2.0107253458615646
2.0107253458615646
1.3680830632462275
1.7787307415328608
1.9035792618957883
1.9366426766764548
1.9686528178097848
1.9712999109609715
1.9800353983222054
1.9862978415480699
2.0021287323681594
2.0021287323681594
2.002152233706399
2.002152233706399
2.002152233706399
2.002152233706399
2.009348046670925
2.0107253458615646
2.0107253458615646
2.0107253458615646
2.0107253458615646
2.0107253458615646
2.0107253458615646
2.0107253458615646
2.0107253458615646
2.0107253458615646
2.0107253458615646
1.3680830632462275
1.7736542925694527
1.922534231659586
1.9605327570127555
1.970653864692703
1.9781715060160205
1.990000910452378
2.0201156914762715
2.0201156914762715
2.0201156914762715
2.020606004497371
2.0212728080663114
2.0212728080663114
2.0276077025801555
2.0276077025801555
2.0340993932000275
2.0340993932000275
2.0340993932000275
2.0340993932000275
2.0340993932000275
2.0340993932000275
2.0340993932000275
2.0340993932000275
2.0340993932000275
2.0340993932000275
1.3680830632462275
1.666375554828651
1.8151390450562022
1.8924311912742577
1.933766204616911
1.945646966491099
1.961194260733096
1.9817169873896165
1.9885812413076451
1.9899053543108933
1.99905538264441
1.99905538264441
1.99905538264441
1.99905538264441
1.9999019151338793
1.9999019151338793
1.9999019151338793
2.006150044504806
2.006185601734178
2.006185601734178
2.006185601734178
2.006185601734178
2.0093941654157343
2.0093941654157343
2.0093941654157343
1.3680830632462275
1.7537977514581802
1.8714936788483656
1.9491416628086633
1.9602102869197293
1.9602102869197293
1.9663830322568425
1.966431976503953
1.9685996898913711
2.005916345169288
2.005916345169288
2.005916345169288
2.005916345169288
2.005916345169288
2.005916345169288
2.005916345169288
2.005916345169288
2.005916345169288
2.005916345169288
2.005916345169288
2.005916345169288
2.005916345169288
2.005916345169288
2.005916345169288
2.005916345169288
