0.797979797979798	-0.18475920025156423
0.7878787878787878	-0.20202507404033626
0.803030303030303	-0.18022911864067326
0.7929292929292929	-0.18006147700636327
0.7929292929292929	-0.18845555775879555
0.7878787878787878	-0.19775064255934235
0.803030303030303	-0.18022911864067326
0.797979797979798	-0.18372419245759172
0.797979797979798	-0.18006147700636327
0.803030303030303	-0.18022911864067326
0.803030303030303	-0.18718944247210575
0.797979797979798	-0.18584036527018524
0.797979797979798	-0.19022771829162313
0.7929292929292929	-0.18584036527018524
0.7929292929292929	-0.18205148444317548
0.7929292929292929	-0.18928239734576538
0.803030303030303	-0.18022911864067326
0.7929292929292929	-0.18006147700636327
0.797979797979798	-0.18584036527018524
0.7929292929292929	-0.18006147700636327
