0.7863636363636364	-0.19168405483898196
0.7727272727272727	-0.2056831068428265
0.7909090909090909	-0.18873367076439607
0.7954545454545454	-0.18873367076439607
0.7954545454545454	-0.18997949791491825
0.7954545454545454	-0.19234045819901557
0.7727272727272727	-0.20254084613695472
0.7772727272727272	-0.19212695294596466
0.7909090909090909	-0.19267056508021246
0.7909090909090909	-0.19221583329900124
0.7909090909090909	-0.18873367076439607
0.7954545454545454	-0.18859168795997497
0.7909090909090909	-0.18860839852271521
0.7909090909090909	-0.19216497759241186
0.7954545454545454	-0.18831704876468996
0.7954545454545454	-0.1906231318134558
0.7863636363636364	-0.19376314577453244
0.7909090909090909	-0.18873367076439607
0.7909090909090909	-0.1938950781470276
0.7818181818181819	-0.19267056508021246
