0.7851239669421488	-0.20022684756902942
0.7727272727272727	-0.20119648187830597
0.7768595041322314	-0.20312534027708545
0.7768595041322314	-0.19917359342785812
0.7768595041322314	-0.2016581051151161
0.7768595041322314	-0.20754038662147253
0.7727272727272727	-0.2034674103134859
0.768595041322314	-0.20723530116155892
0.7727272727272727	-0.2104623121857385
0.7768595041322314	-0.20298069704523816
0.743801652892562	-0.2289837068567217
0.7727272727272727	-0.20725557343414372
0.7727272727272727	-0.2030598425045688
0.7727272727272727	-0.20599526038052796
0.7768595041322314	-0.20769567001801337
0.7727272727272727	-0.20806419559395975
0.7644628099173554	-0.20881657214490817
0.78099173553719	-0.20105349582168647
0.7768595041322314	-0.20348406320880422
0.7768595041322314	-0.1999043839172826
