1.4500738086294431
2.028877317871627
2.0355796108725954
2.0355796108725954
2.0355796108725954
2.0355796108725954
2.0355796108725954
2.0355796108725954
2.0355796108725954
2.0355796108725954
2.0355796108725954
2.0355796108725954
2.0355796108725954
2.0355796108725954
2.0355796108725954
2.0355796108725954
2.0355796108725954
2.0355796108725954
2.0355796108725954
2.0355796108725954
2.0355796108725954
2.0355796108725954
2.0355796108725954
2.0355796108725954
2.0355796108725954
1.4500738086294431
1.9131890633671405
1.9820649120280762
2.0321144675282867
2.0388450875234074
2.038853486193948
2.0495996658954225
2.0495996658954225
2.0495996658954225
2.0495996658954225
2.0495996658954225
2.0495996658954225
2.0495996658954225
2.0495996658954225
2.0561681160686374
2.0561681160686374
2.0561681160686374
2.0561681160686374
2.0561681160686374
2.0561681160686374
2.0561681160686374
2.0561681160686374
2.056206506083982
2.056206506083982
2.056206506083982
1.4500738086294431
1.97071893344545
2.03313911968716
2.0450336231444717
2.0450336231444717
2.0450336231444717
2.0450336231444717
2.0450336231444717
2.0450336231444717
2.0450336231444717
2.0450336231444717
2.0450336231444717
2.0450336231444717
2.0450336231444717
2.0450336231444717
2.0450336231444717
2.0450336231444717
2.0450336231444717
2.0450336231444717
2.0450336231444717
2.0450336231444717
2.0450336231444717
2.0450336231444717
2.0450336231444717
2.0450336231444717
1.4500738086294431
1.8851291501343828
1.998232491356239
2.0275807551129734
2.0378812487986084
2.037917731087665
2.0417115615208012
2.04846554612351
2.04846554612351
2.04846554612351
2.04846554612351
2.04846554612351
2.067903496812309
2.067903496812309
2.067903496812309
2.067903496812309
2.067903496812309
2.067903496812309
2.067903496812309
2.067903496812309
2.067903496812309
2.067903496812309
2.067903496812309
2.067903496812309
2.067903496812309
1.4500738086294431
1.9132002153428989
1.993486407882159
2.0068880573559027
2.0269493528058753
2.0308419038702343
2.0361599502896945
2.0361630414308873
2.0362163412729943
2.0362163412729943
2.0362163412729943
2.0362163412729943
2.0362163412729943
2.043310310437371
2.043310310437371
2.045025467849567
2.045025467849567
2.045025467849567
2.045025467849567
2.045025467849567
2.045025467849567
2.045025467849567
2.045025467849567
2.045025467849567
2.045025467849567
1.4500738086294431
1.908409014372475
1.9809395453980132
2.028879864411096
2.045622312981437
2.052508837536368
2.052508837536368
2.0591156777249267
2.0591156777249267
2.0591156777249267
2.0591156777249267
2.0591156777249267
2.0591156777249267
2.0591156777249267
2.0591156777249267
2.0591156777249267
2.0591156777249267
2.0591156777249267
2.0591156777249267
2.0591156777249267
2.0591156777249267
2.0591156777249267
2.0591156777249267
2.0591156777249267
2.0591156777249267
1.4500738086294431
1.9361113527423677
2.00634138993525
2.026068732627937
2.0387408221311087
2.0388450875234074
2.0388450875234074
2.0495641784784437
2.0495641784784437
2.0524733790446152
2.0524733790446152
2.052508837536368
2.0590772877095826
2.0590772877095826
2.0590772877095826
2.0590772877095826
2.0590772877095826
2.0590772877095826
2.0590772877095826
2.0591156777249267
2.0591156777249267
2.0591156777249267
2.0591156777249267
2.0591156777249267
2.0591156777249267
1.4500738086294431
1.8732654448366461
1.9501431594064909
1.9831638372730938
1.9961023332636514
2.0015471011856416
2.0015532256175748
2.0015532256175748
2.0110606756460068
2.011062073511321
2.011062073511321
2.011104407931449
2.018657773940985
2.018657773940985
2.018657773940985
2.018657773940985
2.018657773940985
2.018657773940985
2.018657773940985
2.018657773940985
2.018657773940985
2.018657773940985
2.0206815309470003
2.0206815309470003
2.0206815309470003
1.4500738086294431
1.9882939072156844
2.0280304997367375
2.0353048659356645
2.040592240271479
2.049510484938958
2.049605518026494
2.0525090352551403
2.0590774854283556
2.0590774854283556
2.0590774854283556
2.0590774854283556
2.0590774854283556
2.0590774854283556
2.0590774854283556
2.0590774854283556
2.0590774854283556
2.0590774854283556
2.0590774854283556
2.0590774854283556
2.0591158754436996
2.0591158754436996
2.0591158754436996
2.0591158754436996
2.0591158754436996
1.4500738086294431
1.947559072696631
1.9971659372862693
2.027977968605749
2.031047200381268
2.031047200381268
2.035750927664294
2.035750927664294
2.035750927664294
2.035750927664294
2.035750927664294
2.035750927664294
2.035750927664294
2.035750927664294
2.035750927664294
2.035750927664294
2.035750927664294
2.0423674915467855
2.0423674915467855
2.0423674915467855
2.0423674915467855
2.048977393951311
2.0556881388353743
2.0556881388353743
2.062398848978686
1.4500738086294431
1.9388559675902302
2.0198747330524496
2.0294658809875594
2.048012470780867
2.0511803832623134
2.0511803832623134
2.0511803832623134
2.0511803832623134
2.0511803832623134
2.0512187732776574
2.0512187732776574
2.056206506083982
2.056206506083982
2.056206506083982
2.056206506083982
2.056206506083982
2.056206506083982
2.056206506083982
2.056206506083982
2.056206506083982
2.056206506083982
2.056206506083982
2.056206506083982
2.056206506083982
1.4500738086294431
1.9498120479919656
2.0260643199578103
2.059618584201668
2.0612504720102964
2.067903496812309
2.067903496812309
2.067903496812309
2.067903496812309
2.067903496812309
2.067903496812309
2.067903496812309
2.067903496812309
2.067903496812309
2.067903496812309
2.067903496812309
2.067903496812309
2.067903496812309
2.067903496812309
2.067903496812309
2.067903496812309
2.067903496812309
2.067903496812309
2.067903496812309
2.067903496812309
1.4500738086294431
1.9371634912269478
2.00141952673725
2.0131751175969765
2.0612504720102964
2.067903496812309
2.067903496812309
2.067903496812309
2.067903496812309
2.067903496812309
2.067903496812309
2.067903496812309
2.067903496812309
2.067903496812309
2.067903496812309
2.067903496812309
2.067903496812309
2.067903496812309
2.067903496812309
2.067903496812309
2.067903496812309
2.067903496812309
2.067903496812309
2.067903496812309
2.067903496812309
1.4500738086294431
1.9516607446516634
2.001574345207559
2.0054359018737022
2.0054359018737022
2.0112459982904274
2.0524733790446152
2.0524733790446152
2.0524733790446152
2.0524733790446152
2.0524733790446152
2.0524733790446152
2.0524733790446152
2.0524733790446152
2.0524733790446152
2.0524733790446152
2.0524733790446152
2.0524733790446152
2.0524733790446152
2.0524733790446152
2.0524733790446152
2.0524733790446152
2.0524733790446152
2.0524733790446152
2.0524733790446152
1.4500738086294431
1.9434684068666976
1.9983295484156247
2.0238912349481937
2.0355796108725954
2.0355796108725954
2.0355796108725954
2.0355796108725954
2.0355796108725954
2.0355796108725954
2.0355796108725954
2.0355796108725954
2.0355796108725954
2.0355796108725954
2.0355796108725954
2.0355796108725954
2.038853486193948
2.038853486193948
2.038853486193948
2.038853486193948
2.0438540575356683
2.0495698618159683
2.0524733790446152
2.0524733790446152
2.0524733790446152
1.4500738086294431
1.9675216776470896
2.023300619022994
2.0333203030914566
2.0333439035189897
2.0333439035189897
2.0399108598752664
2.0399108598752664
2.0399108598752664
2.047153315571458
2.047153315571458
2.0495046038826605
2.0495046038826605
2.0495046038826605
2.0495046038826605
2.0495996658954225
2.0495996658954225
2.056206506083982
2.056206506083982
2.056206506083982
2.0591156777249267
2.0591156777249267
2.0591156777249267
2.0591156777249267
2.0591156777249267
1.4500738086294431
1.9786668813587422
2.0330196960919285
2.0355796108725954
2.0355796108725954
2.0355796108725954
2.038853486193948
2.038853486193948
2.038853486193948
2.038853486193948
2.038853486193948
2.038853486193948
2.0471854181768467
2.0495698618159683
2.0524733790446152
2.0524733790446152
2.0524733790446152
2.0524733790446152
2.0524733790446152
2.0524733790446152
2.0524733790446152
2.0524733790446152
2.0524733790446152
2.0524733790446152
2.0524733790446152
