1.4500738086294431
2.028877317871627
2.0355796108725954
2.0355796108725954
2.0355796108725954
2.0355796108725954
2.0355796108725954
2.0355796108725954
2.0355796108725954
2.0355796108725954
2.0355796108725954
2.0355796108725954
2.0355796108725954
2.0355796108725954
2.0355796108725954
2.0355796108725954
2.0355796108725954
2.0355796108725954
2.0355796108725954
2.0355796108725954
2.0355796108725954
2.0355796108725954
2.0355796108725954
2.0355796108725954
2.0355796108725954
1.4500738086294431
1.9131890633671405
1.9820649120280762
2.0321144675282867
2.0388450875234074
2.038853486193948
2.0495996658954225
2.0495996658954225
2.0495996658954225
2.0495996658954225
2.0495996658954225
2.0495996658954225
2.0495996658954225
2.0495996658954225
2.0561681160686374
2.0561681160686374
2.0561681160686374
2.0561681160686374
2.0561681160686374
2.0561681160686374
2.0561681160686374
2.0561681160686374
2.056206506083982
2.056206506083982
2.056206506083982
1.4500738086294431
1.97071893344545
2.03313911968716
2.0450336231444717
2.0450336231444717
2.0450336231444717
2.0450336231444717
2.0450336231444717
2.0450336231444717
2.0450336231444717
2.0450336231444717
2.0450336231444717
2.0450336231444717
2.0450336231444717
2.0450336231444717
2.0450336231444717
2.0450336231444717
2.0450336231444717
2.0450336231444717
2.0450336231444717
2.0450336231444717
2.0450336231444717
2.0450336231444717
2.0450336231444717
2.0450336231444717
