1.4500738086294431
2.028877317871627
2.0355796108725954
2.0355796108725954
2.0355796108725954
2.0355796108725954
2.0355796108725954
2.0355796108725954
2.0355796108725954
2.0355796108725954
2.0355796108725954
2.0355796108725954
2.0355796108725954
2.0355796108725954
2.0355796108725954
2.0355796108725954
2.0355796108725954
2.0355796108725954
2.0355796108725954
2.0355796108725954
2.0355796108725954
2.0355796108725954
2.0355796108725954
2.0355796108725954
2.0355796108725954
1.4500738086294431
1.9131890633671405
1.9820649120280762
2.0321144675282867
2.0388450875234074
2.038853486193948
2.0495996658954225
2.0495996658954225
2.0495996658954225
2.0495996658954225
2.0495996658954225
2.0495996658954225
2.0495996658954225
2.0495996658954225
2.0561681160686374
2.0561681160686374
2.0561681160686374
2.0561681160686374
2.0561681160686374
2.0561681160686374
2.0561681160686374
2.0561681160686374
2.056206506083982
2.056206506083982
2.056206506083982
1.4500738086294431
1.97071893344545
2.03313911968716
2.0450336231444717
2.0450336231444717
2.0450336231444717
2.0450336231444717
2.0450336231444717
2.0450336231444717
2.0450336231444717
2.0450336231444717
2.0450336231444717
2.0450336231444717
2.0450336231444717
2.0450336231444717
2.0450336231444717
2.0450336231444717
2.0450336231444717
2.0450336231444717
2.0450336231444717
2.0450336231444717
2.0450336231444717
2.0450336231444717
2.0450336231444717
2.0450336231444717
1.4500738086294431
1.8851291501343828
1.998232491356239
2.0275807551129734
2.0378812487986084
2.037917731087665
2.0417115615208012
2.04846554612351
2.04846554612351
2.04846554612351
2.04846554612351
2.04846554612351
2.067903496812309
2.067903496812309
2.067903496812309
2.067903496812309
2.067903496812309
2.067903496812309
2.067903496812309
2.067903496812309
2.067903496812309
2.067903496812309
2.067903496812309
2.067903496812309
2.067903496812309
1.4500738086294431
1.9132002153428989
1.993486407882159
2.0068880573559027
2.0269493528058753
2.0308419038702343
2.0361599502896945
2.0361630414308873
2.0362163412729943
2.0362163412729943
2.0362163412729943
2.0362163412729943
2.0362163412729943
2.043310310437371
2.043310310437371
2.045025467849567
2.045025467849567
2.045025467849567
2.045025467849567
2.045025467849567
2.045025467849567
2.045025467849567
2.045025467849567
2.045025467849567
2.045025467849567
1.4500738086294431
1.908409014372475
1.9809395453980132
2.028879864411096
2.045622312981437
2.052508837536368
2.052508837536368
2.0591156777249267
2.0591156777249267
2.0591156777249267
2.0591156777249267
2.0591156777249267
2.0591156777249267
2.0591156777249267
2.0591156777249267
2.0591156777249267
2.0591156777249267
2.0591156777249267
2.0591156777249267
2.0591156777249267
2.0591156777249267
2.0591156777249267
2.0591156777249267
2.0591156777249267
2.0591156777249267
1.4500738086294431
1.9361113527423677
2.00634138993525
2.026068732627937
2.0387408221311087
2.0388450875234074
2.0388450875234074
2.0495641784784437
2.0495641784784437
2.0524733790446152
2.0524733790446152
2.052508837536368
2.0590772877095826
2.0590772877095826
2.0590772877095826
2.0590772877095826
2.0590772877095826
2.0590772877095826
2.0590772877095826
2.0591156777249267
2.0591156777249267
2.0591156777249267
2.0591156777249267
2.0591156777249267
2.0591156777249267
