1.4500738086294431
1.9265262347341132
1.9888793564964102
2.005369621683844
2.005391174516769
2.005391174516769
2.005391174516769
2.005391174516769
2.005391174516769
2.005391174516769
2.005391174516769
2.005391174516769
2.005391174516769
2.005391174516769
2.005391174516769
2.005391174516769
2.005391174516769
2.005391174516769
2.005391174516769
2.005391174516769
2.005391174516769
2.005391174516769
2.005391174516769
2.005391174516769
2.005391174516769
1.4500738086294431
1.9948290156103032
2.0079477190101716
2.0079477190101716
2.0079477190101716
2.007956192262801
2.0079594978544035
2.0079594978544035
2.0079594978544035
2.0079594978544035
2.0079594978544035
2.0079594978544035
2.0079594978544035
2.0079594978544035
2.0079594978544035
2.0079594978544035
2.0079594978544035
2.0079594978544035
2.0079594978544035
2.0079594978544035
2.0079594978544035
2.0079594978544035
2.0079594978544035
2.0079594978544035
2.0079594978544035
1.4500738086294431
1.9874929004045623
2.0505052015501533
2.0538552177727794
2.0538552177727794
2.0538552177727794
2.0538552177727794
2.0538552177727794
2.0538552177727794
2.0538552177727794
2.0538552177727794
2.0538552177727794
2.0538552177727794
2.0538552177727794
2.0538552177727794
2.0538552177727794
2.0538552177727794
2.0538552177727794
2.0538552177727794
2.0538552177727794
2.0538552177727794
2.0538552177727794
2.0538552177727794
2.0538552177727794
2.0538552177727794
1.4500738086294431
1.9557473820336468
2.038786491068065
2.0438243037509753
2.043898361361594
2.043898361361594
2.043898361361594
2.043898361361594
2.043898361361594
2.043898361361594
2.043898361361594
2.043898361361594
2.043898361361594
2.043898361361594
2.043898361361594
2.043898361361594
2.0505052015501533
2.0505052015501533
2.0505052015501533
2.0505052015501533
2.0505052015501533
2.0505052015501533
2.0505052015501533
2.0505052015501533
2.0505052015501533
1.4500738086294431
1.903488641519401
2.0012008231659926
2.001988468553307
2.00275192108611
2.00275192108611
2.00275192108611
2.00275192108611
2.00275192108611
2.00275192108611
2.00275192108611
2.00275192108611
2.0163616237855115
2.02401877801133
2.0429450766230013
2.0429450766230013
2.045825861230889
2.045825861230889
2.045825861230889
2.045825861230889
2.045825861230889
2.045825861230889
2.045825861230889
2.045825861230889
2.045825861230889
1.4500738086294431
1.935596082704781
2.003120920099106
2.003120920099106
2.003120920099106
2.003120920099106
2.003120920099106
2.003120920099106
2.003120920099106
2.003120920099106
2.003120920099106
2.003120920099106
2.003120920099106
2.003120920099106
2.003120920099106
2.003120920099106
2.003120920099106
2.003120920099106
2.003120920099106
2.009652174587994
2.009652174587994
2.009652174587994
2.009652174587994
2.009652174587994
2.009652174587994
1.4500738086294431
1.9816366349957377
1.9976553242317465
1.9976553242317465
1.9976553242317465
1.9976553242317465
1.9976553242317465
1.9976553242317465
1.9976553242317465
1.9976553242317465
1.9976553242317465
1.9976553242317465
1.9976553242317465
1.9976553242317465
1.9976553242317465
1.9976553242317465
1.9976553242317465
1.9976553242317465
1.9976553242317465
1.9976553242317465
1.9976553242317465
1.9976553242317465
1.9976553242317465
1.9976553242317465
1.9976553242317465
1.4500738086294431
1.9689361088129382
2.0022470453707055
2.0022470453707055
2.0022470453707055
2.0022470453707055
2.0022470453707055
2.0022470453707055
2.0022470453707055
2.0022470453707055
2.0022470453707055
2.0022470453707055
2.0022470453707055
2.0022470453707055
2.0022470453707055
2.0022470453707055
2.0022470453707055
2.0022470453707055
2.0022470453707055
2.0022470453707055
2.0022470453707055
2.0022470453707055
2.0022470453707055
2.0022470453707055
2.0022470453707055
1.4500738086294431
1.953667183620277
1.9945251334846614
1.9945251334846614
1.9945251334846614
1.9945251334846614
1.9945251334846614
1.9945251334846614
1.9945251334846614
1.9945251334846614
1.9945251334846614
1.9945251334846614
1.9945251334846614
1.9945251334846614
1.9945251334846614
1.9945251334846614
1.9945251334846614
1.9945251334846614
1.9945251334846614
1.9945251334846614
1.9945251334846614
1.9945251334846614
1.9945251334846614
1.9945251334846614
1.9945251334846614
1.4500738086294431
1.9527128699422087
1.998650119054288
1.998650119054288
1.998650119054288
1.998650119054288
1.998651708822851
1.998651708822851
1.998651708822851
1.998651708822851
1.998651708822851
1.998651708822851
1.998651708822851
1.998651708822851
1.998651708822851
1.998651708822851
1.998651708822851
1.998651708822851
1.998651708822851
1.998651708822851
1.998651708822851
1.998651708822851
1.998651708822851
1.9986952723147466
2.0005576629807504
1.4500738086294431
1.967364201989994
2.009012834049009
2.009012834049009
2.009012834049009
2.009012834049009
2.009012834049009
2.009012834049009
2.009012834049009
2.009012834049009
2.009012834049009
2.009012834049009
2.009012834049009
2.009012834049009
2.009012834049009
2.009012834049009
2.009012834049009
2.009012834049009
2.009012834049009
2.009012834049009
2.009012834049009
2.009012834049009
2.009012834049009
2.009012834049009
2.009012834049009
