1.4500738086294431
1.9265262347341132
1.9888793564964102
2.005369621683844
2.005391174516769
2.005391174516769
2.005391174516769
2.005391174516769
2.005391174516769
2.005391174516769
2.005391174516769
2.005391174516769
2.005391174516769
2.005391174516769
2.005391174516769
2.005391174516769
2.005391174516769
2.005391174516769
2.005391174516769
2.005391174516769
2.005391174516769
2.005391174516769
2.005391174516769
2.005391174516769
2.005391174516769
1.4500738086294431
1.9948290156103032
2.0079477190101716
2.0079477190101716
2.0079477190101716
2.007956192262801
2.0079594978544035
2.0079594978544035
2.0079594978544035
2.0079594978544035
2.0079594978544035
2.0079594978544035
2.0079594978544035
2.0079594978544035
2.0079594978544035
2.0079594978544035
2.0079594978544035
2.0079594978544035
2.0079594978544035
2.0079594978544035
2.0079594978544035
2.0079594978544035
2.0079594978544035
2.0079594978544035
2.0079594978544035
1.4500738086294431
1.9874929004045623
2.0505052015501533
2.0538552177727794
2.0538552177727794
2.0538552177727794
2.0538552177727794
2.0538552177727794
2.0538552177727794
2.0538552177727794
2.0538552177727794
2.0538552177727794
2.0538552177727794
2.0538552177727794
2.0538552177727794
2.0538552177727794
2.0538552177727794
2.0538552177727794
2.0538552177727794
2.0538552177727794
2.0538552177727794
2.0538552177727794
2.0538552177727794
2.0538552177727794
2.0538552177727794
1.4500738086294431
1.9557473820336468
2.038786491068065
2.0438243037509753
2.043898361361594
2.043898361361594
2.043898361361594
2.043898361361594
2.043898361361594
2.043898361361594
2.043898361361594
2.043898361361594
2.043898361361594
2.043898361361594
2.043898361361594
2.043898361361594
2.0505052015501533
2.0505052015501533
2.0505052015501533
2.0505052015501533
2.0505052015501533
2.0505052015501533
2.0505052015501533
2.0505052015501533
2.0505052015501533
