1.7182615245004322
2.102398741779757
2.1235224478217685
2.1235224478217685
2.1235224478217685
2.1235224478217685
2.1235224478217685
2.1235224478217685
2.1235224478217685
2.1235224478217685
2.1235224478217685
2.1235224478217685
2.1235224478217685
2.1235224478217685
2.1235224478217685
2.1235224478217685
2.1235224478217685
2.1235224478217685
2.1235224478217685
2.1235224478217685
2.1235224478217685
2.1235224478217685
2.1235224478217685
2.1235224478217685
2.1235224478217685
1.7182615245004322
2.123366197821768
2.123444322821768
2.123444322821768
2.123444322821768
2.123463472235662
2.123463472235662
2.123463472235662
2.123463472235662
2.123463472235662
2.123463472235662
2.123463472235662
2.123463472235662
2.123463472235662
2.123463472235662
2.123463472235662
2.123463472235662
2.123463472235662
2.123463472235662
2.123463472235662
2.123463472235662
2.123463472235662
2.123463472235662
2.123463472235662
2.123463472235662
1.7182615245004322
2.0555963556289822
2.064567092365864
2.064567092365864
2.064567092365864
2.064567092365864
2.064567092365864
2.077488732503343
2.077488732503343
2.077528558675556
2.077528558675556
2.077528558675556
2.077528558675556
2.077528558675556
2.077528558675556
2.077528558675556
2.077528558675556
2.077528558675556
2.077528558675556
2.077528558675556
2.077528558675556
2.077528558675556
2.077528558675556
2.0775477080894493
2.0775477080894493
1.7182615245004322
2.064673177814491
2.120399566012705
2.1463577427710248
2.1463577427710248
2.1463577427710248
2.1463577427710248
2.1463577427710248
2.1463577427710248
2.1463577427710248
2.1463577427710248
2.1463577427710248
2.1463577427710248
2.1463577427710248
2.1463577427710248
2.1463577427710248
2.1463577427710248
2.1463577427710248
2.1463577427710248
2.1463577427710248
2.1463577427710248
2.1463577427710248
2.1463577427710248
2.1463577427710248
2.1463577427710248
1.7182615245004322
2.0821964410127047
2.1235415972356617
2.1235415972356617
2.1235415972356617
2.1235415972356617
2.1235415972356617
2.1235415972356617
2.1235415972356617
2.1235415972356617
2.1235415972356617
2.1235415972356617
2.1235415972356617
2.1235415972356617
2.1235415972356617
2.1235415972356617
2.1235415972356617
2.1235415972356617
2.1235415972356617
2.1235415972356617
2.1235415972356617
2.1235415972356617
2.1235415972356617
2.1235415972356617
2.1235415972356617
1.7182615245004322
2.0444988374960658
2.123425173407875
2.123425173407875
2.123425173407875
2.123425173407875
2.123425173407875
2.123425173407875
2.123425173407875
2.123425173407875
2.123425173407875
2.123425173407875
2.123425173407875
2.123425173407875
2.123425173407875
2.123425173407875
2.123425173407875
2.123425173407875
2.123425173407875
2.123425173407875
2.123425173407875
2.123425173407875
2.123425173407875
2.123425173407875
2.123425173407875
1.7182615245004322
2.110317795477342
2.123425173407875
2.123425173407875
2.123425173407875
2.123425173407875
2.123425173407875
2.123425173407875
2.123425173407875
2.123425173407875
2.123425173407875
2.123425173407875
2.123425173407875
2.123425173407875
2.123425173407875
2.123425173407875
2.123425173407875
2.123425173407875
2.123425173407875
2.123425173407875
2.123425173407875
2.123425173407875
2.123425173407875
2.123425173407875
2.123425173407875
1.7182615245004322
2.1390082290447245
2.139046527872512
2.139046527872512
2.139046527872512
2.139046527872512
2.139046527872512
2.139046527872512
2.139046527872512
2.139046527872512
2.139046527872512
2.139046527872512
2.139046527872512
2.139046527872512
2.139046527872512
2.139046527872512
2.139046527872512
2.139046527872512
2.139046527872512
2.14080828133113
2.14080828133113
2.14080828133113
2.14080828133113
2.14080828133113
2.14080828133113
1.7182615245004322
2.082429288668279
2.1463577427710248
2.1494407984078747
2.1541588452963967
2.1541588452963967
2.1541588452963967
2.1541588452963967
2.1541588452963967
2.1541588452963967
2.1541588452963967
2.1541588452963967
2.1541588452963967
2.1541588452963967
2.1541588452963967
2.1541588452963967
2.1541588452963967
2.1541588452963967
2.1541588452963967
2.1541588452963967
2.1541588452963967
2.1541588452963967
2.1541588452963967
2.1541588452963967
2.1541588452963967
1.7182615245004322
2.1259490274525996
2.1259490274525996
2.1259490274525996
2.1259490274525996
2.1259490274525996
2.1259490274525996
2.1259490274525996
2.1259490274525996
2.1259490274525996
2.1259490274525996
2.1259490274525996
2.1259490274525996
2.1259490274525996
2.1259490274525996
2.1259490274525996
2.1259490274525996
2.1259490274525996
2.1259490274525996
2.1259490274525996
2.1259490274525996
2.1259490274525996
2.1259490274525996
2.1259490274525996
2.1259490274525996
1.7182615245004322
2.1002443751081734
2.1415807202963966
2.1415807202963966
2.1415807202963966
2.1415807202963966
2.1415807202963966
2.1540807202963967
2.1540807202963967
2.1540807202963967
2.1540807202963967
2.1540807202963967
2.1540807202963967
2.1540807202963967
2.1540807202963967
2.1540807202963967
2.1540807202963967
2.1540807202963967
2.1540807202963967
2.1540807202963967
2.1540807202963967
2.1540807202963967
2.1540807202963967
2.1540807202963967
2.1540807202963967
1.7182615245004322
2.0793845318592155
2.1377443751081735
2.1377443751081735
2.1377443751081735
2.1377443751081735
2.1377443751081735
2.1377443751081735
2.1377443751081735
2.1377443751081735
2.1377443751081735
2.1377443751081735
2.1377443751081735
2.1377443751081735
2.1377443751081735
2.1377443751081735
2.1377443751081735
2.1377443751081735
2.1377443751081735
2.1377443751081735
2.1377443751081735
2.1377443751081735
2.1377443751081735
2.1377443751081735
2.1377443751081735
1.7182615245004322
2.1080263282196516
2.1080263282196516
2.1080263282196516
2.1080263282196516
2.1080263282196516
2.1080263282196516
2.1080263282196516
2.1080263282196516
2.1080263282196516
2.1080263282196516
2.1080263282196516
2.1080263282196516
2.1080263282196516
2.1080263282196516
2.1080263282196516
2.1080263282196516
2.1080263282196516
2.1080263282196516
2.1080263282196516
2.1080263282196516
2.1080263282196516
2.1080263282196516
2.1080263282196516
2.1080263282196516
1.7182615245004322
2.1181184371341746
2.1463577427710248
2.1463577427710248
2.1572036021054597
2.1572036021054597
2.1572036021054597
2.1572036021054597
2.1572036021054597
2.1572036021054597
2.1572036021054597
2.1572036021054597
2.1572036021054597
2.1572036021054597
2.1572036021054597
2.1572036021054597
2.1572036021054597
2.1572036021054597
2.1572036021054597
2.1572036021054597
2.1572036021054597
2.1572036021054597
2.1572036021054597
2.1572036021054597
2.1572036021054597
1.7182615245004322
2.082429288668279
2.1463577427710248
2.1463577427710248
2.1463577427710248
2.1463577427710248
2.1463577427710248
2.1463577427710248
2.1463577427710248
2.1463577427710248
2.1463577427710248
2.1463577427710248
2.1463577427710248
2.1463577427710248
2.1463577427710248
2.1463577427710248
2.1463577427710248
2.1463577427710248
2.1463577427710248
2.1463577427710248
2.1463577427710248
2.1463577427710248
2.1463577427710248
2.1463577427710248
2.1463577427710248
1.7182615245004322
2.0948511636682787
2.123425173407875
2.123425173407875
2.123425173407875
2.123425173407875
2.123425173407875
2.123425173407875
2.123425173407875
2.123425173407875
2.123425173407875
2.123425173407875
2.123425173407875
2.123425173407875
2.123425173407875
2.123425173407875
2.123425173407875
2.123425173407875
2.123425173407875
2.123425173407875
2.123425173407875
2.123425173407875
2.123425173407875
2.123425173407875
2.123425173407875
