1.7182615245004322
2.102398741779757
2.1235224478217685
2.1235224478217685
2.1235224478217685
2.1235224478217685
2.1235224478217685
2.1235224478217685
2.1235224478217685
2.1235224478217685
2.1235224478217685
2.1235224478217685
2.1235224478217685
2.1235224478217685
2.1235224478217685
2.1235224478217685
2.1235224478217685
2.1235224478217685
2.1235224478217685
2.1235224478217685
2.1235224478217685
2.1235224478217685
2.1235224478217685
2.1235224478217685
2.1235224478217685
1.7182615245004322
2.123366197821768
2.123444322821768
2.123444322821768
2.123444322821768
2.123463472235662
2.123463472235662
2.123463472235662
2.123463472235662
2.123463472235662
2.123463472235662
2.123463472235662
2.123463472235662
2.123463472235662
2.123463472235662
2.123463472235662
2.123463472235662
2.123463472235662
2.123463472235662
2.123463472235662
2.123463472235662
2.123463472235662
2.123463472235662
2.123463472235662
2.123463472235662
