1.7182615245004322
2.102398741779757
2.1235224478217685
2.1235224478217685
2.1235224478217685
2.1235224478217685
2.1235224478217685
2.1235224478217685
2.1235224478217685
2.1235224478217685
2.1235224478217685
2.1235224478217685
2.1235224478217685
2.1235224478217685
2.1235224478217685
2.1235224478217685
2.1235224478217685
2.1235224478217685
2.1235224478217685
2.1235224478217685
2.1235224478217685
2.1235224478217685
2.1235224478217685
2.1235224478217685
2.1235224478217685
1.7182615245004322
2.123366197821768
2.123444322821768
2.123444322821768
2.123444322821768
2.123463472235662
2.123463472235662
2.123463472235662
2.123463472235662
2.123463472235662
2.123463472235662
2.123463472235662
2.123463472235662
2.123463472235662
2.123463472235662
2.123463472235662
2.123463472235662
2.123463472235662
2.123463472235662
2.123463472235662
2.123463472235662
2.123463472235662
2.123463472235662
2.123463472235662
2.123463472235662
1.7182615245004322
2.0555963556289822
2.064567092365864
2.064567092365864
2.064567092365864
2.064567092365864
2.064567092365864
2.077488732503343
2.077488732503343
2.077528558675556
2.077528558675556
2.077528558675556
2.077528558675556
2.077528558675556
2.077528558675556
2.077528558675556
2.077528558675556
2.077528558675556
2.077528558675556
2.077528558675556
2.077528558675556
2.077528558675556
2.077528558675556
2.0775477080894493
2.0775477080894493
1.7182615245004322
2.064673177814491
2.120399566012705
2.1463577427710248
2.1463577427710248
2.1463577427710248
2.1463577427710248
2.1463577427710248
2.1463577427710248
2.1463577427710248
2.1463577427710248
2.1463577427710248
2.1463577427710248
2.1463577427710248
2.1463577427710248
2.1463577427710248
2.1463577427710248
2.1463577427710248
2.1463577427710248
2.1463577427710248
2.1463577427710248
2.1463577427710248
2.1463577427710248
2.1463577427710248
2.1463577427710248
