1.3411021985819762
1.7067194400924721
1.8011399819670013
1.8469121695616524
1.860042629491276
1.8832640331792596
1.8889674374491499
1.890628216711257
1.8937015794176517
1.8937015794176517
1.8943282371282648
1.8946327198728818
1.913877782562591
1.9187952399085262
1.9187952399085262
1.9187952399085262
1.9188028775642234
1.9238546788833482
1.9238546788833482
1.9238546788833482
1.9238546788833482
1.9238546788833482
1.9238546788833482
1.9238546788833482
1.9238546788833482
1.3411021985819762
1.6867560668122372
1.8286794281049767
1.8614907063840465
1.881762487232417
1.933909047481721
1.93399560765775
1.93399560765775
1.93399560765775
1.93399560765775
1.9342086228580255
1.9342086228580255
1.9342086228580255
1.9342086228580255
1.9342086228580255
1.9472442854799665
1.9472442854799665
1.9472442854799665
1.9472442854799665
1.9472442854799665
1.9472442854799665
1.9472442854799665
1.9472442854799665
1.9472442854799665
1.9472442854799665
