1.3411021985819762
1.7067194400924721
1.8011399819670013
1.8469121695616524
1.860042629491276
1.8832640331792596
1.8889674374491499
1.890628216711257
1.8937015794176517
1.8937015794176517
1.8943282371282648
1.8946327198728818
1.913877782562591
1.9187952399085262
1.9187952399085262
1.9187952399085262
1.9188028775642234
1.9238546788833482
1.9238546788833482
1.9238546788833482
1.9238546788833482
1.9238546788833482
1.9238546788833482
1.9238546788833482
1.9238546788833482
1.3411021985819762
1.6867560668122372
1.8286794281049767
1.8614907063840465
1.881762487232417
1.933909047481721
1.93399560765775
1.93399560765775
1.93399560765775
1.93399560765775
1.9342086228580255
1.9342086228580255
1.9342086228580255
1.9342086228580255
1.9342086228580255
1.9472442854799665
1.9472442854799665
1.9472442854799665
1.9472442854799665
1.9472442854799665
1.9472442854799665
1.9472442854799665
1.9472442854799665
1.9472442854799665
1.9472442854799665
1.3411021985819762
1.6845801875489606
1.7316754620420876
1.7646457202864732
1.793830867307326
1.7974649440377057
1.7989826768463693
1.8070832458111787
1.8267939870538945
1.8392630173879623
1.8594326944123494
1.8671784799986537
1.8719714371062668
1.8719714371062668
1.8719714371062668
1.8719714371062668
1.8719714371062668
1.8719714371062668
1.8719717246693508
1.8719717246693508
1.87199026474057
1.87199026474057
1.87199026474057
1.8757651711684524
1.8757651711684524
1.3411021985819762
1.5736490044485398
1.6235775449753924
1.6767156802251448
1.7421598236772335
1.7899876638256844
1.800701158418158
1.816897920418256
1.8593328606319501
1.8623130951102211
1.8633449809796732
1.8661889822500841
1.8661889822500841
1.8661889822500841
1.8661889822500841
1.8661889822500841
1.8661889822500841
1.8661889822500841
1.8661889822500841
1.8661889822500841
1.8661889822500841
1.8661889822500841
1.8661889822500841
1.8661911001345017
1.866910239690247
1.3411021985819762
1.7026087311742313
1.80751181047722
1.8594094223973916
1.8919249620964957
1.918125692185876
1.9336703529195707
1.9336703529195707
1.9336703529195707
1.9336703529195707
1.9336703529195707
1.9336703529195707
1.9336703529195707
1.9336703529195707
1.9336703529195707
1.9336703529195707
1.9336703529195707
1.9336703529195707
1.9336703529195707
1.9336703529195707
1.9336703529195707
1.9336703529195707
1.9336703529195707
1.9336703529195707
1.9336703529195707
1.3411021985819762
1.6259617342056845
1.6816483987546038
1.7498058449231573
1.7922502821093795
1.836170220982857
1.8554295213116103
1.8699249690540747
1.8699354477993264
1.8699354477993264
1.8699354477993264
1.8699354477993264
1.882618853123907
1.882618853123907
1.882618853123907
1.882618853123907
1.882618853123907
1.882618853123907
1.882618853123907
1.882618853123907
1.882618853123907
1.882618853123907
1.882618853123907
1.882618853123907
1.882618853123907
1.3411021985819762
1.6524049041915516
1.7604709731966854
1.7980080387759105
1.8107593039642762
1.8107593039642762
1.815491862838285
1.8243219388410337
1.8389224177316152
1.8569931846266627
1.8617996113780104
1.8714286725121643
1.8999591896242654
1.8999877776119827
1.904805067372432
1.9091729368495267
1.9091729368495267
1.9092488135859453
1.909252889292134
1.9092820483308763
1.9104640356109486
1.9104640356109486
1.9104640356109486
1.910694910308846
1.910694910308846
1.3411021985819762
1.6297414302774895
1.7772130986864996
1.7943876692386822
1.8059441664745586
1.8095707847461633
1.8332358753304172
1.8663328477618197
1.8989500141706501
1.9138656470574893
1.9171523223012945
1.917181783930196
1.9262006346780156
1.9262006346780156
1.9262093475666555
1.9296572092597732
1.9296572092597732
1.9296572092597732
1.9296572092597732
1.9296572092597732
1.9296572092597732
1.9296572092597732
1.9296572092597732
1.9296572092597732
1.9296572092597732
1.3411021985819762
1.7335720459591046
1.8033306992702758
1.8428218804140397
1.8751810370784243
1.8751987349870867
1.8776263892030822
1.8789439767730753
1.8921663014672039
1.8982903010564183
1.9261092381408715
1.9261092381408715
1.9295357377289464
1.9295357377289464
1.9295357377289464
1.9295357377289464
1.9295357377289464
1.9295357377289464
1.9295357377289464
1.9296599194201254
1.9296599194201254
1.9296599194201254
1.9296599194201254
1.9296599194201254
1.9296599194201254
1.3411021985819762
1.7206325576066355
1.7832193798878468
1.821960575671123
1.8578824752768375
1.860679176259174
1.8708472918967645
1.8806291395892263
1.8807453225354855
1.8900528626527768
1.8900803466195324
1.8900803466195324
1.8900803466195324
1.8994189017535827
1.8994873897483835
1.8994980570107702
1.8994980570107702
1.9043421623590657
1.90577432052839
1.910694910308846
1.910694910308846
1.910694910308846
1.910694910308846
1.910694910308846
1.910694910308846
1.3411021985819762
1.6082469087489133
1.7083116705269124
1.7880846643401591
1.804648415693228
1.8086586683878985
1.8271005376253957
1.8421536138120913
1.8545204855104425
1.8598755424097078
1.8599365174801799
1.8599365174801799
1.8599365174801799
1.8599616237557077
1.8686182585853295
1.8734381677215062
1.8734381677215062
1.8734381677215062
1.8734381677215062
1.8734381677215062
1.873441501342832
1.873441501342832
1.873441501342832
1.873441501342832
1.8734441296070017
1.3411021985819762
1.636185223569119
1.7287242529863114
1.8011501885612278
1.8356394776025642
1.8524596374277933
1.8687066852004923
1.8840588058515215
1.8914833655536483
1.9113787670464049
1.9172218592648655
1.9256994536042122
1.9256994536042122
1.9256994536042122
1.9256994536042122
1.9257059650533888
1.9257059650533888
1.9257059650533888
1.9315282929726696
1.9315282929726696
1.9315282929726696
1.9315282929726696
1.9315282929726696
1.9315282929726696
1.9315282929726696
1.3411021985819762
1.604829467381153
1.7159845177349018
1.745009413669414
1.7648278396130022
1.7800376029048173
1.810488476191814
1.8118727224741569
1.8165667438627804
1.8213144117877025
1.8213362947733163
1.8213362947733163
1.8213362947733163
1.8213362947733163
1.8213362947733163
1.8213362947733163
1.8213362947733163
1.8213544005677575
1.8213544005677575
1.8213544005677575
1.8213544005677575
1.8213544005677575
1.8213544005677575
1.8213544005677575
1.8213544005677575
