1.3411021985819762
1.7067194400924721
1.8011399819670013
1.8469121695616524
1.860042629491276
1.8832640331792596
1.8889674374491499
1.890628216711257
1.8937015794176517
1.8937015794176517
1.8943282371282648
1.8946327198728818
1.913877782562591
1.9187952399085262
1.9187952399085262
1.9187952399085262
1.9188028775642234
1.9238546788833482
1.9238546788833482
1.9238546788833482
1.9238546788833482
1.9238546788833482
1.9238546788833482
1.9238546788833482
1.9238546788833482
1.3411021985819762
1.6867560668122372
1.8286794281049767
1.8614907063840465
1.881762487232417
1.933909047481721
1.93399560765775
1.93399560765775
1.93399560765775
1.93399560765775
1.9342086228580255
1.9342086228580255
1.9342086228580255
1.9342086228580255
1.9342086228580255
1.9472442854799665
1.9472442854799665
1.9472442854799665
1.9472442854799665
1.9472442854799665
1.9472442854799665
1.9472442854799665
1.9472442854799665
1.9472442854799665
1.9472442854799665
1.3411021985819762
1.6845801875489606
1.7316754620420876
1.7646457202864732
1.793830867307326
1.7974649440377057
1.7989826768463693
1.8070832458111787
1.8267939870538945
1.8392630173879623
1.8594326944123494
1.8671784799986537
1.8719714371062668
1.8719714371062668
1.8719714371062668
1.8719714371062668
1.8719714371062668
1.8719714371062668
1.8719717246693508
1.8719717246693508
1.87199026474057
1.87199026474057
1.87199026474057
1.8757651711684524
1.8757651711684524
1.3411021985819762
1.5736490044485398
1.6235775449753924
1.6767156802251448
1.7421598236772335
1.7899876638256844
1.800701158418158
1.816897920418256
1.8593328606319501
1.8623130951102211
1.8633449809796732
1.8661889822500841
1.8661889822500841
1.8661889822500841
1.8661889822500841
1.8661889822500841
1.8661889822500841
1.8661889822500841
1.8661889822500841
1.8661889822500841
1.8661889822500841
1.8661889822500841
1.8661889822500841
1.8661911001345017
1.866910239690247
1.3411021985819762
1.7026087311742313
1.80751181047722
1.8594094223973916
1.8919249620964957
1.918125692185876
1.9336703529195707
1.9336703529195707
1.9336703529195707
1.9336703529195707
1.9336703529195707
1.9336703529195707
1.9336703529195707
1.9336703529195707
1.9336703529195707
1.9336703529195707
1.9336703529195707
1.9336703529195707
1.9336703529195707
1.9336703529195707
1.9336703529195707
1.9336703529195707
1.9336703529195707
1.9336703529195707
1.9336703529195707
1.3411021985819762
1.6259617342056845
1.6816483987546038
1.7498058449231573
1.7922502821093795
1.836170220982857
1.8554295213116103
1.8699249690540747
1.8699354477993264
1.8699354477993264
1.8699354477993264
1.8699354477993264
1.882618853123907
1.882618853123907
1.882618853123907
1.882618853123907
1.882618853123907
1.882618853123907
1.882618853123907
1.882618853123907
1.882618853123907
1.882618853123907
1.882618853123907
1.882618853123907
1.882618853123907
1.3411021985819762
1.6524049041915516
1.7604709731966854
1.7980080387759105
1.8107593039642762
1.8107593039642762
1.815491862838285
1.8243219388410337
1.8389224177316152
1.8569931846266627
1.8617996113780104
1.8714286725121643
1.8999591896242654
1.8999877776119827
1.904805067372432
1.9091729368495267
1.9091729368495267
1.9092488135859453
1.909252889292134
1.9092820483308763
1.9104640356109486
1.9104640356109486
1.9104640356109486
1.910694910308846
1.910694910308846
