1.3624025197665934
1.9578016308561967
2.012012195518018
2.017105281256011
2.017105281256011
2.0171109376153984
2.017153009569322
2.017153009569322
2.017159346412882
2.017159346412882
2.022229732338788
2.0223267649275054
2.027671526007672
2.027671526007672
2.027671526007672
2.0285679441563644
2.031347691965505
2.031347691965505
2.031347691965505
2.031347691965505
2.031347691965505
2.031347691965505
2.031347691965505
2.031347691965505
2.031347691965505
1.3624025197665934
1.9578016308561967
2.012012195518018
2.017105281256011
2.017105281256011
2.0171109376153984
2.017153009569322
2.017153009569322
2.017159346412882
2.017159346412882
2.022229732338788
2.0223267649275054
2.027671526007672
2.027671526007672
2.027671526007672
2.0285679441563644
2.031347691965505
2.031347691965505
2.031347691965505
2.031347691965505
2.031347691965505
2.031347691965505
2.031347691965505
2.031347691965505
2.031347691965505
1.3624025197665934
1.9578016308561967
2.012012195518018
2.017105281256011
2.017105281256011
2.0171109376153984
2.017153009569322
2.017153009569322
2.017159346412882
2.017159346412882
2.022229732338788
2.0223267649275054
2.027671526007672
2.027671526007672
2.027671526007672
2.0285679441563644
2.031347691965505
2.031347691965505
2.031347691965505
2.031347691965505
2.031347691965505
2.031347691965505
2.031347691965505
2.031347691965505
2.031347691965505
1.3624025197665934
1.9578016308561967
2.012012195518018
2.017105281256011
2.017105281256011
2.0171109376153984
2.017153009569322
2.017153009569322
2.017159346412882
2.017159346412882
2.022229732338788
2.0223267649275054
2.027671526007672
2.027671526007672
2.027671526007672
2.0285679441563644
2.031347691965505
2.031347691965505
2.031347691965505
2.031347691965505
2.031347691965505
2.031347691965505
2.031347691965505
2.031347691965505
2.031347691965505
1.3624025197665934
1.9578016308561967
2.012012195518018
2.017105281256011
2.017105281256011
2.0171109376153984
2.017153009569322
2.017153009569322
2.017159346412882
2.017159346412882
2.022229732338788
2.0223267649275054
2.027671526007672
2.027671526007672
2.027671526007672
2.0285679441563644
2.031347691965505
2.031347691965505
2.031347691965505
2.031347691965505
2.031347691965505
2.031347691965505
2.031347691965505
2.031347691965505
2.031347691965505
1.3624025197665934
1.9578016308561967
2.012012195518018
2.017105281256011
2.017105281256011
2.0171109376153984
2.017153009569322
2.017153009569322
2.017159346412882
2.017159346412882
2.022229732338788
2.0223267649275054
2.027671526007672
2.027671526007672
2.027671526007672
2.0285679441563644
2.031347691965505
2.031347691965505
2.031347691965505
2.031347691965505
2.031347691965505
2.031347691965505
2.031347691965505
2.031347691965505
2.031347691965505
1.3624025197665934
1.9578016308561967
2.012012195518018
2.017105281256011
2.017105281256011
2.0171109376153984
2.017153009569322
2.017153009569322
2.017159346412882
2.017159346412882
2.022229732338788
2.0223267649275054
2.027671526007672
2.027671526007672
2.027671526007672
2.0285679441563644
2.031347691965505
2.031347691965505
2.031347691965505
2.031347691965505
2.031347691965505
2.031347691965505
2.031347691965505
2.031347691965505
2.031347691965505
1.3624025197665934
1.9578016308561967
2.012012195518018
2.017105281256011
2.017105281256011
2.0171109376153984
2.017153009569322
2.017153009569322
2.017159346412882
2.017159346412882
2.022229732338788
2.0223267649275054
2.027671526007672
2.027671526007672
2.027671526007672
2.0285679441563644
2.031347691965505
2.031347691965505
2.031347691965505
2.031347691965505
2.031347691965505
2.031347691965505
2.031347691965505
2.031347691965505
2.031347691965505
