0.7857142857142857	-0.18615791022925893
0.7571428571428571	-0.17908516933011828
0.7785714285714286	-0.18140054525259836
0.7714285714285715	-0.17969126431354776
0.7642857142857142	-0.1794255775182316
0.7785714285714286	-0.18140054525259836
0.7785714285714286	-0.18140054525259836
0.7785714285714286	-0.18140054525259836
0.7785714285714286	-0.18140054525259836
0.7785714285714286	-0.18140054525259836
0.7785714285714286	-0.18140054525259836
0.7785714285714286	-0.18140054525259836
0.7785714285714286	-0.18140054525259836
0.7785714285714286	-0.18140054525259836
0.7785714285714286	-0.18140054525259836
0.7785714285714286	-0.18140054525259836
0.7785714285714286	-0.18140054525259836
0.7785714285714286	-0.18140054525259836
0.7785714285714286	-0.18140054525259836
0.7785714285714286	-0.18140054525259836
0.7642857142857142	-0.1794255775182316
0.7785714285714286	-0.18140054525259836
0.7785714285714286	-0.18140054525259836
0.7785714285714286	-0.18140054525259836
0.7785714285714286	-0.18140054525259836
0.7785714285714286	-0.18140054525259836
0.7785714285714286	-0.18140054525259836
0.7785714285714286	-0.18140054525259836
0.7571428571428571	-0.17908516933011828
0.7785714285714286	-0.18140054525259836
0.7785714285714286	-0.18140054525259836
0.7785714285714286	-0.18140054525259836
0.7785714285714286	-0.18140054525259836
0.7785714285714286	-0.18140054525259836
0.7785714285714286	-0.18140054525259836
0.7785714285714286	-0.18140054525259836
0.7785714285714286	-0.18140054525259836
0.7785714285714286	-0.18140054525259836
0.7785714285714286	-0.18140054525259836
0.7785714285714286	-0.18140054525259836
0.7785714285714286	-0.18140054525259836
0.7785714285714286	-0.18140054525259836
0.7785714285714286	-0.18140054525259836
0.7857142857142857	-0.18615791022925893
0.7785714285714286	-0.18140054525259836
0.7785714285714286	-0.18140054525259836
0.7785714285714286	-0.18140054525259836
0.7785714285714286	-0.18140054525259836
0.7785714285714286	-0.18140054525259836
0.7785714285714286	-0.18140054525259836
0.7785714285714286	-0.18140054525259836
0.7785714285714286	-0.18140054525259836
0.7785714285714286	-0.18140054525259836
0.7785714285714286	-0.18140054525259836
0.7785714285714286	-0.18140054525259836
0.7785714285714286	-0.18140054525259836
0.7785714285714286	-0.18140054525259836
0.7785714285714286	-0.18140054525259836
0.7785714285714286	-0.18140054525259836
0.7785714285714286	-0.18140054525259836
0.7785714285714286	-0.18140054525259836
0.7785714285714286	-0.18140054525259836
0.7785714285714286	-0.18140054525259836
0.7785714285714286	-0.18140054525259836
0.7785714285714286	-0.18140054525259836
0.7785714285714286	-0.18140054525259836
0.7785714285714286	-0.18140054525259836
0.7785714285714286	-0.18140054525259836
0.7785714285714286	-0.18140054525259836
0.7785714285714286	-0.18140054525259836
0.7785714285714286	-0.18140054525259836
0.7785714285714286	-0.18140054525259836
0.7785714285714286	-0.18140054525259836
0.7785714285714286	-0.18140054525259836
0.7785714285714286	-0.18140054525259836
0.7785714285714286	-0.18140054525259836
0.7785714285714286	-0.18140054525259836
0.7785714285714286	-0.18140054525259836
0.7785714285714286	-0.18140054525259836
0.7785714285714286	-0.18140054525259836
0.7785714285714286	-0.18140054525259836
0.7785714285714286	-0.18140054525259836
0.7785714285714286	-0.18140054525259836
0.7785714285714286	-0.18140054525259836
0.7785714285714286	-0.18140054525259836
0.7785714285714286	-0.18140054525259836
0.7785714285714286	-0.18140054525259836
0.7785714285714286	-0.18140054525259836
0.7785714285714286	-0.18140054525259836
0.7785714285714286	-0.18140054525259836
0.7785714285714286	-0.18140054525259836
0.7785714285714286	-0.18140054525259836
0.7785714285714286	-0.18140054525259836
0.7714285714285715	-0.17969126431354776
0.7785714285714286	-0.18140054525259836
0.7785714285714286	-0.18140054525259836
0.7857142857142857	-0.18615791022925893
0.7785714285714286	-0.18140054525259836
0.7785714285714286	-0.18140054525259836
0.7785714285714286	-0.18140054525259836
0.7785714285714286	-0.18140054525259836
0.7785714285714286	-0.18140054525259836
0.7785714285714286	-0.18140054525259836
0.7785714285714286	-0.18140054525259836
0.7785714285714286	-0.18140054525259836
0.7785714285714286	-0.18140054525259836
0.7785714285714286	-0.18140054525259836
0.7785714285714286	-0.18140054525259836
0.7785714285714286	-0.18140054525259836
0.7785714285714286	-0.18140054525259836
0.7785714285714286	-0.18140054525259836
0.7785714285714286	-0.18140054525259836
0.7785714285714286	-0.18140054525259836
0.7785714285714286	-0.18140054525259836
0.7785714285714286	-0.18140054525259836
0.7785714285714286	-0.18140054525259836
0.7785714285714286	-0.18140054525259836
0.7785714285714286	-0.18140054525259836
0.7785714285714286	-0.18140054525259836
0.7785714285714286	-0.18140054525259836
0.7785714285714286	-0.18140054525259836
0.7785714285714286	-0.18140054525259836
0.7785714285714286	-0.18140054525259836
0.7785714285714286	-0.18140054525259836
0.7785714285714286	-0.18140054525259836
0.7785714285714286	-0.18140054525259836
0.7785714285714286	-0.18140054525259836
0.7785714285714286	-0.18140054525259836
0.7785714285714286	-0.18140054525259836
0.7785714285714286	-0.18140054525259836
0.7714285714285715	-0.17969126431354776
0.7785714285714286	-0.18140054525259836
0.7785714285714286	-0.18140054525259836
0.7785714285714286	-0.18140054525259836
0.7785714285714286	-0.18140054525259836
0.7785714285714286	-0.18140054525259836
0.7785714285714286	-0.18140054525259836
0.7785714285714286	-0.18140054525259836
0.7785714285714286	-0.18140054525259836
0.7785714285714286	-0.18140054525259836
0.7785714285714286	-0.18140054525259836
0.7785714285714286	-0.18140054525259836
0.7785714285714286	-0.18140054525259836
0.7785714285714286	-0.18140054525259836
0.7785714285714286	-0.18140054525259836
0.7571428571428571	-0.17908516933011828
0.7785714285714286	-0.18140054525259836
0.7785714285714286	-0.18140054525259836
0.7785714285714286	-0.18140054525259836
0.7785714285714286	-0.18140054525259836
0.7785714285714286	-0.18140054525259836
0.7714285714285715	-0.17969126431354776
0.7785714285714286	-0.18140054525259836
0.7785714285714286	-0.18140054525259836
0.7785714285714286	-0.18140054525259836
0.7785714285714286	-0.18140054525259836
0.7785714285714286	-0.18140054525259836
0.7785714285714286	-0.18140054525259836
0.7785714285714286	-0.18140054525259836
0.7785714285714286	-0.18140054525259836
0.7785714285714286	-0.18140054525259836
0.7785714285714286	-0.18140054525259836
0.7785714285714286	-0.18140054525259836
0.7785714285714286	-0.18140054525259836
0.7785714285714286	-0.18140054525259836
0.7785714285714286	-0.18140054525259836
0.7785714285714286	-0.18140054525259836
0.7785714285714286	-0.18140054525259836
0.7785714285714286	-0.18140054525259836
0.7785714285714286	-0.18140054525259836
0.7785714285714286	-0.18140054525259836
0.7785714285714286	-0.18140054525259836
0.7785714285714286	-0.18140054525259836
0.7785714285714286	-0.18140054525259836
0.7785714285714286	-0.18140054525259836
0.7785714285714286	-0.18140054525259836
0.7785714285714286	-0.18140054525259836
0.7785714285714286	-0.18140054525259836
0.7785714285714286	-0.18140054525259836
0.7785714285714286	-0.18140054525259836
0.7785714285714286	-0.18140054525259836
0.7785714285714286	-0.18140054525259836
0.7785714285714286	-0.18140054525259836
0.7785714285714286	-0.18140054525259836
0.7714285714285715	-0.17969126431354776
0.7785714285714286	-0.18140054525259836
0.7785714285714286	-0.18140054525259836
0.7785714285714286	-0.18140054525259836
0.7785714285714286	-0.18140054525259836
0.7785714285714286	-0.18140054525259836
0.7785714285714286	-0.18140054525259836
0.7785714285714286	-0.18140054525259836
0.7785714285714286	-0.18140054525259836
0.7785714285714286	-0.18140054525259836
0.7785714285714286	-0.18140054525259836
0.7785714285714286	-0.18140054525259836
0.7785714285714286	-0.18140054525259836
0.7785714285714286	-0.18140054525259836
0.7785714285714286	-0.18140054525259836
0.7785714285714286	-0.18140054525259836
