0.7642857142857142	-0.16798562759579105
0.8	-0.17996155625794444
0.7785714285714286	-0.16980625261124438
0.7928571428571428	-0.17379771069690253
0.7857142857142857	-0.17345240257547012
0.7928571428571428	-0.17379771069690253
0.7928571428571428	-0.17379771069690253
0.7928571428571428	-0.17379771069690253
0.7928571428571428	-0.17379771069690253
0.7928571428571428	-0.17379771069690253
0.7857142857142857	-0.17345240257547012
0.7928571428571428	-0.17379771069690253
0.7928571428571428	-0.17379771069690253
0.7928571428571428	-0.17379771069690253
0.7928571428571428	-0.17379771069690253
0.7928571428571428	-0.17379771069690253
0.7928571428571428	-0.17379771069690253
0.7928571428571428	-0.17379771069690253
0.7928571428571428	-0.17379771069690253
0.7928571428571428	-0.17379771069690253
0.7928571428571428	-0.17379771069690253
0.7928571428571428	-0.17379771069690253
0.7928571428571428	-0.17379771069690253
0.7928571428571428	-0.17379771069690253
0.7928571428571428	-0.17379771069690253
0.7928571428571428	-0.17379771069690253
0.7857142857142857	-0.17345240257547012
0.7928571428571428	-0.17379771069690253
0.7928571428571428	-0.17379771069690253
0.7928571428571428	-0.17379771069690253
0.7928571428571428	-0.17379771069690253
0.7928571428571428	-0.17379771069690253
0.7928571428571428	-0.17379771069690253
0.7928571428571428	-0.17379771069690253
0.7928571428571428	-0.17379771069690253
0.7928571428571428	-0.17379771069690253
0.7928571428571428	-0.17379771069690253
0.7928571428571428	-0.17379771069690253
0.7928571428571428	-0.17379771069690253
0.7928571428571428	-0.17379771069690253
0.7928571428571428	-0.17379771069690253
0.7928571428571428	-0.17379771069690253
0.7928571428571428	-0.17379771069690253
0.7928571428571428	-0.17379771069690253
0.7928571428571428	-0.17379771069690253
0.7928571428571428	-0.17379771069690253
0.7928571428571428	-0.17379771069690253
0.7928571428571428	-0.17379771069690253
0.7928571428571428	-0.17379771069690253
0.7928571428571428	-0.17379771069690253
0.7928571428571428	-0.17379771069690253
0.7928571428571428	-0.17379771069690253
0.7785714285714286	-0.16980625261124438
0.7928571428571428	-0.17379771069690253
0.7928571428571428	-0.17379771069690253
0.7928571428571428	-0.17379771069690253
0.7928571428571428	-0.17379771069690253
0.7928571428571428	-0.17379771069690253
0.7928571428571428	-0.17379771069690253
0.7928571428571428	-0.17379771069690253
0.7928571428571428	-0.17379771069690253
0.7928571428571428	-0.17379771069690253
0.7928571428571428	-0.17379771069690253
0.7928571428571428	-0.17379771069690253
0.7928571428571428	-0.17379771069690253
0.7928571428571428	-0.17379771069690253
0.7857142857142857	-0.17345240257547012
0.7928571428571428	-0.17379771069690253
0.7928571428571428	-0.17379771069690253
0.7928571428571428	-0.17379771069690253
0.7928571428571428	-0.17379771069690253
0.7928571428571428	-0.17379771069690253
0.7928571428571428	-0.17379771069690253
0.7857142857142857	-0.17345240257547012
0.7928571428571428	-0.17379771069690253
0.7928571428571428	-0.17379771069690253
0.7928571428571428	-0.17379771069690253
0.7928571428571428	-0.17379771069690253
0.7928571428571428	-0.17379771069690253
0.7928571428571428	-0.17379771069690253
0.7928571428571428	-0.17379771069690253
0.7928571428571428	-0.17379771069690253
0.7928571428571428	-0.17379771069690253
0.7928571428571428	-0.17379771069690253
0.7785714285714286	-0.16980625261124438
0.7928571428571428	-0.17379771069690253
0.7928571428571428	-0.17379771069690253
0.7928571428571428	-0.17379771069690253
0.7928571428571428	-0.17379771069690253
0.7928571428571428	-0.17379771069690253
0.7928571428571428	-0.17379771069690253
0.7928571428571428	-0.17379771069690253
0.7928571428571428	-0.17379771069690253
0.7928571428571428	-0.17379771069690253
0.7928571428571428	-0.17379771069690253
0.7928571428571428	-0.17379771069690253
0.7928571428571428	-0.17379771069690253
0.7928571428571428	-0.17379771069690253
0.7928571428571428	-0.17379771069690253
0.7928571428571428	-0.17379771069690253
0.7928571428571428	-0.17379771069690253
0.7928571428571428	-0.17379771069690253
0.7928571428571428	-0.17379771069690253
0.7928571428571428	-0.17379771069690253
0.7928571428571428	-0.17379771069690253
0.7928571428571428	-0.17379771069690253
0.7928571428571428	-0.17379771069690253
0.7928571428571428	-0.17379771069690253
0.7928571428571428	-0.17379771069690253
0.7928571428571428	-0.17379771069690253
0.7928571428571428	-0.17379771069690253
0.7928571428571428	-0.17379771069690253
0.7928571428571428	-0.17379771069690253
0.7928571428571428	-0.17379771069690253
0.7928571428571428	-0.17379771069690253
0.7928571428571428	-0.17379771069690253
0.7928571428571428	-0.17379771069690253
0.7928571428571428	-0.17379771069690253
0.7928571428571428	-0.17379771069690253
0.7928571428571428	-0.17379771069690253
0.7928571428571428	-0.17379771069690253
0.7928571428571428	-0.17379771069690253
0.7928571428571428	-0.17379771069690253
0.7857142857142857	-0.17345240257547012
0.7928571428571428	-0.17379771069690253
0.7928571428571428	-0.17379771069690253
0.7928571428571428	-0.17379771069690253
0.7928571428571428	-0.17379771069690253
0.7928571428571428	-0.17379771069690253
0.7928571428571428	-0.17379771069690253
0.7928571428571428	-0.17379771069690253
0.7928571428571428	-0.17379771069690253
0.7928571428571428	-0.17379771069690253
0.7928571428571428	-0.17379771069690253
0.7928571428571428	-0.17379771069690253
0.7928571428571428	-0.17379771069690253
0.7928571428571428	-0.17379771069690253
0.7928571428571428	-0.17379771069690253
0.7928571428571428	-0.17379771069690253
0.7928571428571428	-0.17379771069690253
0.7928571428571428	-0.17379771069690253
0.7928571428571428	-0.17379771069690253
0.7928571428571428	-0.17379771069690253
0.7928571428571428	-0.17379771069690253
0.7928571428571428	-0.17379771069690253
0.7928571428571428	-0.17379771069690253
0.7928571428571428	-0.17379771069690253
0.7928571428571428	-0.17379771069690253
0.7928571428571428	-0.17379771069690253
0.7928571428571428	-0.17379771069690253
0.7928571428571428	-0.17379771069690253
0.7928571428571428	-0.17379771069690253
0.7928571428571428	-0.17379771069690253
0.7928571428571428	-0.17379771069690253
0.7928571428571428	-0.17379771069690253
0.7857142857142857	-0.17345240257547012
0.7928571428571428	-0.17379771069690253
0.7928571428571428	-0.17379771069690253
0.7928571428571428	-0.17379771069690253
0.7928571428571428	-0.17379771069690253
0.7928571428571428	-0.17379771069690253
0.7928571428571428	-0.17379771069690253
0.7928571428571428	-0.17379771069690253
0.7928571428571428	-0.17379771069690253
0.7928571428571428	-0.17379771069690253
0.7928571428571428	-0.17379771069690253
0.7928571428571428	-0.17379771069690253
0.7928571428571428	-0.17379771069690253
0.7928571428571428	-0.17379771069690253
0.7928571428571428	-0.17379771069690253
0.7928571428571428	-0.17379771069690253
0.7928571428571428	-0.17379771069690253
0.7928571428571428	-0.17379771069690253
0.7928571428571428	-0.17379771069690253
0.7928571428571428	-0.17379771069690253
0.7928571428571428	-0.17379771069690253
0.7928571428571428	-0.17379771069690253
0.7928571428571428	-0.17379771069690253
0.7928571428571428	-0.17379771069690253
0.7928571428571428	-0.17379771069690253
0.7928571428571428	-0.17379771069690253
0.7928571428571428	-0.17379771069690253
0.7857142857142857	-0.17345240257547012
0.7928571428571428	-0.17379771069690253
0.7928571428571428	-0.17379771069690253
0.7928571428571428	-0.17379771069690253
0.7928571428571428	-0.17379771069690253
0.7928571428571428	-0.17379771069690253
0.7928571428571428	-0.17379771069690253
0.7928571428571428	-0.17379771069690253
0.7857142857142857	-0.17345240257547012
0.7928571428571428	-0.17379771069690253
0.7642857142857142	-0.16798562759579105
0.7928571428571428	-0.17379771069690253
0.7928571428571428	-0.17379771069690253
0.7928571428571428	-0.17379771069690253
0.7928571428571428	-0.17379771069690253
0.7928571428571428	-0.17379771069690253
0.7928571428571428	-0.17379771069690253
0.7928571428571428	-0.17379771069690253
