0.7785714285714286	-0.1851503050206517
0.7428571428571429	-0.17746784913883956
0.7642857142857142	-0.18224245347047488
0.7571428571428571	-0.17975335150045074
0.7428571428571429	-0.17746784913883956
0.7428571428571429	-0.17746784913883956
0.7428571428571429	-0.17746784913883956
0.7428571428571429	-0.17746784913883956
0.7428571428571429	-0.17746784913883956
0.7428571428571429	-0.17746784913883956
0.7428571428571429	-0.17746784913883956
0.7428571428571429	-0.17746784913883956
0.7428571428571429	-0.17746784913883956
0.7571428571428571	-0.17975335150045074
0.7428571428571429	-0.17746784913883956
0.7428571428571429	-0.17746784913883956
0.7428571428571429	-0.17746784913883956
0.7428571428571429	-0.17746784913883956
0.7428571428571429	-0.17746784913883956
0.7642857142857142	-0.18224245347047488
0.7428571428571429	-0.17746784913883956
0.7428571428571429	-0.17746784913883956
0.7428571428571429	-0.17746784913883956
0.7428571428571429	-0.17746784913883956
0.7428571428571429	-0.17746784913883956
0.7428571428571429	-0.17746784913883956
0.7428571428571429	-0.17746784913883956
0.7428571428571429	-0.17746784913883956
0.7428571428571429	-0.17746784913883956
0.7428571428571429	-0.17746784913883956
0.7428571428571429	-0.17746784913883956
0.7428571428571429	-0.17746784913883956
0.7428571428571429	-0.17746784913883956
0.7428571428571429	-0.17746784913883956
0.7428571428571429	-0.17746784913883956
0.7428571428571429	-0.17746784913883956
0.7428571428571429	-0.17746784913883956
0.7428571428571429	-0.17746784913883956
0.7428571428571429	-0.17746784913883956
0.7428571428571429	-0.17746784913883956
0.7428571428571429	-0.17746784913883956
0.7428571428571429	-0.17746784913883956
0.7428571428571429	-0.17746784913883956
0.7428571428571429	-0.17746784913883956
0.7428571428571429	-0.17746784913883956
0.7428571428571429	-0.17746784913883956
0.7428571428571429	-0.17746784913883956
0.7428571428571429	-0.17746784913883956
0.7428571428571429	-0.17746784913883956
0.7428571428571429	-0.17746784913883956
0.7428571428571429	-0.17746784913883956
0.7428571428571429	-0.17746784913883956
0.7428571428571429	-0.17746784913883956
0.7428571428571429	-0.17746784913883956
0.7428571428571429	-0.17746784913883956
0.7428571428571429	-0.17746784913883956
0.7428571428571429	-0.17746784913883956
0.7428571428571429	-0.17746784913883956
0.7428571428571429	-0.17746784913883956
0.7428571428571429	-0.17746784913883956
0.7428571428571429	-0.17746784913883956
0.7428571428571429	-0.17746784913883956
0.7428571428571429	-0.17746784913883956
0.7428571428571429	-0.17746784913883956
0.7428571428571429	-0.17746784913883956
0.7428571428571429	-0.17746784913883956
0.7428571428571429	-0.17746784913883956
0.7428571428571429	-0.17746784913883956
0.7428571428571429	-0.17746784913883956
0.7428571428571429	-0.17746784913883956
0.7428571428571429	-0.17746784913883956
0.7428571428571429	-0.17746784913883956
0.7428571428571429	-0.17746784913883956
0.7428571428571429	-0.17746784913883956
0.7428571428571429	-0.17746784913883956
0.7428571428571429	-0.17746784913883956
0.7428571428571429	-0.17746784913883956
0.7428571428571429	-0.17746784913883956
0.7428571428571429	-0.17746784913883956
0.7428571428571429	-0.17746784913883956
0.7428571428571429	-0.17746784913883956
0.7428571428571429	-0.17746784913883956
0.7428571428571429	-0.17746784913883956
0.7428571428571429	-0.17746784913883956
0.7428571428571429	-0.17746784913883956
0.7428571428571429	-0.17746784913883956
0.7428571428571429	-0.17746784913883956
0.7428571428571429	-0.17746784913883956
0.7428571428571429	-0.17746784913883956
0.7428571428571429	-0.17746784913883956
0.7428571428571429	-0.17746784913883956
0.7428571428571429	-0.17746784913883956
0.7428571428571429	-0.17746784913883956
0.7428571428571429	-0.17746784913883956
0.7428571428571429	-0.17746784913883956
0.7428571428571429	-0.17746784913883956
0.7428571428571429	-0.17746784913883956
0.7428571428571429	-0.17746784913883956
0.7428571428571429	-0.17746784913883956
0.7428571428571429	-0.17746784913883956
0.7428571428571429	-0.17746784913883956
0.7428571428571429	-0.17746784913883956
0.7428571428571429	-0.17746784913883956
0.7428571428571429	-0.17746784913883956
0.7428571428571429	-0.17746784913883956
0.7428571428571429	-0.17746784913883956
0.7428571428571429	-0.17746784913883956
0.7428571428571429	-0.17746784913883956
0.7428571428571429	-0.17746784913883956
0.7428571428571429	-0.17746784913883956
0.7428571428571429	-0.17746784913883956
0.7428571428571429	-0.17746784913883956
0.7428571428571429	-0.17746784913883956
0.7428571428571429	-0.17746784913883956
0.7428571428571429	-0.17746784913883956
0.7428571428571429	-0.17746784913883956
0.7428571428571429	-0.17746784913883956
0.7428571428571429	-0.17746784913883956
0.7428571428571429	-0.17746784913883956
0.7428571428571429	-0.17746784913883956
0.7428571428571429	-0.17746784913883956
0.7428571428571429	-0.17746784913883956
0.7428571428571429	-0.17746784913883956
0.7428571428571429	-0.17746784913883956
0.7428571428571429	-0.17746784913883956
0.7428571428571429	-0.17746784913883956
0.7428571428571429	-0.17746784913883956
0.7428571428571429	-0.17746784913883956
0.7785714285714286	-0.1851503050206517
0.7428571428571429	-0.17746784913883956
0.7428571428571429	-0.17746784913883956
0.7428571428571429	-0.17746784913883956
0.7428571428571429	-0.17746784913883956
0.7428571428571429	-0.17746784913883956
0.7428571428571429	-0.17746784913883956
0.7428571428571429	-0.17746784913883956
0.7428571428571429	-0.17746784913883956
0.7428571428571429	-0.17746784913883956
0.7428571428571429	-0.17746784913883956
0.7428571428571429	-0.17746784913883956
0.7428571428571429	-0.17746784913883956
0.7428571428571429	-0.17746784913883956
0.7428571428571429	-0.17746784913883956
0.7428571428571429	-0.17746784913883956
0.7428571428571429	-0.17746784913883956
0.7642857142857142	-0.18224245347047488
0.7428571428571429	-0.17746784913883956
0.7428571428571429	-0.17746784913883956
0.7642857142857142	-0.18224245347047488
0.7428571428571429	-0.17746784913883956
0.7428571428571429	-0.17746784913883956
0.7428571428571429	-0.17746784913883956
0.7428571428571429	-0.17746784913883956
0.7428571428571429	-0.17746784913883956
0.7428571428571429	-0.17746784913883956
0.7428571428571429	-0.17746784913883956
0.7428571428571429	-0.17746784913883956
0.7428571428571429	-0.17746784913883956
0.7428571428571429	-0.17746784913883956
0.7428571428571429	-0.17746784913883956
0.7428571428571429	-0.17746784913883956
0.7428571428571429	-0.17746784913883956
0.7428571428571429	-0.17746784913883956
0.7428571428571429	-0.17746784913883956
0.7428571428571429	-0.17746784913883956
0.7428571428571429	-0.17746784913883956
0.7428571428571429	-0.17746784913883956
0.7428571428571429	-0.17746784913883956
0.7428571428571429	-0.17746784913883956
0.7428571428571429	-0.17746784913883956
0.7428571428571429	-0.17746784913883956
0.7428571428571429	-0.17746784913883956
0.7428571428571429	-0.17746784913883956
0.7642857142857142	-0.18224245347047488
0.7428571428571429	-0.17746784913883956
0.7428571428571429	-0.17746784913883956
0.7428571428571429	-0.17746784913883956
0.7428571428571429	-0.17746784913883956
0.7428571428571429	-0.17746784913883956
0.7428571428571429	-0.17746784913883956
0.7428571428571429	-0.17746784913883956
0.7785714285714286	-0.1851503050206517
0.7428571428571429	-0.17746784913883956
0.7785714285714286	-0.1851503050206517
0.7428571428571429	-0.17746784913883956
0.7428571428571429	-0.17746784913883956
0.7428571428571429	-0.17746784913883956
0.7428571428571429	-0.17746784913883956
0.7428571428571429	-0.17746784913883956
0.7428571428571429	-0.17746784913883956
0.7428571428571429	-0.17746784913883956
0.7428571428571429	-0.17746784913883956
0.7428571428571429	-0.17746784913883956
0.7428571428571429	-0.17746784913883956
0.7428571428571429	-0.17746784913883956
0.7428571428571429	-0.17746784913883956
0.7428571428571429	-0.17746784913883956
0.7428571428571429	-0.17746784913883956
0.7428571428571429	-0.17746784913883956
0.7428571428571429	-0.17746784913883956
