0.7928571428571428	-0.1833374142777734
0.7571428571428571	-0.1744314141572853
0.7785714285714286	-0.1759288703396002
0.7857142857142857	-0.17987420065925305
0.7928571428571428	-0.1833374142777734
0.7928571428571428	-0.1833374142777734
0.7928571428571428	-0.1833374142777734
0.7928571428571428	-0.1833374142777734
0.7928571428571428	-0.1833374142777734
0.7928571428571428	-0.1833374142777734
0.7928571428571428	-0.1833374142777734
0.7928571428571428	-0.1833374142777734
0.7928571428571428	-0.1833374142777734
0.7928571428571428	-0.1833374142777734
0.7928571428571428	-0.1833374142777734
0.7928571428571428	-0.1833374142777734
0.7928571428571428	-0.1833374142777734
0.7928571428571428	-0.1833374142777734
0.7928571428571428	-0.1833374142777734
0.7928571428571428	-0.1833374142777734
0.7928571428571428	-0.1833374142777734
0.7928571428571428	-0.1833374142777734
0.7928571428571428	-0.1833374142777734
0.7928571428571428	-0.1833374142777734
0.7928571428571428	-0.1833374142777734
0.7928571428571428	-0.1833374142777734
0.7928571428571428	-0.1833374142777734
0.7928571428571428	-0.1833374142777734
0.7928571428571428	-0.1833374142777734
0.7928571428571428	-0.1833374142777734
0.7928571428571428	-0.1833374142777734
0.7857142857142857	-0.17987420065925305
0.7928571428571428	-0.1833374142777734
0.7928571428571428	-0.1833374142777734
0.7928571428571428	-0.1833374142777734
0.7928571428571428	-0.1833374142777734
0.7928571428571428	-0.1833374142777734
0.7928571428571428	-0.1833374142777734
0.7928571428571428	-0.1833374142777734
0.7928571428571428	-0.1833374142777734
0.7928571428571428	-0.1833374142777734
0.7928571428571428	-0.1833374142777734
0.7928571428571428	-0.1833374142777734
0.7928571428571428	-0.1833374142777734
0.7928571428571428	-0.1833374142777734
0.7928571428571428	-0.1833374142777734
0.7928571428571428	-0.1833374142777734
0.7928571428571428	-0.1833374142777734
0.7928571428571428	-0.1833374142777734
0.7928571428571428	-0.1833374142777734
0.7928571428571428	-0.1833374142777734
0.7928571428571428	-0.1833374142777734
0.7928571428571428	-0.1833374142777734
0.7928571428571428	-0.1833374142777734
0.7928571428571428	-0.1833374142777734
0.7928571428571428	-0.1833374142777734
0.7928571428571428	-0.1833374142777734
0.7928571428571428	-0.1833374142777734
0.7928571428571428	-0.1833374142777734
0.7928571428571428	-0.1833374142777734
0.7928571428571428	-0.1833374142777734
0.7928571428571428	-0.1833374142777734
0.7928571428571428	-0.1833374142777734
0.7928571428571428	-0.1833374142777734
0.7928571428571428	-0.1833374142777734
0.7928571428571428	-0.1833374142777734
0.7928571428571428	-0.1833374142777734
0.7928571428571428	-0.1833374142777734
0.7928571428571428	-0.1833374142777734
0.7928571428571428	-0.1833374142777734
0.7928571428571428	-0.1833374142777734
0.7928571428571428	-0.1833374142777734
0.7928571428571428	-0.1833374142777734
0.7928571428571428	-0.1833374142777734
0.7928571428571428	-0.1833374142777734
0.7928571428571428	-0.1833374142777734
0.7928571428571428	-0.1833374142777734
0.7928571428571428	-0.1833374142777734
0.7928571428571428	-0.1833374142777734
0.7928571428571428	-0.1833374142777734
0.7928571428571428	-0.1833374142777734
0.7928571428571428	-0.1833374142777734
0.7928571428571428	-0.1833374142777734
0.7928571428571428	-0.1833374142777734
0.7928571428571428	-0.1833374142777734
0.7928571428571428	-0.1833374142777734
0.7928571428571428	-0.1833374142777734
0.7928571428571428	-0.1833374142777734
0.7928571428571428	-0.1833374142777734
0.7928571428571428	-0.1833374142777734
0.7928571428571428	-0.1833374142777734
0.7928571428571428	-0.1833374142777734
0.7928571428571428	-0.1833374142777734
0.7928571428571428	-0.1833374142777734
0.7928571428571428	-0.1833374142777734
0.7928571428571428	-0.1833374142777734
0.7928571428571428	-0.1833374142777734
0.7928571428571428	-0.1833374142777734
0.7928571428571428	-0.1833374142777734
0.7928571428571428	-0.1833374142777734
0.7928571428571428	-0.1833374142777734
0.7928571428571428	-0.1833374142777734
0.7928571428571428	-0.1833374142777734
0.7928571428571428	-0.1833374142777734
0.7928571428571428	-0.1833374142777734
0.7928571428571428	-0.1833374142777734
0.7928571428571428	-0.1833374142777734
0.7928571428571428	-0.1833374142777734
0.7928571428571428	-0.1833374142777734
0.7928571428571428	-0.1833374142777734
0.7928571428571428	-0.1833374142777734
0.7928571428571428	-0.1833374142777734
0.7928571428571428	-0.1833374142777734
0.7928571428571428	-0.1833374142777734
0.7928571428571428	-0.1833374142777734
0.7928571428571428	-0.1833374142777734
0.7928571428571428	-0.1833374142777734
0.7928571428571428	-0.1833374142777734
0.7928571428571428	-0.1833374142777734
0.7928571428571428	-0.1833374142777734
0.7928571428571428	-0.1833374142777734
0.7928571428571428	-0.1833374142777734
0.7928571428571428	-0.1833374142777734
0.7928571428571428	-0.1833374142777734
0.7928571428571428	-0.1833374142777734
0.7928571428571428	-0.1833374142777734
0.7928571428571428	-0.1833374142777734
0.7928571428571428	-0.1833374142777734
0.7928571428571428	-0.1833374142777734
0.7928571428571428	-0.1833374142777734
0.7928571428571428	-0.1833374142777734
0.7928571428571428	-0.1833374142777734
0.7928571428571428	-0.1833374142777734
0.7928571428571428	-0.1833374142777734
0.7928571428571428	-0.1833374142777734
0.7928571428571428	-0.1833374142777734
0.7928571428571428	-0.1833374142777734
0.7928571428571428	-0.1833374142777734
0.7928571428571428	-0.1833374142777734
0.7928571428571428	-0.1833374142777734
0.7928571428571428	-0.1833374142777734
0.7928571428571428	-0.1833374142777734
0.7928571428571428	-0.1833374142777734
0.7928571428571428	-0.1833374142777734
0.7928571428571428	-0.1833374142777734
0.7928571428571428	-0.1833374142777734
0.7928571428571428	-0.1833374142777734
0.7928571428571428	-0.1833374142777734
0.7928571428571428	-0.1833374142777734
0.7928571428571428	-0.1833374142777734
0.7928571428571428	-0.1833374142777734
0.7928571428571428	-0.1833374142777734
0.7928571428571428	-0.1833374142777734
0.7928571428571428	-0.1833374142777734
0.7928571428571428	-0.1833374142777734
0.7928571428571428	-0.1833374142777734
0.7928571428571428	-0.1833374142777734
0.7928571428571428	-0.1833374142777734
0.7928571428571428	-0.1833374142777734
0.7928571428571428	-0.1833374142777734
0.7928571428571428	-0.1833374142777734
0.7928571428571428	-0.1833374142777734
0.7928571428571428	-0.1833374142777734
0.7928571428571428	-0.1833374142777734
0.7928571428571428	-0.1833374142777734
0.7928571428571428	-0.1833374142777734
0.7928571428571428	-0.1833374142777734
0.7928571428571428	-0.1833374142777734
0.7928571428571428	-0.1833374142777734
0.7928571428571428	-0.1833374142777734
0.7928571428571428	-0.1833374142777734
0.7928571428571428	-0.1833374142777734
0.7928571428571428	-0.1833374142777734
0.7928571428571428	-0.1833374142777734
0.7928571428571428	-0.1833374142777734
0.7928571428571428	-0.1833374142777734
0.7928571428571428	-0.1833374142777734
0.7928571428571428	-0.1833374142777734
0.7928571428571428	-0.1833374142777734
0.7928571428571428	-0.1833374142777734
0.7928571428571428	-0.1833374142777734
0.7928571428571428	-0.1833374142777734
0.7928571428571428	-0.1833374142777734
0.7928571428571428	-0.1833374142777734
0.7857142857142857	-0.17987420065925305
0.7928571428571428	-0.1833374142777734
0.7928571428571428	-0.1833374142777734
0.7928571428571428	-0.1833374142777734
0.7928571428571428	-0.1833374142777734
0.7928571428571428	-0.1833374142777734
0.7928571428571428	-0.1833374142777734
0.7928571428571428	-0.1833374142777734
0.7928571428571428	-0.1833374142777734
0.7928571428571428	-0.1833374142777734
0.7928571428571428	-0.1833374142777734
0.7928571428571428	-0.1833374142777734
0.7928571428571428	-0.1833374142777734
0.7928571428571428	-0.1833374142777734
0.7928571428571428	-0.1833374142777734
0.7928571428571428	-0.1833374142777734
