0.7714285714285715	-0.1832214650522901
0.7928571428571428	-0.19091165520667733
0.7857142857142857	-0.18886657122859402
0.7785714285714286	-0.184212816055761
0.7857142857142857	-0.18886657122859402
0.7857142857142857	-0.18886657122859402
0.7857142857142857	-0.18886657122859402
0.7857142857142857	-0.18886657122859402
0.7714285714285715	-0.1832214650522901
0.7857142857142857	-0.18886657122859402
0.7857142857142857	-0.18886657122859402
0.7928571428571428	-0.19091165520667733
0.7857142857142857	-0.18886657122859402
0.7857142857142857	-0.18886657122859402
0.7857142857142857	-0.18886657122859402
0.7714285714285715	-0.1832214650522901
0.7857142857142857	-0.18886657122859402
0.7857142857142857	-0.18886657122859402
0.7928571428571428	-0.19091165520667733
0.7785714285714286	-0.184212816055761
0.7928571428571428	-0.19091165520667733
0.7857142857142857	-0.18886657122859402
0.7857142857142857	-0.18886657122859402
0.7857142857142857	-0.18886657122859402
0.7857142857142857	-0.18886657122859402
0.7928571428571428	-0.19091165520667733
0.7857142857142857	-0.18886657122859402
0.7928571428571428	-0.19091165520667733
0.7928571428571428	-0.19091165520667733
0.7857142857142857	-0.18886657122859402
0.7928571428571428	-0.19091165520667733
0.7928571428571428	-0.19091165520667733
0.7857142857142857	-0.18886657122859402
0.7928571428571428	-0.19091165520667733
0.7928571428571428	-0.19091165520667733
0.7785714285714286	-0.184212816055761
0.7857142857142857	-0.18886657122859402
0.7857142857142857	-0.18886657122859402
0.7714285714285715	-0.1832214650522901
0.7928571428571428	-0.19091165520667733
0.7857142857142857	-0.18886657122859402
0.7857142857142857	-0.18886657122859402
0.7928571428571428	-0.19091165520667733
0.7928571428571428	-0.19091165520667733
0.7928571428571428	-0.19091165520667733
0.7857142857142857	-0.18886657122859402
0.7857142857142857	-0.18886657122859402
0.7928571428571428	-0.19091165520667733
0.7857142857142857	-0.18886657122859402
0.7857142857142857	-0.18886657122859402
0.7857142857142857	-0.18886657122859402
0.7857142857142857	-0.18886657122859402
0.7857142857142857	-0.18886657122859402
0.7928571428571428	-0.19091165520667733
0.7857142857142857	-0.18886657122859402
0.7857142857142857	-0.18886657122859402
0.7857142857142857	-0.18886657122859402
0.7928571428571428	-0.19091165520667733
0.7928571428571428	-0.19091165520667733
0.7857142857142857	-0.18886657122859402
0.7928571428571428	-0.19091165520667733
0.7857142857142857	-0.18886657122859402
0.7857142857142857	-0.18886657122859402
0.7928571428571428	-0.19091165520667733
0.7928571428571428	-0.19091165520667733
0.7928571428571428	-0.19091165520667733
0.7714285714285715	-0.1832214650522901
0.7785714285714286	-0.184212816055761
0.7857142857142857	-0.18886657122859402
0.7857142857142857	-0.18886657122859402
0.7857142857142857	-0.18886657122859402
0.7928571428571428	-0.19091165520667733
0.7928571428571428	-0.19091165520667733
0.7857142857142857	-0.18886657122859402
0.7857142857142857	-0.18886657122859402
0.7714285714285715	-0.1832214650522901
0.7857142857142857	-0.18886657122859402
0.7857142857142857	-0.18886657122859402
0.7857142857142857	-0.18886657122859402
0.7857142857142857	-0.18886657122859402
0.7714285714285715	-0.1832214650522901
0.7857142857142857	-0.18886657122859402
0.7928571428571428	-0.19091165520667733
0.7857142857142857	-0.18886657122859402
0.7857142857142857	-0.18886657122859402
0.7857142857142857	-0.18886657122859402
0.7857142857142857	-0.18886657122859402
0.7785714285714286	-0.184212816055761
0.7714285714285715	-0.1832214650522901
0.7928571428571428	-0.19091165520667733
0.7857142857142857	-0.18886657122859402
0.7857142857142857	-0.18886657122859402
0.7857142857142857	-0.18886657122859402
0.7857142857142857	-0.18886657122859402
0.7857142857142857	-0.18886657122859402
0.7857142857142857	-0.18886657122859402
0.7714285714285715	-0.1832214650522901
0.7857142857142857	-0.18886657122859402
0.7928571428571428	-0.19091165520667733
0.7857142857142857	-0.18886657122859402
0.7714285714285715	-0.1832214650522901
0.7857142857142857	-0.18886657122859402
0.7857142857142857	-0.18886657122859402
0.7857142857142857	-0.18886657122859402
0.7714285714285715	-0.1832214650522901
0.7928571428571428	-0.19091165520667733
0.7857142857142857	-0.18886657122859402
0.7928571428571428	-0.19091165520667733
0.7857142857142857	-0.18886657122859402
0.7857142857142857	-0.18886657122859402
0.7857142857142857	-0.18886657122859402
0.7857142857142857	-0.18886657122859402
0.7857142857142857	-0.18886657122859402
0.7928571428571428	-0.19091165520667733
0.7857142857142857	-0.18886657122859402
0.7714285714285715	-0.1832214650522901
0.7857142857142857	-0.18886657122859402
0.7857142857142857	-0.18886657122859402
0.7857142857142857	-0.18886657122859402
0.7857142857142857	-0.18886657122859402
0.7714285714285715	-0.1832214650522901
0.7857142857142857	-0.18886657122859402
0.7928571428571428	-0.19091165520667733
0.7857142857142857	-0.18886657122859402
0.7714285714285715	-0.1832214650522901
0.7857142857142857	-0.18886657122859402
0.7857142857142857	-0.18886657122859402
0.7857142857142857	-0.18886657122859402
0.7928571428571428	-0.19091165520667733
0.7714285714285715	-0.1832214650522901
0.7714285714285715	-0.1832214650522901
0.7857142857142857	-0.18886657122859402
0.7857142857142857	-0.18886657122859402
0.7928571428571428	-0.19091165520667733
0.7857142857142857	-0.18886657122859402
0.7928571428571428	-0.19091165520667733
0.7857142857142857	-0.18886657122859402
0.7928571428571428	-0.19091165520667733
0.7857142857142857	-0.18886657122859402
0.7857142857142857	-0.18886657122859402
0.7928571428571428	-0.19091165520667733
0.7857142857142857	-0.18886657122859402
0.7857142857142857	-0.18886657122859402
0.7714285714285715	-0.1832214650522901
0.7857142857142857	-0.18886657122859402
0.7857142857142857	-0.18886657122859402
0.7714285714285715	-0.1832214650522901
0.7857142857142857	-0.18886657122859402
0.7857142857142857	-0.18886657122859402
0.7857142857142857	-0.18886657122859402
0.7857142857142857	-0.18886657122859402
0.7857142857142857	-0.18886657122859402
0.7857142857142857	-0.18886657122859402
0.7857142857142857	-0.18886657122859402
0.7928571428571428	-0.19091165520667733
0.7714285714285715	-0.1832214650522901
0.7857142857142857	-0.18886657122859402
0.7857142857142857	-0.18886657122859402
0.7714285714285715	-0.1832214650522901
0.7857142857142857	-0.18886657122859402
0.7857142857142857	-0.18886657122859402
0.7928571428571428	-0.19091165520667733
0.7928571428571428	-0.19091165520667733
0.7857142857142857	-0.18886657122859402
0.7857142857142857	-0.18886657122859402
0.7928571428571428	-0.19091165520667733
0.7857142857142857	-0.18886657122859402
0.7928571428571428	-0.19091165520667733
0.7857142857142857	-0.18886657122859402
0.7928571428571428	-0.19091165520667733
0.7857142857142857	-0.18886657122859402
0.7857142857142857	-0.18886657122859402
0.7714285714285715	-0.1832214650522901
0.7857142857142857	-0.18886657122859402
0.7857142857142857	-0.18886657122859402
0.7928571428571428	-0.19091165520667733
0.7857142857142857	-0.18886657122859402
0.7857142857142857	-0.18886657122859402
0.7857142857142857	-0.18886657122859402
0.7928571428571428	-0.19091165520667733
0.7928571428571428	-0.19091165520667733
0.7928571428571428	-0.19091165520667733
0.7857142857142857	-0.18886657122859402
0.7714285714285715	-0.1832214650522901
0.7857142857142857	-0.18886657122859402
0.7857142857142857	-0.18886657122859402
0.7714285714285715	-0.1832214650522901
0.7857142857142857	-0.18886657122859402
0.7928571428571428	-0.19091165520667733
0.7928571428571428	-0.19091165520667733
0.7857142857142857	-0.18886657122859402
0.7857142857142857	-0.18886657122859402
0.7857142857142857	-0.18886657122859402
0.7857142857142857	-0.18886657122859402
0.7928571428571428	-0.19091165520667733
0.7714285714285715	-0.1832214650522901
0.7714285714285715	-0.1832214650522901
0.7857142857142857	-0.18886657122859402
0.7857142857142857	-0.18886657122859402
0.7857142857142857	-0.18886657122859402
