1.3756637010453516
1.6746454219191358
1.7699457986687013
1.8091485929956954
1.8410876271205607
1.8484178802357132
1.8492778441625048
1.854407898519458
1.8557845830975177
1.8557845830975177
1.855790909383025
1.855790909383025
1.8577267437117244
1.8577267437117244
1.8577267437117244
1.8577322910106358
1.8577322910106358
1.8577322910106358
1.8577322910106358
1.8577322910106358
1.8577322910106358
1.8577322910106358
1.8577322910106358
1.8577322910106358
1.8577322910106358
1.3756637010453516
1.7313239267657579
1.832447053956467
1.8324757392927513
1.8368265190487882
1.8368265190487882
1.8368265190487882
1.8368265190487882
1.8368265190487882
1.8368279245905814
1.8368398890823399
1.8368398890823399
1.8368398890823399
1.8368398890823399
1.840373229454822
1.8406228218348029
1.840630631307521
1.840630631307521
1.840630631307521
1.840630631307521
1.840630631307521
1.840630631307521
1.840630631307521
1.840630631307521
1.840630631307521
