1.3756637010453516
1.6746454219191358
1.7699457986687013
1.8091485929956954
1.8410876271205607
1.8484178802357132
1.8492778441625048
1.854407898519458
1.8557845830975177
1.8557845830975177
1.855790909383025
1.855790909383025
1.8577267437117244
1.8577267437117244
1.8577267437117244
1.8577322910106358
1.8577322910106358
1.8577322910106358
1.8577322910106358
1.8577322910106358
1.8577322910106358
1.8577322910106358
1.8577322910106358
1.8577322910106358
1.8577322910106358
1.3756637010453516
1.7313239267657579
1.832447053956467
1.8324757392927513
1.8368265190487882
1.8368265190487882
1.8368265190487882
1.8368265190487882
1.8368265190487882
1.8368279245905814
1.8368398890823399
1.8368398890823399
1.8368398890823399
1.8368398890823399
1.840373229454822
1.8406228218348029
1.840630631307521
1.840630631307521
1.840630631307521
1.840630631307521
1.840630631307521
1.840630631307521
1.840630631307521
1.840630631307521
1.840630631307521
1.3756637010453516
1.6561869106455083
1.7619677017330746
1.7965454508998684
1.8310319768414014
1.850673390931663
1.85067928494465
1.85067928494465
1.85067928494465
1.85067928494465
1.85067928494465
1.85067928494465
1.85067928494465
1.85067928494465
1.85067928494465
1.85067928494465
1.85067928494465
1.85067928494465
1.85067928494465
1.85067928494465
1.85067928494465
1.85067928494465
1.85067928494465
1.85067928494465
1.85067928494465
1.3756637010453516
1.7096407866517422
1.7602261528954015
1.7840590985493479
1.7840590985493479
1.7840590985493479
1.7848890903627879
1.7848890903627879
1.7848890903627879
1.7848890903627879
1.7848890903627879
1.7848890903627879
1.7848890903627879
1.7848890903627879
1.7848890903627879
1.7848890903627879
1.7848890903627879
1.7891349703824928
1.7891349703824928
1.7891349703824928
1.7891377186726563
1.789146764901605
1.789146764901605
1.789146764901605
1.789146764901605
1.3756637010453516
1.6877748132746875
1.8010092469947117
1.8120578052243312
1.8163623570563314
1.8163702152507086
1.816377977130094
1.816377977130094
1.816377977130094
1.816377977130094
1.816377977130094
1.816377977130094
1.816377977130094
1.816377977130094
1.816377977130094
1.816377977130094
1.816377977130094
1.816377977130094
1.816377977130094
1.816377977130094
1.816377977130094
1.816377977130094
1.816377977130094
1.816377977130094
1.816377977130094
1.3756637010453516
1.6010870250194527
1.6781385683430203
1.7218313282369186
1.7543552499701425
1.7610092540949787
1.76101031410978
1.76101031410978
1.7616774191381233
1.7616774191381233
1.7616774191381233
1.7740327871621286
1.778275010121183
1.778275010121183
1.778275010121183
1.778275010121183
1.778275010121183
1.778275010121183
1.778275010121183
1.778275010121183
1.778275010121183
1.778275010121183
1.7876604856423786
1.7907764282082028
1.7907764282082028
1.3756637010453516
1.6893724728860344
1.771484119845477
1.7875503573975036
1.7986024382848302
1.799207483754754
1.7992101164343877
1.799216667054657
1.8030408883062312
1.8125583027578154
1.8142840876525212
1.8186485864875124
1.8186485864875124
1.8186485864875124
1.819239881183517
1.8192833953898586
1.8192833953898586
1.8192833953898586
1.8192833953898586
1.8192833953898586
1.8192833953898586
1.8192833953898586
1.8192833953898586
1.8192833953898586
1.8192833953898586
1.3756637010453516
1.649752814423196
1.7956549120997738
1.8304306783890882
1.8352344752495693
1.8352344752495693
1.8352344752495693
1.8352344752495693
1.8352344752495693
1.8352344752495693
1.8352344752495693
1.8352344752495693
1.8352344752495693
1.8352344752495693
1.8352344752495693
1.8352344752495693
1.8352344752495693
1.8352344752495693
1.8352344752495693
1.8352344752495693
1.8352344752495693
1.8352344752495693
1.8352344752495693
1.8352350276288327
1.8352350276288327
1.3756637010453516
1.617337658997086
1.745100157117544
1.7699908562210178
1.7767059432304366
1.8002355389888909
1.811644356869527
1.8124744592611692
1.8124744592611692
1.8124744592611692
1.8124744592611692
1.8124744592611692
1.8124744592611692
1.8124744592611692
1.8124744592611692
1.8124744592611692
1.8124744592611692
1.8124744592611692
1.8124744592611692
1.8124744592611692
1.8124744592611692
1.8124744592611692
1.8124744592611692
1.8124744592611692
1.8124744592611692
1.3756637010453516
1.7162264757785939
1.8087165604144166
1.8274762306893193
1.836883028337947
1.836883028337947
1.836883028337947
1.836883028337947
1.836883028337947
1.836883028337947
1.836883028337947
1.836883028337947
1.836883028337947
1.836883028337947
1.836883028337947
1.8379908878187545
1.8379908878187545
1.8379908878187545
1.8379908878187545
1.8379908878187545
1.8379908878187545
1.8379908878187545
1.8379908878187545
1.8379908878187545
1.8379908878187545
1.3756637010453516
1.6247578231927025
1.7051993483081334
1.7304185248105683
1.73109669757689
1.7441933718509695
1.7682480817366577
1.7881968160057957
1.7882242305986709
1.8038021537144717
1.8038021537144717
1.8123403300934202
1.8206771022322386
1.8214203063506944
1.8214203063506944
1.8214333628475075
1.8215748370253555
1.8215748370253555
1.8215748370253555
1.8215748370253555
1.8215748370253555
1.8215748370253555
1.8215748370253555
1.8258601706400295
1.8258601706400295
1.3756637010453516
1.6885381350135278
1.7661198577812194
1.7662047444838327
1.7690116675830152
1.7690116675830152
1.7690116675830152
1.7690116675830152
1.7690116675830152
1.7690116675830152
1.7690151336701179
1.7690224970313566
1.7732652899598498
1.7732679705672179
1.7732679705672179
1.7732679705672179
1.7732679705672179
1.7732679705672179
1.7732679705672179
1.7732679705672179
1.7732679705672179
1.7732679705672179
1.7732679705672179
1.773278457797697
1.77327943106697
1.3756637010453516
1.6852243576898853
1.8119201847330821
1.846724676963319
1.8467423513220576
1.8467423513220576
1.8467423513220576
1.8467423513220576
1.8467423513220576
1.8467423513220576
1.8467423513220576
1.8467423513220576
1.8467423513220576
1.8467423513220576
1.8467423513220576
1.8467423513220576
1.8467423513220576
1.8467423513220576
1.8467423513220576
1.8467423513220576
1.8467423513220576
1.8467423513220576
1.8467423513220576
1.8467423513220576
1.8467423513220576
1.3756637010453516
1.6809907418649175
1.7772656181674444
1.8040865730724183
1.8348993238776
1.8349718687550873
1.8349718687550873
1.843215768127258
1.8432406126500447
1.8458185664836748
1.845906657826198
1.848391650154506
1.8484041624705574
1.8484041624705574
1.8484041624705574
1.8484041624705574
1.8484041624705574
1.8484041624705574
1.8484041624705574
1.8484494667057494
1.8484597323923164
1.8484597323923164
1.8528333816842755
1.853975526144948
1.8569058644426193
1.3756637010453516
1.6695089408287673
1.7340510559625346
1.7824713523949491
1.805787680853342
1.8058527502285446
1.805892903226524
1.805892903226524
1.805892903226524
1.805892903226524
1.805892903226524
1.805892903226524
1.805892903226524
1.8111651853532196
1.8112055595607088
1.8112055595607088
1.8112055595607088
1.811219093073768
1.811219093073768
1.811219093073768
1.811219093073768
1.811219093073768
1.811219093073768
1.811219093073768
1.811219093073768
1.3756637010453516
1.669911733280223
1.751330360428674
1.7849126728564513
1.8063339415544213
1.8063704562200815
1.8072290063168093
1.8098532589254204
1.8156682973589267
1.818666049500369
1.818666049500369
1.818673678805014
1.818744021051745
1.8229959208316364
1.8229990588742375
1.8229990588742375
1.8229990588742375
1.823012437440693
1.823012437440693
1.8230406783708617
1.8230406783708617
1.8230406783708617
1.8230406783708617
1.8230406783708617
1.8230406783708617
1.3756637010453516
1.7022862628997433
1.812782978098163
1.854588710885564
1.8547913234271387
1.8646364154227
1.8653980872213283
1.8698392649519457
1.8698392649519457
1.8698392649519457
1.8698392649519457
1.8698392649519457
1.8698392649519457
1.8698392649519457
1.8698392649519457
1.8698392649519457
1.8698392649519457
1.8698392649519457
1.8698392649519457
1.8698392649519457
1.8698392649519457
1.8698392649519457
1.8698392649519457
1.8698392649519457
1.8698392649519457
