1.3756637010453516
1.6746454219191358
1.7699457986687013
1.8091485929956954
1.8410876271205607
1.8484178802357132
1.8492778441625048
1.854407898519458
1.8557845830975177
1.8557845830975177
1.855790909383025
1.855790909383025
1.8577267437117244
1.8577267437117244
1.8577267437117244
1.8577322910106358
1.8577322910106358
1.8577322910106358
1.8577322910106358
1.8577322910106358
1.8577322910106358
1.8577322910106358
1.8577322910106358
1.8577322910106358
1.8577322910106358
1.3756637010453516
1.7313239267657579
1.832447053956467
1.8324757392927513
1.8368265190487882
1.8368265190487882
1.8368265190487882
1.8368265190487882
1.8368265190487882
1.8368279245905814
1.8368398890823399
1.8368398890823399
1.8368398890823399
1.8368398890823399
1.840373229454822
1.8406228218348029
1.840630631307521
1.840630631307521
1.840630631307521
1.840630631307521
1.840630631307521
1.840630631307521
1.840630631307521
1.840630631307521
1.840630631307521
1.3756637010453516
1.6561869106455083
1.7619677017330746
1.7965454508998684
1.8310319768414014
1.850673390931663
1.85067928494465
1.85067928494465
1.85067928494465
1.85067928494465
1.85067928494465
1.85067928494465
1.85067928494465
1.85067928494465
1.85067928494465
1.85067928494465
1.85067928494465
1.85067928494465
1.85067928494465
1.85067928494465
1.85067928494465
1.85067928494465
1.85067928494465
1.85067928494465
1.85067928494465
1.3756637010453516
1.7096407866517422
1.7602261528954015
1.7840590985493479
1.7840590985493479
1.7840590985493479
1.7848890903627879
1.7848890903627879
1.7848890903627879
1.7848890903627879
1.7848890903627879
1.7848890903627879
1.7848890903627879
1.7848890903627879
1.7848890903627879
1.7848890903627879
1.7848890903627879
1.7891349703824928
1.7891349703824928
1.7891349703824928
1.7891377186726563
1.789146764901605
1.789146764901605
1.789146764901605
1.789146764901605
1.3756637010453516
1.6877748132746875
1.8010092469947117
1.8120578052243312
1.8163623570563314
1.8163702152507086
1.816377977130094
1.816377977130094
1.816377977130094
1.816377977130094
1.816377977130094
1.816377977130094
1.816377977130094
1.816377977130094
1.816377977130094
1.816377977130094
1.816377977130094
1.816377977130094
1.816377977130094
1.816377977130094
1.816377977130094
1.816377977130094
1.816377977130094
1.816377977130094
1.816377977130094
1.3756637010453516
1.6010870250194527
1.6781385683430203
1.7218313282369186
1.7543552499701425
1.7610092540949787
1.76101031410978
1.76101031410978
1.7616774191381233
1.7616774191381233
1.7616774191381233
1.7740327871621286
1.778275010121183
1.778275010121183
1.778275010121183
1.778275010121183
1.778275010121183
1.778275010121183
1.778275010121183
1.778275010121183
1.778275010121183
1.778275010121183
1.7876604856423786
1.7907764282082028
1.7907764282082028
1.3756637010453516
1.6893724728860344
1.771484119845477
1.7875503573975036
1.7986024382848302
1.799207483754754
1.7992101164343877
1.799216667054657
1.8030408883062312
1.8125583027578154
1.8142840876525212
1.8186485864875124
1.8186485864875124
1.8186485864875124
1.819239881183517
1.8192833953898586
1.8192833953898586
1.8192833953898586
1.8192833953898586
1.8192833953898586
1.8192833953898586
1.8192833953898586
1.8192833953898586
1.8192833953898586
1.8192833953898586
