1.3624025197665934
1.9279679685220155
2.0138452378122405
2.0199450056724015
2.0312587435056617
2.0333886435893835
2.0337730536910175
2.0337730536910175
2.0337730536910175
2.0337730536910175
2.0337730536910175
2.0337730536910175
2.0337730536910175
2.0337730536910175
2.0337730536910175
2.0337730536910175
2.0337730536910175
2.0337730536910175
2.0337730536910175
2.0337730536910175
2.0337730536910175
2.0337730536910175
2.0337730536910175
2.0337730536910175
2.0337730536910175
