1.3624025197665934
1.9279679685220155
2.0138452378122405
2.0199450056724015
2.0312587435056617
2.0333886435893835
2.0337730536910175
2.0337730536910175
2.0337730536910175
2.0337730536910175
2.0337730536910175
2.0337730536910175
2.0337730536910175
2.0337730536910175
2.0337730536910175
2.0337730536910175
2.0337730536910175
2.0337730536910175
2.0337730536910175
2.0337730536910175
2.0337730536910175
2.0337730536910175
2.0337730536910175
2.0337730536910175
2.0337730536910175
1.3624025197665934
1.8936741546497373
1.999861973440495
2.0151140837955785
2.020174570585044
2.020180274300322
2.0222177658471265
2.0222177658471265
2.022258557079639
2.022258557079639
2.0222740054361
2.0273533195990248
2.0273609297401607
2.033617892875481
2.036782345511478
2.036786273184769
2.0369454322109806
2.0369454322109806
2.0369454322109806
2.0369454322109806
2.0369454322109806
2.0369454322109806
2.0369454322109806
2.0369454322109806
2.0369454322109806
