1.3624025197665934
1.9279679685220155
2.0138452378122405
2.0199450056724015
2.0312587435056617
2.0333886435893835
2.0337730536910175
2.0337730536910175
2.0337730536910175
2.0337730536910175
2.0337730536910175
2.0337730536910175
2.0337730536910175
2.0337730536910175
2.0337730536910175
2.0337730536910175
2.0337730536910175
2.0337730536910175
2.0337730536910175
2.0337730536910175
2.0337730536910175
2.0337730536910175
2.0337730536910175
2.0337730536910175
2.0337730536910175
1.3624025197665934
1.8936741546497373
1.999861973440495
2.0151140837955785
2.020174570585044
2.020180274300322
2.0222177658471265
2.0222177658471265
2.022258557079639
2.022258557079639
2.0222740054361
2.0273533195990248
2.0273609297401607
2.033617892875481
2.036782345511478
2.036786273184769
2.0369454322109806
2.0369454322109806
2.0369454322109806
2.0369454322109806
2.0369454322109806
2.0369454322109806
2.0369454322109806
2.0369454322109806
2.0369454322109806
1.3624025197665934
1.9610743131471453
2.0211743128806887
2.0277748572396406
2.034658603726899
2.035052587951198
2.0358167724146035
2.035827023637485
2.035827539809287
2.035827539809287
2.0376456530580542
2.0376456530580542
2.0376456530580542
2.0376456530580542
2.037647073582867
2.037647073582867
2.037647073582867
2.037647073582867
2.037647073582867
2.037647073582867
2.037647073582867
2.037647073582867
2.037647073582867
2.037652568688953
2.037652568688953
1.3624025197665934
1.9424849152326644
2.002312040920728
2.002314512706534
2.002314512706534
2.0023250538131614
2.0023250538131614
2.0074013598469382
2.0090661652816717
2.0137725420827675
2.0156494298280974
2.0156494298280974
2.0156494298280974
2.0156494298280974
2.0160384775411258
2.0160384775411258
2.0160384775411258
2.0160384775411258
2.021099372108397
2.021112920869583
2.021112920869583
2.021112920869583
2.0216572761333778
2.0216572761333778
2.023598468991433
1.3624025197665934
1.9184782256490653
2.0113875955884573
2.0235813826189877
2.0235883727399786
2.024917206849976
2.024917206849976
2.024917206849976
2.024917999705142
2.024917999705142
2.024917999705142
2.024917999705142
2.024917999705142
2.024917999705142
2.024917999705142
2.024917999705142
2.024917999705142
2.024917999705142
2.024917999705142
2.024917999705142
2.024917999705142
2.024917999705142
2.024917999705142
2.024917999705142
2.024917999705142
1.3624025197665934
1.9434318355489149
2.0052318873901958
2.017170626645752
2.028814088633698
2.0299060236106103
2.0299114372773577
2.0299114372773577
2.0299114372773577
2.0299114372773577
2.030005910467817
2.030005910467817
2.030005910467817
2.030005910467817
2.030005910467817
2.030005910467817
2.030005910467817
2.030005910467817
2.030005910467817
2.030005910467817
2.0350794620037935
2.038110156392844
2.038110156392844
2.038110156392844
2.038110156392844
1.3624025197665934
1.9292261877598262
2.024949955780207
2.024949955780207
2.0249660416547894
2.0249660416547894
2.0249660416547894
2.0249660416547894
2.0249660416547894
2.0249660416547894
2.0249660416547894
2.0249660416547894
2.0249660416547894
2.0249660416547894
2.0249660416547894
2.0249660416547894
2.0249660416547894
2.0249660416547894
2.0249660416547894
2.0249660416547894
2.0249660416547894
2.0249660416547894
2.0249660416547894
2.0249660416547894
2.0249660416547894
1.3624025197665934
1.9150811561653862
2.0084014537347477
2.008487224837819
2.0085022197316023
2.0085022197316023
2.0085022197316023
2.0085022197316023
2.0085022197316023
2.0085022197316023
2.0085022197316023
2.0085022197316023
2.0085022197316023
2.0085022197316023
2.0085022197316023
2.0085022197316023
2.0085022197316023
2.0085022197316023
2.0085022197316023
2.0085022197316023
2.0085022197316023
2.013593441386958
2.0166064292889105
2.021424326804421
2.0264743785278108
1.3624025197665934
1.9103039653464509
1.9947938187322833
2.003543272795834
2.0072367987758617
2.0072521701701236
2.0148250413455404
2.0148322335662154
2.014836891479136
2.014843892407708
2.014843892407708
2.014843892407708
2.014843892407708
2.014843892407708
2.014843892407708
2.014843892407708
2.014843892407708
2.014843892407708
2.014843892407708
2.014843892407708
2.014843892407708
2.014843892407708
2.014843892407708
2.014843892407708
2.014843892407708
1.3624025197665934
1.9257841911652342
2.0127261760832793
2.030268561152091
2.033060551173308
2.033060551173308
2.033060551173308
2.033060551173308
2.0381501641630626
2.0381501641630626
2.0381501641630626
2.0381501641630626
2.0381501641630626
2.0381501641630626
2.0381501641630626
2.0381501641630626
2.0381501641630626
2.0381501641630626
2.0381501641630626
2.0381501641630626
2.0381501641630626
2.0381501641630626
2.0381501641630626
2.0381501641630626
2.0381501641630626
1.3624025197665934
1.9166806149590045
2.0230282944239755
2.02675796654097
2.02675796654097
2.02675796654097
2.02675796654097
2.02675796654097
2.02675796654097
2.02675796654097
2.0267588880727034
2.0267588880727034
2.0267588880727034
2.0267588880727034
2.0267588880727034
2.0267588880727034
2.0267588880727034
2.0267588880727034
2.0267588880727034
2.0267588880727034
2.031858186791969
2.031858186791969
2.031858186791969
2.031858186791969
2.031858186791969
1.3624025197665934
1.931989034785032
2.003386087300625
2.0072584927689787
2.0153492788407372
2.02370912826216
2.0237180530536847
2.0237211703738325
2.0237211703738325
2.0237211703738325
2.0237211703738325
2.0237211703738325
2.0237211703738325
2.0237211703738325
2.0237211703738325
2.0237211703738325
2.0237211703738325
2.0237211703738325
2.0237211703738325
2.0237211703738325
2.0237211703738325
2.0237211703738325
2.0237211703738325
2.0237211703738325
2.0237211703738325
