1.3624025197665934
1.9279679685220155
2.0138452378122405
2.0199450056724015
2.0312587435056617
2.0333886435893835
2.0337730536910175
2.0337730536910175
2.0337730536910175
2.0337730536910175
2.0337730536910175
2.0337730536910175
2.0337730536910175
2.0337730536910175
2.0337730536910175
2.0337730536910175
2.0337730536910175
2.0337730536910175
2.0337730536910175
2.0337730536910175
2.0337730536910175
2.0337730536910175
2.0337730536910175
2.0337730536910175
2.0337730536910175
1.3624025197665934
1.8936741546497373
1.999861973440495
2.0151140837955785
2.020174570585044
2.020180274300322
2.0222177658471265
2.0222177658471265
2.022258557079639
2.022258557079639
2.0222740054361
2.0273533195990248
2.0273609297401607
2.033617892875481
2.036782345511478
2.036786273184769
2.0369454322109806
2.0369454322109806
2.0369454322109806
2.0369454322109806
2.0369454322109806
2.0369454322109806
2.0369454322109806
2.0369454322109806
2.0369454322109806
1.3624025197665934
1.9610743131471453
2.0211743128806887
2.0277748572396406
2.034658603726899
2.035052587951198
2.0358167724146035
2.035827023637485
2.035827539809287
2.035827539809287
2.0376456530580542
2.0376456530580542
2.0376456530580542
2.0376456530580542
2.037647073582867
2.037647073582867
2.037647073582867
2.037647073582867
2.037647073582867
2.037647073582867
2.037647073582867
2.037647073582867
2.037647073582867
2.037652568688953
2.037652568688953
1.3624025197665934
1.9424849152326644
2.002312040920728
2.002314512706534
2.002314512706534
2.0023250538131614
2.0023250538131614
2.0074013598469382
2.0090661652816717
2.0137725420827675
2.0156494298280974
2.0156494298280974
2.0156494298280974
2.0156494298280974
2.0160384775411258
2.0160384775411258
2.0160384775411258
2.0160384775411258
2.021099372108397
2.021112920869583
2.021112920869583
2.021112920869583
2.0216572761333778
2.0216572761333778
2.023598468991433
