0.7909090909090909	-0.20475306167342144
0.7772727272727272	-0.19216497759241186
0.7863636363636364	-0.2017129387777507
0.7818181818181819	-0.1945035730272239
0.7818181818181819	-0.1945035730272239
0.7863636363636364	-0.2017129387777507
0.7863636363636364	-0.2017129387777507
0.7863636363636364	-0.2017129387777507
0.7863636363636364	-0.2017129387777507
0.7863636363636364	-0.2017129387777507
0.7772727272727272	-0.19216497759241186
0.7863636363636364	-0.2017129387777507
0.7863636363636364	-0.2017129387777507
0.7818181818181819	-0.1945035730272239
0.7863636363636364	-0.2017129387777507
0.7818181818181819	-0.1945035730272239
0.7818181818181819	-0.1945035730272239
0.7818181818181819	-0.1945035730272239
0.7818181818181819	-0.1945035730272239
0.7818181818181819	-0.1945035730272239
0.7863636363636364	-0.2017129387777507
0.7863636363636364	-0.2017129387777507
0.7863636363636364	-0.2017129387777507
0.7863636363636364	-0.2017129387777507
0.7863636363636364	-0.2017129387777507
0.7863636363636364	-0.2017129387777507
0.7863636363636364	-0.2017129387777507
0.7818181818181819	-0.1945035730272239
0.7818181818181819	-0.1945035730272239
0.7818181818181819	-0.1945035730272239
0.7818181818181819	-0.1945035730272239
0.7863636363636364	-0.2017129387777507
0.7863636363636364	-0.2017129387777507
0.7863636363636364	-0.2017129387777507
0.7863636363636364	-0.2017129387777507
0.7863636363636364	-0.2017129387777507
0.7818181818181819	-0.1945035730272239
0.7863636363636364	-0.2017129387777507
0.7863636363636364	-0.2017129387777507
0.7818181818181819	-0.1945035730272239
0.7818181818181819	-0.1945035730272239
0.7818181818181819	-0.1945035730272239
0.7863636363636364	-0.2017129387777507
0.7863636363636364	-0.2017129387777507
0.7863636363636364	-0.2017129387777507
0.7863636363636364	-0.2017129387777507
0.7818181818181819	-0.1945035730272239
0.7863636363636364	-0.2017129387777507
0.7863636363636364	-0.2017129387777507
0.7863636363636364	-0.2017129387777507
0.7863636363636364	-0.2017129387777507
0.7818181818181819	-0.1945035730272239
0.7863636363636364	-0.2017129387777507
0.7909090909090909	-0.20475306167342144
0.7818181818181819	-0.1945035730272239
0.7863636363636364	-0.2017129387777507
0.7863636363636364	-0.2017129387777507
0.7818181818181819	-0.1945035730272239
0.7818181818181819	-0.1945035730272239
0.7863636363636364	-0.2017129387777507
0.7863636363636364	-0.2017129387777507
0.7863636363636364	-0.2017129387777507
0.7863636363636364	-0.2017129387777507
0.7818181818181819	-0.1945035730272239
0.7863636363636364	-0.2017129387777507
0.7818181818181819	-0.1945035730272239
0.7863636363636364	-0.2017129387777507
0.7863636363636364	-0.2017129387777507
0.7863636363636364	-0.2017129387777507
0.7818181818181819	-0.1945035730272239
0.7909090909090909	-0.20475306167342144
0.7818181818181819	-0.1945035730272239
0.7818181818181819	-0.1945035730272239
0.7863636363636364	-0.2017129387777507
0.7863636363636364	-0.2017129387777507
0.7863636363636364	-0.2017129387777507
0.7863636363636364	-0.2017129387777507
0.7863636363636364	-0.2017129387777507
0.7909090909090909	-0.20475306167342144
0.7863636363636364	-0.2017129387777507
0.7863636363636364	-0.2017129387777507
0.7818181818181819	-0.1945035730272239
0.7818181818181819	-0.1945035730272239
0.7818181818181819	-0.1945035730272239
0.7863636363636364	-0.2017129387777507
0.7818181818181819	-0.1945035730272239
0.7863636363636364	-0.2017129387777507
0.7863636363636364	-0.2017129387777507
0.7863636363636364	-0.2017129387777507
0.7863636363636364	-0.2017129387777507
0.7863636363636364	-0.2017129387777507
0.7863636363636364	-0.2017129387777507
0.7863636363636364	-0.2017129387777507
0.7863636363636364	-0.2017129387777507
0.7863636363636364	-0.2017129387777507
0.7818181818181819	-0.1945035730272239
0.7818181818181819	-0.1945035730272239
0.7863636363636364	-0.2017129387777507
0.7818181818181819	-0.1945035730272239
0.7772727272727272	-0.19216497759241186
0.7818181818181819	-0.1945035730272239
0.7863636363636364	-0.2017129387777507
0.7818181818181819	-0.1945035730272239
0.7863636363636364	-0.2017129387777507
0.7863636363636364	-0.2017129387777507
0.7818181818181819	-0.1945035730272239
0.7863636363636364	-0.2017129387777507
0.7818181818181819	-0.1945035730272239
0.7863636363636364	-0.2017129387777507
0.7863636363636364	-0.2017129387777507
0.7863636363636364	-0.2017129387777507
0.7863636363636364	-0.2017129387777507
0.7863636363636364	-0.2017129387777507
0.7863636363636364	-0.2017129387777507
0.7818181818181819	-0.1945035730272239
0.7863636363636364	-0.2017129387777507
0.7818181818181819	-0.1945035730272239
0.7863636363636364	-0.2017129387777507
0.7863636363636364	-0.2017129387777507
0.7863636363636364	-0.2017129387777507
0.7863636363636364	-0.2017129387777507
0.7818181818181819	-0.1945035730272239
0.7818181818181819	-0.1945035730272239
0.7863636363636364	-0.2017129387777507
0.7818181818181819	-0.1945035730272239
0.7863636363636364	-0.2017129387777507
0.7863636363636364	-0.2017129387777507
0.7909090909090909	-0.20475306167342144
0.7818181818181819	-0.1945035730272239
0.7863636363636364	-0.2017129387777507
0.7818181818181819	-0.1945035730272239
0.7863636363636364	-0.2017129387777507
0.7863636363636364	-0.2017129387777507
0.7909090909090909	-0.20475306167342144
0.7818181818181819	-0.1945035730272239
0.7818181818181819	-0.1945035730272239
0.7863636363636364	-0.2017129387777507
0.7863636363636364	-0.2017129387777507
0.7818181818181819	-0.1945035730272239
0.7772727272727272	-0.19216497759241186
0.7863636363636364	-0.2017129387777507
0.7863636363636364	-0.2017129387777507
0.7863636363636364	-0.2017129387777507
0.7818181818181819	-0.1945035730272239
0.7818181818181819	-0.1945035730272239
0.7863636363636364	-0.2017129387777507
0.7863636363636364	-0.2017129387777507
0.7818181818181819	-0.1945035730272239
0.7818181818181819	-0.1945035730272239
0.7863636363636364	-0.2017129387777507
0.7863636363636364	-0.2017129387777507
0.7863636363636364	-0.2017129387777507
0.7863636363636364	-0.2017129387777507
0.7818181818181819	-0.1945035730272239
0.7863636363636364	-0.2017129387777507
0.7818181818181819	-0.1945035730272239
0.7818181818181819	-0.1945035730272239
0.7863636363636364	-0.2017129387777507
0.7818181818181819	-0.1945035730272239
0.7818181818181819	-0.1945035730272239
0.7863636363636364	-0.2017129387777507
0.7818181818181819	-0.1945035730272239
0.7818181818181819	-0.1945035730272239
0.7818181818181819	-0.1945035730272239
0.7772727272727272	-0.19216497759241186
0.7863636363636364	-0.2017129387777507
0.7818181818181819	-0.1945035730272239
0.7863636363636364	-0.2017129387777507
0.7863636363636364	-0.2017129387777507
0.7863636363636364	-0.2017129387777507
0.7863636363636364	-0.2017129387777507
0.7818181818181819	-0.1945035730272239
0.7818181818181819	-0.1945035730272239
0.7818181818181819	-0.1945035730272239
0.7818181818181819	-0.1945035730272239
0.7863636363636364	-0.2017129387777507
0.7818181818181819	-0.1945035730272239
0.7863636363636364	-0.2017129387777507
0.7818181818181819	-0.1945035730272239
0.7818181818181819	-0.1945035730272239
0.7863636363636364	-0.2017129387777507
0.7863636363636364	-0.2017129387777507
0.7818181818181819	-0.1945035730272239
0.7863636363636364	-0.2017129387777507
0.7818181818181819	-0.1945035730272239
0.7818181818181819	-0.1945035730272239
0.7863636363636364	-0.2017129387777507
0.7818181818181819	-0.1945035730272239
0.7863636363636364	-0.2017129387777507
0.7818181818181819	-0.1945035730272239
0.7818181818181819	-0.1945035730272239
0.7863636363636364	-0.2017129387777507
0.7863636363636364	-0.2017129387777507
0.7863636363636364	-0.2017129387777507
0.7818181818181819	-0.1945035730272239
0.7863636363636364	-0.2017129387777507
0.7909090909090909	-0.20475306167342144
0.7909090909090909	-0.20475306167342144
0.7863636363636364	-0.2017129387777507
0.7818181818181819	-0.1945035730272239
