0.7818181818181819	-0.20403639951653935
0.7681818181818182	-0.19267056508021246
0.7772727272727272	-0.19678589098018046
0.7727272727272727	-0.19540526625719007
0.7818181818181819	-0.20403639951653935
0.7818181818181819	-0.20403639951653935
0.7818181818181819	-0.20403639951653935
0.7818181818181819	-0.20403639951653935
0.7818181818181819	-0.20403639951653935
0.7818181818181819	-0.20403639951653935
0.7818181818181819	-0.20403639951653935
0.7818181818181819	-0.20403639951653935
0.7818181818181819	-0.20403639951653935
0.7818181818181819	-0.20403639951653935
0.7818181818181819	-0.20403639951653935
0.7818181818181819	-0.20403639951653935
0.7818181818181819	-0.20403639951653935
0.7818181818181819	-0.20403639951653935
0.7818181818181819	-0.20403639951653935
0.7818181818181819	-0.20403639951653935
0.7818181818181819	-0.20403639951653935
0.7818181818181819	-0.20403639951653935
0.7818181818181819	-0.20403639951653935
0.7818181818181819	-0.20403639951653935
0.7818181818181819	-0.20403639951653935
0.7818181818181819	-0.20403639951653935
0.7818181818181819	-0.20403639951653935
0.7818181818181819	-0.20403639951653935
0.7818181818181819	-0.20403639951653935
0.7818181818181819	-0.20403639951653935
0.7818181818181819	-0.20403639951653935
0.7818181818181819	-0.20403639951653935
0.7818181818181819	-0.20403639951653935
0.7818181818181819	-0.20403639951653935
0.7818181818181819	-0.20403639951653935
0.7818181818181819	-0.20403639951653935
0.7818181818181819	-0.20403639951653935
0.7818181818181819	-0.20403639951653935
0.7818181818181819	-0.20403639951653935
0.7818181818181819	-0.20403639951653935
0.7818181818181819	-0.20403639951653935
0.7818181818181819	-0.20403639951653935
0.7818181818181819	-0.20403639951653935
0.7818181818181819	-0.20403639951653935
0.7818181818181819	-0.20403639951653935
0.7818181818181819	-0.20403639951653935
0.7818181818181819	-0.20403639951653935
0.7818181818181819	-0.20403639951653935
0.7818181818181819	-0.20403639951653935
0.7818181818181819	-0.20403639951653935
0.7818181818181819	-0.20403639951653935
0.7818181818181819	-0.20403639951653935
0.7818181818181819	-0.20403639951653935
0.7818181818181819	-0.20403639951653935
0.7818181818181819	-0.20403639951653935
0.7818181818181819	-0.20403639951653935
0.7818181818181819	-0.20403639951653935
0.7818181818181819	-0.20403639951653935
0.7818181818181819	-0.20403639951653935
0.7818181818181819	-0.20403639951653935
0.7818181818181819	-0.20403639951653935
0.7818181818181819	-0.20403639951653935
0.7818181818181819	-0.20403639951653935
0.7818181818181819	-0.20403639951653935
0.7818181818181819	-0.20403639951653935
0.7818181818181819	-0.20403639951653935
0.7681818181818182	-0.19267056508021246
0.7818181818181819	-0.20403639951653935
0.7818181818181819	-0.20403639951653935
0.7818181818181819	-0.20403639951653935
0.7818181818181819	-0.20403639951653935
0.7818181818181819	-0.20403639951653935
0.7818181818181819	-0.20403639951653935
0.7818181818181819	-0.20403639951653935
0.7772727272727272	-0.19678589098018046
0.7818181818181819	-0.20403639951653935
0.7818181818181819	-0.20403639951653935
0.7818181818181819	-0.20403639951653935
0.7818181818181819	-0.20403639951653935
0.7818181818181819	-0.20403639951653935
0.7818181818181819	-0.20403639951653935
0.7818181818181819	-0.20403639951653935
0.7818181818181819	-0.20403639951653935
0.7818181818181819	-0.20403639951653935
0.7818181818181819	-0.20403639951653935
0.7818181818181819	-0.20403639951653935
0.7818181818181819	-0.20403639951653935
0.7818181818181819	-0.20403639951653935
0.7818181818181819	-0.20403639951653935
0.7818181818181819	-0.20403639951653935
0.7818181818181819	-0.20403639951653935
0.7818181818181819	-0.20403639951653935
0.7818181818181819	-0.20403639951653935
0.7818181818181819	-0.20403639951653935
0.7818181818181819	-0.20403639951653935
0.7818181818181819	-0.20403639951653935
0.7818181818181819	-0.20403639951653935
0.7818181818181819	-0.20403639951653935
0.7818181818181819	-0.20403639951653935
0.7818181818181819	-0.20403639951653935
0.7818181818181819	-0.20403639951653935
0.7818181818181819	-0.20403639951653935
0.7818181818181819	-0.20403639951653935
0.7818181818181819	-0.20403639951653935
0.7818181818181819	-0.20403639951653935
0.7818181818181819	-0.20403639951653935
0.7818181818181819	-0.20403639951653935
0.7818181818181819	-0.20403639951653935
0.7818181818181819	-0.20403639951653935
0.7818181818181819	-0.20403639951653935
0.7818181818181819	-0.20403639951653935
0.7818181818181819	-0.20403639951653935
0.7818181818181819	-0.20403639951653935
0.7818181818181819	-0.20403639951653935
0.7818181818181819	-0.20403639951653935
0.7818181818181819	-0.20403639951653935
0.7818181818181819	-0.20403639951653935
0.7818181818181819	-0.20403639951653935
0.7818181818181819	-0.20403639951653935
0.7818181818181819	-0.20403639951653935
0.7818181818181819	-0.20403639951653935
0.7818181818181819	-0.20403639951653935
0.7818181818181819	-0.20403639951653935
0.7818181818181819	-0.20403639951653935
0.7818181818181819	-0.20403639951653935
0.7818181818181819	-0.20403639951653935
0.7818181818181819	-0.20403639951653935
0.7818181818181819	-0.20403639951653935
0.7818181818181819	-0.20403639951653935
0.7727272727272727	-0.19540526625719007
0.7818181818181819	-0.20403639951653935
0.7818181818181819	-0.20403639951653935
0.7818181818181819	-0.20403639951653935
0.7818181818181819	-0.20403639951653935
0.7772727272727272	-0.19678589098018046
0.7818181818181819	-0.20403639951653935
0.7818181818181819	-0.20403639951653935
0.7818181818181819	-0.20403639951653935
0.7818181818181819	-0.20403639951653935
0.7818181818181819	-0.20403639951653935
0.7818181818181819	-0.20403639951653935
0.7818181818181819	-0.20403639951653935
0.7818181818181819	-0.20403639951653935
0.7818181818181819	-0.20403639951653935
0.7818181818181819	-0.20403639951653935
0.7818181818181819	-0.20403639951653935
0.7772727272727272	-0.19678589098018046
0.7818181818181819	-0.20403639951653935
0.7818181818181819	-0.20403639951653935
0.7818181818181819	-0.20403639951653935
0.7818181818181819	-0.20403639951653935
0.7818181818181819	-0.20403639951653935
0.7818181818181819	-0.20403639951653935
0.7818181818181819	-0.20403639951653935
0.7818181818181819	-0.20403639951653935
0.7818181818181819	-0.20403639951653935
0.7818181818181819	-0.20403639951653935
0.7818181818181819	-0.20403639951653935
0.7818181818181819	-0.20403639951653935
0.7818181818181819	-0.20403639951653935
0.7818181818181819	-0.20403639951653935
0.7818181818181819	-0.20403639951653935
0.7818181818181819	-0.20403639951653935
0.7818181818181819	-0.20403639951653935
0.7818181818181819	-0.20403639951653935
0.7818181818181819	-0.20403639951653935
0.7818181818181819	-0.20403639951653935
0.7818181818181819	-0.20403639951653935
0.7818181818181819	-0.20403639951653935
0.7818181818181819	-0.20403639951653935
0.7818181818181819	-0.20403639951653935
0.7818181818181819	-0.20403639951653935
0.7818181818181819	-0.20403639951653935
0.7818181818181819	-0.20403639951653935
0.7818181818181819	-0.20403639951653935
0.7818181818181819	-0.20403639951653935
0.7818181818181819	-0.20403639951653935
0.7818181818181819	-0.20403639951653935
0.7818181818181819	-0.20403639951653935
0.7818181818181819	-0.20403639951653935
0.7818181818181819	-0.20403639951653935
0.7818181818181819	-0.20403639951653935
0.7818181818181819	-0.20403639951653935
0.7818181818181819	-0.20403639951653935
0.7818181818181819	-0.20403639951653935
0.7818181818181819	-0.20403639951653935
0.7818181818181819	-0.20403639951653935
0.7818181818181819	-0.20403639951653935
0.7818181818181819	-0.20403639951653935
0.7818181818181819	-0.20403639951653935
0.7818181818181819	-0.20403639951653935
0.7818181818181819	-0.20403639951653935
0.7818181818181819	-0.20403639951653935
0.7818181818181819	-0.20403639951653935
0.7818181818181819	-0.20403639951653935
0.7818181818181819	-0.20403639951653935
0.7818181818181819	-0.20403639951653935
0.7818181818181819	-0.20403639951653935
0.7818181818181819	-0.20403639951653935
0.7818181818181819	-0.20403639951653935
