0.7545454545454545	-0.20254084613695472
0.7727272727272727	-0.22461950626478333
0.7681818181818182	-0.21404476719776738
0.7636363636363637	-0.2090375263380325
0.759090909090909	-0.2048072717814704
0.7545454545454545	-0.20254084613695472
0.7681818181818182	-0.21404476719776738
0.7545454545454545	-0.20254084613695472
0.7545454545454545	-0.20254084613695472
0.7545454545454545	-0.20254084613695472
0.7545454545454545	-0.20254084613695472
0.7545454545454545	-0.20254084613695472
0.7545454545454545	-0.20254084613695472
0.7727272727272727	-0.22461950626478333
0.7545454545454545	-0.20254084613695472
0.7545454545454545	-0.20254084613695472
0.7545454545454545	-0.20254084613695472
0.7545454545454545	-0.20254084613695472
0.7545454545454545	-0.20254084613695472
0.7545454545454545	-0.20254084613695472
0.7545454545454545	-0.20254084613695472
0.7545454545454545	-0.20254084613695472
0.7545454545454545	-0.20254084613695472
0.7545454545454545	-0.20254084613695472
0.7545454545454545	-0.20254084613695472
0.7545454545454545	-0.20254084613695472
0.7545454545454545	-0.20254084613695472
0.7545454545454545	-0.20254084613695472
0.7727272727272727	-0.22461950626478333
0.7545454545454545	-0.20254084613695472
0.7545454545454545	-0.20254084613695472
0.7545454545454545	-0.20254084613695472
0.7545454545454545	-0.20254084613695472
0.7545454545454545	-0.20254084613695472
0.7681818181818182	-0.21404476719776738
0.7545454545454545	-0.20254084613695472
0.7681818181818182	-0.21404476719776738
0.7545454545454545	-0.20254084613695472
0.7545454545454545	-0.20254084613695472
0.7727272727272727	-0.22461950626478333
0.7545454545454545	-0.20254084613695472
0.7545454545454545	-0.20254084613695472
0.7545454545454545	-0.20254084613695472
0.7681818181818182	-0.21404476719776738
0.7545454545454545	-0.20254084613695472
0.7545454545454545	-0.20254084613695472
0.7681818181818182	-0.21404476719776738
0.7545454545454545	-0.20254084613695472
0.7545454545454545	-0.20254084613695472
0.7545454545454545	-0.20254084613695472
0.7545454545454545	-0.20254084613695472
0.7545454545454545	-0.20254084613695472
0.7545454545454545	-0.20254084613695472
0.7545454545454545	-0.20254084613695472
0.7545454545454545	-0.20254084613695472
0.7545454545454545	-0.20254084613695472
0.7545454545454545	-0.20254084613695472
0.7545454545454545	-0.20254084613695472
0.7545454545454545	-0.20254084613695472
0.7545454545454545	-0.20254084613695472
0.7545454545454545	-0.20254084613695472
0.7545454545454545	-0.20254084613695472
0.7545454545454545	-0.20254084613695472
0.7681818181818182	-0.21404476719776738
0.7545454545454545	-0.20254084613695472
0.7545454545454545	-0.20254084613695472
0.7636363636363637	-0.2090375263380325
0.7545454545454545	-0.20254084613695472
0.7545454545454545	-0.20254084613695472
0.7545454545454545	-0.20254084613695472
0.7545454545454545	-0.20254084613695472
0.7545454545454545	-0.20254084613695472
0.7545454545454545	-0.20254084613695472
0.7545454545454545	-0.20254084613695472
0.7545454545454545	-0.20254084613695472
0.7545454545454545	-0.20254084613695472
0.7636363636363637	-0.2090375263380325
0.7545454545454545	-0.20254084613695472
0.7545454545454545	-0.20254084613695472
0.7545454545454545	-0.20254084613695472
0.7545454545454545	-0.20254084613695472
0.7545454545454545	-0.20254084613695472
0.7545454545454545	-0.20254084613695472
0.7545454545454545	-0.20254084613695472
0.7545454545454545	-0.20254084613695472
0.7545454545454545	-0.20254084613695472
0.7681818181818182	-0.21404476719776738
0.7545454545454545	-0.20254084613695472
0.759090909090909	-0.2048072717814704
0.7545454545454545	-0.20254084613695472
0.7545454545454545	-0.20254084613695472
0.7545454545454545	-0.20254084613695472
0.7545454545454545	-0.20254084613695472
0.7545454545454545	-0.20254084613695472
0.7545454545454545	-0.20254084613695472
0.7545454545454545	-0.20254084613695472
0.7545454545454545	-0.20254084613695472
0.7636363636363637	-0.2090375263380325
0.7545454545454545	-0.20254084613695472
0.7545454545454545	-0.20254084613695472
0.7545454545454545	-0.20254084613695472
0.7545454545454545	-0.20254084613695472
0.7545454545454545	-0.20254084613695472
0.7545454545454545	-0.20254084613695472
0.7545454545454545	-0.20254084613695472
0.7545454545454545	-0.20254084613695472
0.7545454545454545	-0.20254084613695472
0.7545454545454545	-0.20254084613695472
0.7545454545454545	-0.20254084613695472
0.7545454545454545	-0.20254084613695472
0.7545454545454545	-0.20254084613695472
0.7545454545454545	-0.20254084613695472
0.7545454545454545	-0.20254084613695472
0.7727272727272727	-0.22461950626478333
0.7545454545454545	-0.20254084613695472
0.7545454545454545	-0.20254084613695472
0.7545454545454545	-0.20254084613695472
0.7545454545454545	-0.20254084613695472
0.7545454545454545	-0.20254084613695472
0.7545454545454545	-0.20254084613695472
0.759090909090909	-0.2048072717814704
0.7681818181818182	-0.21404476719776738
0.7545454545454545	-0.20254084613695472
0.7545454545454545	-0.20254084613695472
0.7545454545454545	-0.20254084613695472
0.7636363636363637	-0.2090375263380325
0.7545454545454545	-0.20254084613695472
0.7545454545454545	-0.20254084613695472
0.7545454545454545	-0.20254084613695472
0.7545454545454545	-0.20254084613695472
0.7545454545454545	-0.20254084613695472
0.7545454545454545	-0.20254084613695472
0.7545454545454545	-0.20254084613695472
0.7545454545454545	-0.20254084613695472
0.7545454545454545	-0.20254084613695472
0.7681818181818182	-0.21404476719776738
0.7545454545454545	-0.20254084613695472
0.7545454545454545	-0.20254084613695472
0.7545454545454545	-0.20254084613695472
0.7636363636363637	-0.2090375263380325
0.7545454545454545	-0.20254084613695472
0.7681818181818182	-0.21404476719776738
0.7545454545454545	-0.20254084613695472
0.7545454545454545	-0.20254084613695472
0.7545454545454545	-0.20254084613695472
0.7545454545454545	-0.20254084613695472
0.7545454545454545	-0.20254084613695472
0.7545454545454545	-0.20254084613695472
0.7545454545454545	-0.20254084613695472
0.7545454545454545	-0.20254084613695472
0.7545454545454545	-0.20254084613695472
0.7545454545454545	-0.20254084613695472
0.7545454545454545	-0.20254084613695472
0.7545454545454545	-0.20254084613695472
0.7545454545454545	-0.20254084613695472
0.7545454545454545	-0.20254084613695472
0.7545454545454545	-0.20254084613695472
0.7545454545454545	-0.20254084613695472
0.7545454545454545	-0.20254084613695472
0.7636363636363637	-0.2090375263380325
0.7545454545454545	-0.20254084613695472
0.7545454545454545	-0.20254084613695472
0.7545454545454545	-0.20254084613695472
0.7545454545454545	-0.20254084613695472
0.7681818181818182	-0.21404476719776738
0.7545454545454545	-0.20254084613695472
0.7681818181818182	-0.21404476719776738
0.7545454545454545	-0.20254084613695472
0.7545454545454545	-0.20254084613695472
0.7545454545454545	-0.20254084613695472
0.7545454545454545	-0.20254084613695472
0.7545454545454545	-0.20254084613695472
0.7545454545454545	-0.20254084613695472
0.7545454545454545	-0.20254084613695472
0.7545454545454545	-0.20254084613695472
0.7545454545454545	-0.20254084613695472
0.7545454545454545	-0.20254084613695472
0.7545454545454545	-0.20254084613695472
0.7681818181818182	-0.21404476719776738
0.7545454545454545	-0.20254084613695472
0.7545454545454545	-0.20254084613695472
0.7545454545454545	-0.20254084613695472
0.7545454545454545	-0.20254084613695472
0.7545454545454545	-0.20254084613695472
0.7545454545454545	-0.20254084613695472
0.7545454545454545	-0.20254084613695472
0.7545454545454545	-0.20254084613695472
0.7545454545454545	-0.20254084613695472
0.7545454545454545	-0.20254084613695472
0.7545454545454545	-0.20254084613695472
0.7545454545454545	-0.20254084613695472
0.7545454545454545	-0.20254084613695472
0.7545454545454545	-0.20254084613695472
0.7681818181818182	-0.21404476719776738
0.7545454545454545	-0.20254084613695472
0.7545454545454545	-0.20254084613695472
0.7545454545454545	-0.20254084613695472
0.7545454545454545	-0.20254084613695472
0.7545454545454545	-0.20254084613695472
0.7545454545454545	-0.20254084613695472
