1.329750088275159
1.6121727744500869
1.7325314639637586
1.8631499328820658
1.8829271483882053
1.908593012225314
1.9207981378001278
1.9306930120929224
1.9379631114401346
1.948574195629212
1.9547939688272136
1.9547939688272136
1.960677436763607
1.9714809470180987
1.9715303072125567
1.9756348668260824
1.9756348668260824
1.9756348668260824
1.9756348668260824
1.9756348668260824
1.9756348668260824
1.9756348668260824
1.9756348668260824
1.9756348668260824
1.9756348668260824
1.329750088275159
1.6317186693776804
1.8082761768644624
1.8777034866958913
1.890911813825709
1.9395776994630167
1.9992698672746938
2.0239578546376302
2.0239675434191704
2.0410448658674696
2.0460059323339355
2.0460059323339355
2.0460059323339355
2.05321704631031
2.053225549878701
2.053225549878701
2.053225549878701
2.053225549878701
2.053225549878701
2.053225549878701
2.053225549878701
2.053225549878701
2.053225549878701
2.053225549878701
2.0532277526373846
