1.329750088275159
1.6121727744500869
1.7325314639637586
1.8631499328820658
1.8829271483882053
1.908593012225314
1.9207981378001278
1.9306930120929224
1.9379631114401346
1.948574195629212
1.9547939688272136
1.9547939688272136
1.960677436763607
1.9714809470180987
1.9715303072125567
1.9756348668260824
1.9756348668260824
1.9756348668260824
1.9756348668260824
1.9756348668260824
1.9756348668260824
1.9756348668260824
1.9756348668260824
1.9756348668260824
1.9756348668260824
1.329750088275159
1.6317186693776804
1.8082761768644624
1.8777034866958913
1.890911813825709
1.9395776994630167
1.9992698672746938
2.0239578546376302
2.0239675434191704
2.0410448658674696
2.0460059323339355
2.0460059323339355
2.0460059323339355
2.05321704631031
2.053225549878701
2.053225549878701
2.053225549878701
2.053225549878701
2.053225549878701
2.053225549878701
2.053225549878701
2.053225549878701
2.053225549878701
2.053225549878701
2.0532277526373846
1.329750088275159
1.635667433818275
1.7334383185771713
1.785360014919173
1.8175373805858002
1.8359519968920808
1.8746957637885195
1.8894176156888214
1.9054761198435173
1.9212845144871142
1.9638521638962325
1.9716854772258305
1.9779191079618117
1.9783704817181529
1.984619501744205
1.9846795736532759
1.9846823837127758
1.9846823837127758
1.9846946104957248
1.9846946104957248
1.9846946104957248
1.9846946104957248
1.9846946104957248
1.9846946104957248
1.9846946104957248
1.329750088275159
1.705561671631246
1.8322032842375433
1.8709583364458815
1.8988050178862992
1.9046064751115244
1.915212082022285
1.9301169784337948
1.9361657363262974
1.9408280998668093
1.9575493541180615
1.9576224127068576
1.9637253604440947
1.9637253604440947
1.9637253604440947
1.9637603248930702
1.9637603248930702
1.9637603248930702
1.9637603248930702
1.9637603248930702
1.964746545329271
1.9647573159133553
1.964956349336249
1.9649873169004746
1.9649873169004746
1.329750088275159
1.6388276683579122
1.7177596548261191
1.7725692333551135
1.880379209562449
1.8940273087489308
1.8941821518278041
1.8972775225267715
1.9034091434763052
1.9388414659780444
1.938954833852522
1.9452518404155257
1.9452518404155257
1.9868022050494742
1.993051521245651
1.993051521245651
1.993051521245651
1.993051521245651
1.993051521245651
1.993051521245651
1.993051521245651
1.993051521245651
1.993051521245651
1.993051521245651
1.993051521245651
1.329750088275159
1.6408015548880628
1.7775827415988552
1.8114459778412502
1.8545089498748788
1.8605729047171085
1.8665839224184269
1.8762268273622484
1.8777664033659724
1.8925038489526078
1.8927454336041365
1.9000057393796455
1.9019481019165423
1.9084413591458103
1.9116348315220124
1.913751679478535
1.9198755914342
1.9200550428268781
1.9200645018471303
1.920119128211952
1.9262150933578133
1.9262586909500663
1.9515489401085513
1.9515489401085513
1.9603611993202135
1.329750088275159
1.6465225612920338
1.7558253593475601
1.8657095339016525
1.8747278727847991
1.883231946374991
1.891781458004141
1.9034712060139796
1.9034712060139796
1.9095407242785356
1.9287812215609215
1.9287812215609215
1.9287812215609215
1.9287812215609215
1.9287812215609215
1.9287812215609215
1.932515292824511
1.932515292824511
1.932515292824511
1.932515292824511
1.932515292824511
1.9325213076879364
1.937099236625077
1.937099236625077
1.937099236625077
1.329750088275159
1.63104811100584
1.7677874733965895
1.8405529098647428
1.8931204447767729
1.9253810437844805
1.9405584752602747
1.9491264442957617
1.9491264442957617
1.9583660958127873
1.9794879400738103
1.9857582795672495
1.9857582795672495
1.9858370584614473
1.9858370584614473
1.985849217763184
1.989416494668737
2.0054317346304407
2.0054317346304407
2.005436310407396
2.008638814982697
2.008638814982697
2.020018532492958
2.028323580238158
2.0283663107475935
1.329750088275159
1.6404363264528428
1.7849753915185471
1.8342561342646628
1.8591764899170107
1.8634807907889508
1.8636223001166268
1.8637094985253355
1.869917509429886
1.8952539906478738
1.913057070402308
1.9375442803878744
1.9600066164476582
1.9678370059646413
1.9678370059646413
1.9740684125329666
1.9740684125329666
1.9740684125329666
1.9740684125329666
1.9740684125329666
1.9740724517145198
1.9740724517145198
1.9740724517145198
1.9740724517145198
1.9740724517145198
1.329750088275159
1.7364391931497813
1.8009096291622553
1.836054945830048
1.8846851484454943
1.8969129637810358
1.903013095531509
1.9030715345222138
1.9030715345222138
1.9030715345222138
1.9030715345222138
1.9030725788642586
1.9030725788642586
1.9030725788642586
1.9030950358604533
1.9031007432575362
1.9031007432575362
1.9031007432575362
1.9031007432575362
1.9031007432575362
1.9031007432575362
1.9031007432575362
1.9031007432575362
1.9031007432575362
1.9031007432575362
1.329750088275159
1.7054226208795182
1.7870558209699345
1.848699410252553
1.8937384186624298
1.9272703184984958
1.9501273963384715
1.9501347682867347
1.980245509823292
2.006627491167764
2.0066607626569475
2.0066607626569475
2.0066836282857587
2.0132086508908076
2.013945932520283
2.0364583809388828
2.0364583809388828
2.0364583809388828
2.0400480161367747
2.0404257525567373
2.0404257525567373
2.0404257525567373
2.046716756532406
2.046729166483262
2.0467303939932138
1.329750088275159
1.7149600089324775
1.7907451208600982
1.8503096826284204
1.8836532112948736
1.9144100003679747
1.9226729512859484
1.9226729512859484
1.9246500295805695
1.9246500295805695
1.9246500295805695
1.9246500295805695
1.924744679694844
1.924744679694844
1.924744679694844
1.936927408615072
1.9671404879295389
1.968429972673857
1.974822037444026
1.9750357296659395
1.975038976766668
1.9771645943478462
1.9771645943478462
1.9771645943478462
1.9771645943478462
1.329750088275159
1.7077832376839417
1.8841611357138444
1.9274603600766902
1.9350192102480788
1.9440959370045416
1.9468142529391017
1.9473701646418617
1.9473701646418617
1.9535515062129873
1.9535515062129873
1.9535515062129873
1.9597310396773522
1.9611011424011329
1.9611350502319733
1.9611350502319733
1.9673981018310296
1.9674028907966044
1.9674028907966044
1.9674028907966044
1.967440959752016
1.9754697306368276
1.9788782495674573
2.021788529490476
2.027523097984381
1.329750088275159
1.622892127265626
1.726256057468549
1.762388059994967
1.7783614173169884
1.796385305683796
1.8195721580428388
1.8377052057179404
1.8898601213859225
1.8963662818059501
1.910639788564076
1.9149145565823709
1.9149145565823709
1.9178742458081752
1.9178742458081752
1.9178742458081752
1.9178742458081752
1.9178742458081752
1.9178742458081752
1.9178742458081752
1.9178742458081752
1.9178742458081752
1.9178874692488277
1.9178874692488277
1.9178933009443462
1.329750088275159
1.6021756717747782
1.7026059774992168
1.8210348563140117
1.8537788862437363
1.8761127845958727
1.8897714936383183
1.9106545309403018
1.930773090729088
1.931312126243737
1.9398364269518267
1.9398364269518267
1.9398364269518267
1.9398364269518267
1.9398364269518267
1.9398364269518267
1.9398364269518267
1.9398364269518267
1.9398364269518267
1.9415415145415138
1.941560637158897
1.941560862623607
1.9468149402229555
1.9468149402229555
1.9496197901239276
1.329750088275159
1.6578816240089926
1.7783174959664563
1.8453246556154181
1.8750620457745855
1.9032227011199256
1.9321224343514731
1.9507345061196208
1.9507345061196208
1.9764570806468105
1.9826091189687483
1.9847045906099852
1.9847045906099852
1.9909340059961456
1.9909439909478104
1.9917754447748128
1.9917754447748128
1.9917754447748128
1.9940849039688782
1.9941121906153492
1.9941121906153492
1.9941121906153492
1.9941121906153492
1.9941121906153492
1.9941121906153492
1.329750088275159
1.7045417438848958
1.7989199451258229
1.867258230010902
1.890774659914767
1.8971028102102632
1.9240006525389968
1.9339265789543658
1.9421865569459908
1.9422050047813453
1.9422071202619455
1.948439891987124
1.9503186239045376
1.9503186239045376
1.9503186239045376
1.9727419909530124
1.9727419909530124
1.9727419909530124
1.978942511958745
1.9840937833730308
1.9841283514654795
1.990292646827222
1.990292646827222
1.990292646827222
1.990292646827222
