1.329750088275159
1.6121727744500869
1.7325314639637586
1.8631499328820658
1.8829271483882053
1.908593012225314
1.9207981378001278
1.9306930120929224
1.9379631114401346
1.948574195629212
1.9547939688272136
1.9547939688272136
1.960677436763607
1.9714809470180987
1.9715303072125567
1.9756348668260824
1.9756348668260824
1.9756348668260824
1.9756348668260824
1.9756348668260824
1.9756348668260824
1.9756348668260824
1.9756348668260824
1.9756348668260824
1.9756348668260824
1.329750088275159
1.6317186693776804
1.8082761768644624
1.8777034866958913
1.890911813825709
1.9395776994630167
1.9992698672746938
2.0239578546376302
2.0239675434191704
2.0410448658674696
2.0460059323339355
2.0460059323339355
2.0460059323339355
2.05321704631031
2.053225549878701
2.053225549878701
2.053225549878701
2.053225549878701
2.053225549878701
2.053225549878701
2.053225549878701
2.053225549878701
2.053225549878701
2.053225549878701
2.0532277526373846
1.329750088275159
1.635667433818275
1.7334383185771713
1.785360014919173
1.8175373805858002
1.8359519968920808
1.8746957637885195
1.8894176156888214
1.9054761198435173
1.9212845144871142
1.9638521638962325
1.9716854772258305
1.9779191079618117
1.9783704817181529
1.984619501744205
1.9846795736532759
1.9846823837127758
1.9846823837127758
1.9846946104957248
1.9846946104957248
1.9846946104957248
1.9846946104957248
1.9846946104957248
1.9846946104957248
1.9846946104957248
1.329750088275159
1.705561671631246
1.8322032842375433
1.8709583364458815
1.8988050178862992
1.9046064751115244
1.915212082022285
1.9301169784337948
1.9361657363262974
1.9408280998668093
1.9575493541180615
1.9576224127068576
1.9637253604440947
1.9637253604440947
1.9637253604440947
1.9637603248930702
1.9637603248930702
1.9637603248930702
1.9637603248930702
1.9637603248930702
1.964746545329271
1.9647573159133553
1.964956349336249
1.9649873169004746
1.9649873169004746
