1.329750088275159
1.6121727744500869
1.7325314639637586
1.8631499328820658
1.8829271483882053
1.908593012225314
1.9207981378001278
1.9306930120929224
1.9379631114401346
1.948574195629212
1.9547939688272136
1.9547939688272136
1.960677436763607
1.9714809470180987
1.9715303072125567
1.9756348668260824
1.9756348668260824
1.9756348668260824
1.9756348668260824
1.9756348668260824
1.9756348668260824
1.9756348668260824
1.9756348668260824
1.9756348668260824
1.9756348668260824
1.329750088275159
1.6317186693776804
1.8082761768644624
1.8777034866958913
1.890911813825709
1.9395776994630167
1.9992698672746938
2.0239578546376302
2.0239675434191704
2.0410448658674696
2.0460059323339355
2.0460059323339355
2.0460059323339355
2.05321704631031
2.053225549878701
2.053225549878701
2.053225549878701
2.053225549878701
2.053225549878701
2.053225549878701
2.053225549878701
2.053225549878701
2.053225549878701
2.053225549878701
2.0532277526373846
1.329750088275159
1.635667433818275
1.7334383185771713
1.785360014919173
1.8175373805858002
1.8359519968920808
1.8746957637885195
1.8894176156888214
1.9054761198435173
1.9212845144871142
1.9638521638962325
1.9716854772258305
1.9779191079618117
1.9783704817181529
1.984619501744205
1.9846795736532759
1.9846823837127758
1.9846823837127758
1.9846946104957248
1.9846946104957248
1.9846946104957248
1.9846946104957248
1.9846946104957248
1.9846946104957248
1.9846946104957248
1.329750088275159
1.705561671631246
1.8322032842375433
1.8709583364458815
1.8988050178862992
1.9046064751115244
1.915212082022285
1.9301169784337948
1.9361657363262974
1.9408280998668093
1.9575493541180615
1.9576224127068576
1.9637253604440947
1.9637253604440947
1.9637253604440947
1.9637603248930702
1.9637603248930702
1.9637603248930702
1.9637603248930702
1.9637603248930702
1.964746545329271
1.9647573159133553
1.964956349336249
1.9649873169004746
1.9649873169004746
1.329750088275159
1.6388276683579122
1.7177596548261191
1.7725692333551135
1.880379209562449
1.8940273087489308
1.8941821518278041
1.8972775225267715
1.9034091434763052
1.9388414659780444
1.938954833852522
1.9452518404155257
1.9452518404155257
1.9868022050494742
1.993051521245651
1.993051521245651
1.993051521245651
1.993051521245651
1.993051521245651
1.993051521245651
1.993051521245651
1.993051521245651
1.993051521245651
1.993051521245651
1.993051521245651
1.329750088275159
1.6408015548880628
1.7775827415988552
1.8114459778412502
1.8545089498748788
1.8605729047171085
1.8665839224184269
1.8762268273622484
1.8777664033659724
1.8925038489526078
1.8927454336041365
1.9000057393796455
1.9019481019165423
1.9084413591458103
1.9116348315220124
1.913751679478535
1.9198755914342
1.9200550428268781
1.9200645018471303
1.920119128211952
1.9262150933578133
1.9262586909500663
1.9515489401085513
1.9515489401085513
1.9603611993202135
1.329750088275159
1.6465225612920338
1.7558253593475601
1.8657095339016525
1.8747278727847991
1.883231946374991
1.891781458004141
1.9034712060139796
1.9034712060139796
1.9095407242785356
1.9287812215609215
1.9287812215609215
1.9287812215609215
1.9287812215609215
1.9287812215609215
1.9287812215609215
1.932515292824511
1.932515292824511
1.932515292824511
1.932515292824511
1.932515292824511
1.9325213076879364
1.937099236625077
1.937099236625077
1.937099236625077
