1.7069734321432002
2.114462096956946
2.1318033628411666
2.1318033628411666
2.1318033628411666
2.1318033628411666
2.1318033628411666
2.1318033628411666
2.1318033628411666
2.1318033628411666
2.1386309563380017
2.1386309563380017
2.1386309563380017
2.1386309563380017
2.1386309563380017
2.1386309563380017
2.1386309563380017
2.1386309563380017
2.1386309563380017
2.1386309563380017
2.1386309563380017
2.1386309563380017
2.1386309563380017
2.1386309563380017
2.1386309563380017
1.7069734321432002
2.108429594650448
2.2036908363184984
2.2036908363184984
2.2036908363184984
2.2036908363184984
2.2036908363184984
2.2036908363184984
2.2036908363184984
2.2036908363184984
2.2036908363184984
2.2036908363184984
2.2036908363184984
2.2036908363184984
2.2036908363184984
2.2036908363184984
2.2036908363184984
2.2036908363184984
2.2036908363184984
2.2036908363184984
2.2036908363184984
2.2036908363184984
2.2036908363184984
2.2036908363184984
2.2036908363184984
1.7069734321432002
2.1263427475922474
2.143129106024139
2.143129106024139
2.143129106024139
2.2152586488498827
2.2152586488498827
2.2152586488498827
2.2152586488498827
2.2152586488498827
2.2152586488498827
2.2152586488498827
2.2152586488498827
2.2152586488498827
2.2152586488498827
2.2152586488498827
2.2152586488498827
2.2152586488498827
2.2152586488498827
2.2152586488498827
2.2152586488498827
2.2152586488498827
2.2152586488498827
2.2152586488498827
2.2152586488498827
