1.7069734321432002
2.114462096956946
2.1318033628411666
2.1318033628411666
2.1318033628411666
2.1318033628411666
2.1318033628411666
2.1318033628411666
2.1318033628411666
2.1318033628411666
2.1386309563380017
2.1386309563380017
2.1386309563380017
2.1386309563380017
2.1386309563380017
2.1386309563380017
2.1386309563380017
2.1386309563380017
2.1386309563380017
2.1386309563380017
2.1386309563380017
2.1386309563380017
2.1386309563380017
2.1386309563380017
2.1386309563380017
1.7069734321432002
2.108429594650448
2.2036908363184984
2.2036908363184984
2.2036908363184984
2.2036908363184984
2.2036908363184984
2.2036908363184984
2.2036908363184984
2.2036908363184984
2.2036908363184984
2.2036908363184984
2.2036908363184984
2.2036908363184984
2.2036908363184984
2.2036908363184984
2.2036908363184984
2.2036908363184984
2.2036908363184984
2.2036908363184984
2.2036908363184984
2.2036908363184984
2.2036908363184984
2.2036908363184984
2.2036908363184984
1.7069734321432002
2.1263427475922474
2.143129106024139
2.143129106024139
2.143129106024139
2.2152586488498827
2.2152586488498827
2.2152586488498827
2.2152586488498827
2.2152586488498827
2.2152586488498827
2.2152586488498827
2.2152586488498827
2.2152586488498827
2.2152586488498827
2.2152586488498827
2.2152586488498827
2.2152586488498827
2.2152586488498827
2.2152586488498827
2.2152586488498827
2.2152586488498827
2.2152586488498827
2.2152586488498827
2.2152586488498827
1.7069734321432002
2.073987246620016
2.0773774021167135
2.0773774021167135
2.0773774021167135
2.0773774021167135
2.0773774021167135
2.0773774021167135
2.0773774021167135
2.0773774021167135
2.0773774021167135
2.0773774021167135
2.0773774021167135
2.0773774021167135
2.0773774021167135
2.0773774021167135
2.0773774021167135
2.0773774021167135
2.0773774021167135
2.0773774021167135
2.0773774021167135
2.0773774021167135
2.0773774021167135
2.0773774021167135
2.0773774021167135
1.7069734321432002
2.091208420635232
2.1779681343443653
2.1779681343443653
2.1779681343443653
2.1779681343443653
2.1779681343443653
2.1779681343443653
2.1779681343443653
2.1779681343443653
2.1779681343443653
2.1779681343443653
2.1779681343443653
2.1779681343443653
2.1779681343443653
2.1779681343443653
2.1779681343443653
2.1779681343443653
2.1779681343443653
2.1779681343443653
2.1779681343443653
2.1779681343443653
2.1779681343443653
2.1779681343443653
2.1779681343443653
1.7069734321432002
2.073987246620016
2.0807675576134113
2.0807675576134113
2.0926846129314938
2.0926846129314938
2.0926846129314938
2.0926846129314938
2.0926846129314938
2.0926846129314938
2.0926846129314938
2.0926846129314938
2.0926846129314938
2.0926846129314938
2.0926846129314938
2.0926846129314938
2.0926846129314938
2.0926846129314938
2.0926846129314938
2.0926846129314938
2.0926846129314938
2.0926846129314938
2.0926846129314938
2.0926846129314938
2.0926846129314938
1.7069734321432002
2.0558292240086105
2.0773774021167135
2.0773774021167135
2.0773774021167135
2.0773774021167135
2.0773774021167135
2.0773774021167135
2.0773774021167135
2.0773774021167135
2.0773774021167135
2.0773774021167135
2.0773774021167135
2.0773774021167135
2.0773774021167135
2.0773774021167135
2.0773774021167135
2.0773774021167135
2.0773774021167135
2.0773774021167135
2.0773774021167135
2.0773774021167135
2.0773774021167135
2.0773774021167135
2.0773774021167135
1.7069734321432002
2.108429594650448
2.1658837046538375
2.1726640156472325
2.1726640156472325
2.1726640156472325
2.1726640156472325
2.1726640156472325
2.1726640156472325
2.1726640156472325
2.1726640156472325
2.1726640156472325
2.1726640156472325
2.1726640156472325
2.1726640156472325
2.1726640156472325
2.1726640156472325
2.1726640156472325
2.1726640156472325
2.1726640156472325
2.1726640156472325
2.1726640156472325
2.1726640156472325
2.1726640156472325
2.1726640156472325
1.7069734321432002
2.0193123550514223
2.1658837046538375
2.2152586488498827
2.2152586488498827
2.2152586488498827
2.2152586488498827
2.2152586488498827
2.2152586488498827
2.2152586488498827
2.2152586488498827
2.2152586488498827
2.2152586488498827
2.2152586488498827
2.2152586488498827
2.2152586488498827
2.2152586488498827
2.2152586488498827
2.2152586488498827
2.2152586488498827
2.2152586488498827
2.2152586488498827
2.2152586488498827
2.2152586488498827
2.2152586488498827
