1.346663058318116
1.8740116779193436
1.9608774609099646
1.964247859506388
1.9657024239828325
1.9722075491498907
1.9773982490055506
1.9773990790077738
1.977421844354124
1.9819729940745583
1.982031164340428
1.9822293906585087
1.9853956927825636
1.9854708914761487
1.9917363378637216
1.9920864070621567
1.992094504704713
1.992094504704713
1.993805158316028
1.993805158316028
1.993805158316028
1.9994030043787523
1.9994605378610362
1.9994605378610362
2.000662227395506
1.346663058318116
1.9198743288451317
1.9712464035145498
2.0000576112615227
2.004605288786132
2.004605288786132
2.004605288786132
2.004605288786132
2.004605288786132
2.004605288786132
2.004605288786132
2.004605288786132
2.004605288786132
2.004605288786132
2.004605288786132
2.004605288786132
2.004605288786132
2.004605288786132
2.004605288786132
2.004605288786132
2.004605288786132
2.004605288786132
2.004605288786132
2.004605288786132
2.004605288786132
1.346663058318116
1.8590285162755158
1.907921610067748
1.928755544331095
1.9475644037052409
1.9476418149055692
1.9568604863512415
1.964145630841171
1.9659252972972756
1.9659252972972756
1.9659252972972756
1.9659252972972756
1.9659252972972756
1.9659252972972756
1.9659252972972756
1.9659252972972756
1.9659252972972756
1.9659252972972756
1.9659252972972756
1.9659252972972756
1.9659252972972756
1.9659252972972756
1.9659252972972756
1.9659252972972756
1.9659252972972756
1.346663058318116
1.9155423414749109
1.964035022705618
1.99189552812141
2.0013564956041083
2.0013564956041083
2.0013564956041083
2.0013564956041083
2.0013564956041083
2.0013564956041083
2.0013564956041083
2.0013564956041083
2.0013564956041083
2.0013564956041083
2.0013564956041083
2.0013564956041083
2.0013564956041083
2.001363636865796
2.001363636865796
2.001363636865796
2.001363636865796
2.001363636865796
2.001363636865796
2.001363636865796
2.001363636865796
1.346663058318116
1.893686332135749
1.9456074433179233
1.9666306404903122
1.9773771799074344
1.9774172510492576
1.9774193285587778
1.9774193285587778
1.9774193285587778
1.9774193285587778
1.9774193285587778
1.9774211718565493
1.9774211718565493
1.9774211718565493
1.9774211718565493
1.9774211718565493
1.9818983142930378
1.9818983142930378
1.9818983142930378
1.9818983142930378
1.9818983142930378
1.9818983142930378
1.9818983142930378
1.9818983142930378
1.9818989635545
1.346663058318116
1.8848698178870846
1.964671651742734
1.989238213443025
1.9934631379484282
1.9934631379484282
1.9934631379484282
1.9934631379484282
1.9934631379484282
1.9934631379484282
1.9934631379484282
1.9934631379484282
1.9934631379484282
1.9934631379484282
1.993469540191039
1.9962424797569303
1.9962424797569303
1.9962424797569303
1.9962424797569303
1.9962587112144172
2.0008245552658748
2.0008245552658748
2.0008245552658748
2.0008245552658748
2.0008245552658748
1.346663058318116
1.8851807794053153
1.969730131550871
1.9855641187488529
1.997954217823774
1.9979621425512217
1.9979621425512217
1.9979621425512217
1.9979621425512217
1.9979621425512217
1.9979621425512217
1.9979621425512217
1.9979621425512217
1.9979621425512217
1.9979621425512217
1.9979621425512217
1.9979621425512217
1.9979621425512217
1.9979621425512217
1.9979621425512217
1.9979685447938322
1.9979685447938322
2.0007407158442
2.0007407158442
2.00075407890478
1.346663058318116
1.8704651848984082
1.9486447456209643
1.9811659540892637
1.9878299094531582
1.9878299094531582
1.9923701421332223
1.9923701421332223
1.9923701421332223
1.9923754307757908
1.9923754307757908
1.9923754307757908
1.9923754307757908
1.9923754307757908
1.9923754307757908
1.9923754307757908
1.9923754307757908
1.9923754307757908
1.9923754307757908
1.9923754307757908
1.9923754307757908
1.9923754307757908
1.9923754307757908
1.9923754307757908
1.9923754307757908
1.346663058318116
1.8601709068034806
1.9771300718144285
1.9820398839645001
1.9820398839645001
1.9865666802528548
1.9906966697988202
1.9964558720051668
1.9964558720051668
1.9964558720051668
1.9964558720051668
1.9964558720051668
1.9964558720051668
1.9964558720051668
1.9964558720051668
1.9964558720051668
1.9964558720051668
1.9964558720051668
1.9964558720051668
1.9964558720051668
1.9964558720051668
1.9964558720051668
1.9964558720051668
1.9964558720051668
1.9964558720051668
1.346663058318116
1.910233739089653
1.9837306125431802
1.987062361745594
1.9916079049218096
1.9916079049218096
1.9916079049218096
1.9916079049218096
1.9916079049218096
1.9916079049218096
1.9916079049218096
1.9916079049218096
1.9916079049218096
1.9916079049218096
1.9916079049218096
1.9916079049218096
1.9916079049218096
1.9916079049218096
1.9916079049218096
1.9916079049218096
1.9916079049218096
1.9916079049218096
1.9916079049218096
1.9916079049218096
1.9916079049218096
1.346663058318116
1.905481748026149
1.966062712935094
1.9902127049011133
1.9941546288920182
1.9941546288920182
1.9941546288920182
1.9945078932959497
1.9945078932959497
1.9949196653342314
1.9949196653342314
1.9949196653342314
1.9949196653342314
1.9949196653342314
1.9949196653342314
1.9949196653342314
1.9949196653342314
1.9949196653342314
1.9949196653342314
1.9949196653342314
1.9949196653342314
1.9949196653342314
1.9949196653342314
1.9949196653342314
1.9949196653342314
1.346663058318116
1.951000253444549
1.984721391187668
1.984764969232401
1.999976707019759
1.9999792683730657
2.0053616575077533
2.0053616575077533
2.0053616575077533
2.0053616575077533
2.0053616575077533
2.0053616575077533
2.0053616575077533
2.0053617917878577
2.0053617917878577
2.0053617917878577
2.0053617917878577
2.0053617917878577
2.0053617917878577
2.0053617917878577
2.0053617917878577
2.0053617917878577
2.0053617917878577
2.0053617917878577
2.0053617917878577
1.346663058318116
1.8853627831814779
1.975477088690156
1.9847230334116586
1.9847230334116586
1.984743106496878
1.986237618341079
1.9918110478942515
1.9918110478942515
1.9918110478942515
1.9918110478942515
1.9918110478942515
1.9918110478942515
1.9918110478942515
1.9918110478942515
1.9918110478942515
1.9918110478942515
1.9918110478942515
1.9918110478942515
1.9918110478942515
1.9918110478942515
1.9918110478942515
1.9918110478942515
1.9918110478942515
1.9918110478942515
1.346663058318116
1.9037691979414115
1.9674195578145441
1.9806075048134422
1.9822755047073863
1.985015279949276
1.985015279949276
1.985015279949276
1.985015279949276
1.985015279949276
1.985015279949276
1.985015279949276
1.9850211448386654
1.9850211448386654
1.9850211448386654
1.9850211448386654
1.9850211448386654
1.9850211448386654
1.9850211448386654
1.9850211448386654
1.9850211448386654
1.9850211448386654
1.9850211448386654
1.9850211448386654
1.9850211448386654
