1.3624025197665934
1.8733473342421085
2.0049567249973945
2.019578909501642
2.029125637491529
2.029125637491529
2.029931029849946
2.029931029849946
2.029938979563115
2.0317746706132875
2.0317767272842744
2.0317767272842744
2.0317767272842744
2.0317767272842744
2.03179495901227
2.03179495901227
2.031837450558152
2.0325975031289145
2.0325975031289145
2.0325975031289145
2.0325975031289145
2.0325975031289145
2.0325975031289145
2.0325975031289145
2.0325975031289145
1.3624025197665934
1.8324560257201883
1.9727616573985756
1.9937164776185372
1.9937293706301857
1.9961699263102042
2.004421225601414
2.0058196198006493
2.005836799948398
2.005839855799291
2.005839855799291
2.005839855799291
2.005839855799291
2.005839855799291
2.005839855799291
2.0059034181584603
2.0059034181584603
2.0059034181584603
2.0059034181584603
2.0059034181584603
2.0059086625082196
2.0059086625082196
2.0059086625082196
2.0059086625082196
2.0059086625082196
1.3624025197665934
1.9218463786482451
1.9877965029763636
2.004630165720811
2.0109380751165564
2.012151104904425
2.0241030604798516
2.024117252669993
2.024117252669993
2.024117252669993
2.024117252669993
2.024117252669993
2.024117252669993
2.024117252669993
2.024117252669993
2.024117252669993
2.024117252669993
2.024117252669993
2.024117252669993
2.024117252669993
2.024117252669993
2.024117252669993
2.024117252669993
2.024117252669993
2.024117252669993
1.3624025197665934
1.9000847747166354
1.9920568386600666
1.9985654002227924
2.010891839038691
2.010891839038691
2.010891839038691
2.010891839038691
2.010891839038691
2.010891839038691
2.010891839038691
2.010891839038691
2.010891839038691
2.010891839038691
2.010891839038691
2.0108964382208283
2.010898442124754
2.010898442124754
2.010898442124754
2.010898442124754
2.010898442124754
2.010898442124754
2.010898442124754
2.010898442124754
2.010898442124754
1.3624025197665934
1.8786289381110666
1.9655093628976013
1.9765346332353884
1.9816068165179757
1.9836699779651854
1.9836699779651854
1.9836699779651854
1.9836699779651854
1.9836699779651854
1.9836699779651854
1.9836699779651854
1.9836699779651854
1.9836699779651854
1.9836699779651854
1.9836699779651854
1.9836699779651854
1.9836699779651854
1.9836699779651854
1.9836699779651854
1.9836699779651854
1.9836699779651854
1.9836699779651854
1.9836699779651854
1.9836699779651854
1.3624025197665934
1.9010818626610226
2.016814148684933
2.0187497102988665
2.019854547583385
2.019854547583385
2.019860385753119
2.019860385753119
2.019860385753119
2.0203394376907435
2.0203394376907435
2.0234898468548934
2.0234898468548934
2.023508274100048
2.023508274100048
2.023508274100048
2.023508274100048
2.023508274100048
2.023508274100048
2.023508274100048
2.023508274100048
2.023508274100048
2.023508274100048
2.023508274100048
2.023508274100048
1.3624025197665934
1.8828201562361888
2.0027909353720816
2.024785718621758
2.0374231329324735
2.037533540359332
2.037533540359332
2.037533540359332
2.037533540359332
2.037561105317558
2.037565826119147
2.037565826119147
2.0375775555923963
2.0375775555923963
2.0375775555923963
2.0375775555923963
2.0375775555923963
2.0375775555923963
2.0375775555923963
2.0375775555923963
2.0375775555923963
2.0375775555923963
2.0375775555923963
2.0375775555923963
2.0375775555923963
1.3624025197665934
1.9362817830270855
2.0049419991186124
2.01752869460989
2.0175406370046867
2.018674803273975
2.0190175361875107
2.0190270351956467
2.0190820695992295
2.0201274418082176
2.0201274418082176
2.0201274418082176
2.0201274418082176
2.0201274418082176
2.02515993975393
2.025177162913852
2.025177162913852
2.025177162913852
2.025177162913852
2.025209202509116
2.025209202509116
2.025209202509116
2.025209202509116
2.025209202509116
2.025209202509116
1.3624025197665934
1.9175439239807102
1.9879871318941569
2.0048646858932804
2.00987055297303
2.009878448180471
2.009878448180471
2.009878448180471
2.009899436393858
2.009904313218465
2.009917876686267
2.0103715678779333
2.012199445546288
2.0122063611771863
2.0122063611771863
2.0122063611771863
2.012240311409947
2.0122704681283508
2.0123087196817733
2.0166725798912326
2.0170843984262974
2.0217630548616565
2.0217630548616565
2.0217630548616565
2.0217630548616565
1.3624025197665934
1.9363017371801203
2.009343836487813
2.025548982400669
2.0258806193353545
2.028899687971336
2.028899687971336
2.0300165231459038
2.0307765757166663
2.0307765757166663
2.0307765757166663
2.0307765757166663
2.0320139405800948
2.0320167547435757
2.0325975031289145
2.0325975031289145
2.0325975031289145
2.0325975031289145
2.0325975031289145
2.0325975031289145
2.0325975031289145
2.0325975031289145
2.0325975031289145
2.0325975031289145
2.0325975031289145
1.3624025197665934
1.8872493339070342
1.995556344296498
2.0307793898801467
2.0325975031289145
2.0325975031289145
2.0325975031289145
2.0325975031289145
2.0325975031289145
2.0325975031289145
2.0325975031289145
2.0325975031289145
2.0325975031289145
2.0325975031289145
2.0325975031289145
2.0325975031289145
2.0325975031289145
2.0325975031289145
2.0325975031289145
2.0325975031289145
2.0325975031289145
2.0325975031289145
2.0325975031289145
2.0325975031289145
2.0325975031289145
1.3624025197665934
1.922165207918059
1.9987284995870258
2.016559163903466
2.0165978838926635
2.0166005379952456
2.0166005379952456
2.0166005379952456
2.0166005379952456
2.0166005379952456
2.0166005379952456
2.0166005379952456
2.0166005379952456
2.0166005379952456
2.0166005379952456
2.0166005379952456
2.0166005379952456
2.0166005379952456
2.0166005379952456
2.016602512447333
2.016602512447333
2.016602512447333
2.016602512447333
2.016602512447333
2.016602512447333
1.3624025197665934
1.9343534693314115
2.0176598898682068
2.018954849110241
2.024394604348049
2.0244203917114527
2.0244203917114527
2.0244203917114527
2.0357340370759265
2.03575473083484
2.03575473083484
2.03575473083484
2.03575473083484
2.03575473083484
2.03575473083484
2.03575473083484
2.03575473083484
2.03575473083484
2.03575473083484
2.03575473083484
2.03575473083484
2.03575473083484
2.03575473083484
2.03575473083484
2.03575473083484
1.3624025197665934
1.9501262342009356
2.0074117197018606
2.0207302312028803
2.0286703656606417
2.0303135961174843
2.0303145449020814
2.030321093693801
2.030321093693801
2.0303242023117547
2.0303242023117547
2.0303243670369673
2.0303243670369673
2.0303243670369673
2.0303243670369673
2.0303243670369673
2.0303243670369673
2.0303243670369673
2.0303243670369673
2.0303243670369673
2.0303243670369673
2.0303243670369673
2.0303243670369673
2.0303243670369673
2.0303243670369673
1.3624025197665934
1.8084036141301514
1.9683631538600006
2.0107735781756206
2.0253002340423394
2.025300362718906
2.025300362718906
2.025300362718906
2.025300362718906
2.025300362718906
2.025300362718906
2.025300362718906
2.025300362718906
2.025300362718906
2.0253163181782545
2.0253163181782545
2.0253163181782545
2.0253163181782545
2.0253163181782545
2.0253163181782545
2.0253163181782545
2.0253163181782545
2.0302975075196574
2.0302975075196574
2.0302975075196574
1.3624025197665934
1.901756067327696
1.9787024058756126
2.000567168718009
2.016353477590226
2.02148926601312
2.0215148933156257
2.0215148933156257
2.0215148933156257
2.021518058558976
2.0215180861785598
2.0215180861785598
2.0215180861785598
2.0215180861785598
2.0215299437359895
2.0215299437359895
2.0215299437359895
2.0215299437359895
2.0248025771427747
2.0248025771427747
2.0248025771427747
2.0248025771427747
2.0248025771427747
2.0248025771427747
2.0248025771427747
1.3624025197665934
1.926648831624822
2.0013059491052734
2.0013320186818744
2.0013320186818744
2.0013320186818744
2.0013320186818744
2.0013320186818744
2.0013320186818744
2.012732940768691
2.0177890302893933
2.0178312767234177
2.0178541484060504
2.0178541484060504
2.0178541484060504
2.0178541484060504
2.0178541484060504
2.0178541484060504
2.0178541484060504
2.0178541484060504
2.0178541484060504
2.0178541484060504
2.0178541484060504
2.0178541484060504
2.0178541484060504
1.3624025197665934
1.9331110459065786
2.0222279466459225
2.028899687971336
2.028899687971336
2.028899687971336
2.028899687971336
2.028899687971336
2.028899687971336
2.028899687971336
2.0300017143904197
2.0300017143904197
2.0307793898801467
2.0320167547435757
2.0325975031289145
2.0325975031289145
2.0325975031289145
2.0325975031289145
2.0325975031289145
2.0325975031289145
2.0325975031289145
2.0325975031289145
2.0325975031289145
2.0325975031289145
2.0325975031289145
1.3624025197665934
1.9465026636779137
1.9986732582405198
2.0066682927997195
2.0216418498156905
2.021654915935492
2.0315319272822028
2.0315319272822028
2.0315319272822028
2.0315319272822028
2.031541528400015
2.0315549543018805
2.0315549543018805
2.0315549543018805
2.0315549543018805
2.0315549543018805
2.031582186152802
2.031601284772516
2.031601284772516
2.031608604710652
2.031608604710652
2.031608604710652
2.031608604710652
2.031608604710652
2.031608604710652
1.3624025197665934
1.9233870740011156
2.011524874003965
2.0251213205365106
2.025155355952309
2.025155355952309
2.025155355952309
2.025155355952309
2.025155355952309
2.025155355952309
2.025155355952309
2.025155355952309
2.025170821806746
2.0251759035366796
2.0251759035366796
2.0251759035366796
2.0251759035366796
2.0252482162722356
2.0252537454626336
2.0252537454626336
2.0252537454626336
2.0252537454626336
2.0252537454626336
2.0252537454626336
2.0252537454626336
