1.346663058318116
1.8740116779193436
1.9608774609099646
1.964247859506388
1.9657024239828325
1.9722075491498907
1.9773982490055506
1.9773990790077738
1.977421844354124
1.9819729940745583
1.982031164340428
1.9822293906585087
1.9853956927825636
1.9854708914761487
1.9917363378637216
1.9920864070621567
1.992094504704713
1.992094504704713
1.993805158316028
1.993805158316028
1.993805158316028
1.9994030043787523
1.9994605378610362
1.9994605378610362
2.000662227395506
1.346663058318116
1.9198743288451317
1.9712464035145498
2.0000576112615227
2.004605288786132
2.004605288786132
2.004605288786132
2.004605288786132
2.004605288786132
2.004605288786132
2.004605288786132
2.004605288786132
2.004605288786132
2.004605288786132
2.004605288786132
2.004605288786132
2.004605288786132
2.004605288786132
2.004605288786132
2.004605288786132
2.004605288786132
2.004605288786132
2.004605288786132
2.004605288786132
2.004605288786132
1.346663058318116
1.8590285162755158
1.907921610067748
1.928755544331095
1.9475644037052409
1.9476418149055692
1.9568604863512415
1.964145630841171
1.9659252972972756
1.9659252972972756
1.9659252972972756
1.9659252972972756
1.9659252972972756
1.9659252972972756
1.9659252972972756
1.9659252972972756
1.9659252972972756
1.9659252972972756
1.9659252972972756
1.9659252972972756
1.9659252972972756
1.9659252972972756
1.9659252972972756
1.9659252972972756
1.9659252972972756
