1.3537059000498035
1.9016028873858943
1.9563354574518224
1.9563354574518224
1.9563354574518224
1.9580371180842944
1.958670990833318
1.958670990833318
1.958670990833318
1.9609534622997922
1.9609534622997922
1.9609534622997922
1.9609534622997922
1.9609534622997922
1.9609534622997922
1.9609534622997922
1.9609534622997922
1.9609534622997922
1.9609534622997922
1.9609534622997922
1.9609534622997922
1.9609534622997922
1.9609534622997922
1.9609534622997922
1.9609534622997922
1.3537059000498035
1.8795067227504123
1.9418843162347115
1.9424146337275086
1.9454643947869155
1.9547992607854456
1.9547992607854456
1.9596559506348854
1.9596622464868614
1.9613063984193404
1.9613157880010845
1.9613157880010845
1.9613157880010845
1.9613157880010845
1.9613157880010845
1.9673302416900453
1.9673302416900453
1.9673302416900453
1.9673302416900453
1.9673302416900453
1.9673302416900453
1.9673302416900453
1.9673302416900453
1.9673302416900453
1.9673302416900453
1.3537059000498035
1.9206088230779903
1.954363648465252
1.9543681295148312
1.9617686721369259
1.9617739631838715
1.9617739631838715
1.9658486269844937
1.9658486269844937
1.9658486269844937
1.9658486269844937
1.96585047244876
1.96585047244876
1.9658540109767948
1.9658540109767948
1.9658540109767948
1.9658540109767948
1.9658540109767948
1.9658540109767948
1.9658540109767948
1.9658540109767948
1.9658540109767948
1.9658540109767948
1.9658540109767948
1.965864449648892
1.3537059000498035
1.8700207615111883
1.9453969092322665
1.9503560781362825
1.9503560781362825
1.9503797087222794
1.9552030173434636
1.9569864362460179
1.9653448401857754
1.9674446198983429
1.9798249385500293
1.9798249385500293
1.9798249385500293
1.9798249385500293
1.9798249385500293
1.9798249385500293
1.9798249385500293
1.9798249385500293
1.9798249385500293
1.9798249385500293
1.9798249385500293
1.9798249385500293
1.9798249385500293
1.9798249385500293
1.9798249385500293
1.3537059000498035
1.9223113128853975
1.9615520607459798
1.9615520607459798
1.964348655875094
1.964348655875094
1.964348655875094
1.964348655875094
1.9684669507660266
1.9684669507660266
1.9684669507660266
1.9684669507660266
1.9684669507660266
1.9684669507660266
1.9684669507660266
1.9684669507660266
1.9684669507660266
1.9684669507660266
1.9684669507660266
1.9684669507660266
1.9684669507660266
1.9684669507660266
1.9684669507660266
1.9684669507660266
1.9684669507660266
1.3537059000498035
1.8639716352778921
1.9606265369394875
1.9631854797283597
1.9692203113760458
1.972276096348626
1.972276096348626
1.9763822281997776
1.9763822281997776
1.9763822281997776
1.9763822281997776
1.9763822281997776
1.9763822281997776
1.9804914888903866
1.9804914888903866
1.9804914888903866
1.9804914888903866
1.9804914888903866
1.9804914888903866
1.9804914888903866
1.9804914888903866
1.9804914888903866
1.9804914888903866
1.9804914888903866
1.9804914888903866
1.3537059000498035
1.8771368631881833
1.9481389530802804
1.9522301829942033
1.9586541313151038
1.9586591925250312
1.9586971530824822
1.9629199325320958
1.9662921372321565
1.9744695161216343
1.9763822281997776
1.9763822281997776
1.9763822281997776
1.9763822281997776
1.9763822281997776
1.9763926605245838
1.9763926605245838
1.9763926605245838
1.9763926605245838
1.9763926605245838
1.9763926605245838
1.9763926605245838
1.9763926605245838
1.9763926605245838
1.9763926605245838
1.3537059000498035
1.8815348898850615
1.9557399336839272
1.962912538961197
1.9670119263527026
1.9714741008500642
1.97788436885297
1.97788436885297
1.9779050227236428
1.9779050227236428
1.9779050227236428
1.9820116344509755
1.9820116344509755
1.9820116344509755
1.9820116344509755
1.9820116344509755
1.9820116344509755
1.9820116344509755
1.9820116344509755
1.9820116344509755
1.9820116344509755
1.9826635765716245
1.983742855411552
1.983742855411552
1.983742855411552
1.3537059000498035
1.8917257602864597
1.9481700972806142
1.9535670117849784
1.9561811080263398
1.958420349026414
1.9584284905881464
1.96757818068779
1.96757818068779
1.96757818068779
1.96757818068779
1.96757818068779
1.96757818068779
1.96757818068779
1.96757818068779
1.96757818068779
1.96757818068779
1.96757818068779
1.9675861494499498
1.9675861494499498
1.9675861494499498
1.9675861494499498
1.9675861494499498
1.9675861494499498
1.9675861494499498
1.3537059000498035
1.8819811724488358
1.9602146580692448
1.9703714483471353
1.9703714483471353
1.9703714483471353
1.9744695161216343
1.9744695161216343
1.9744695161216343
1.9763741641231254
1.9763822281997776
1.9763822281997776
1.9763822281997776
1.9763822281997776
1.9763822281997776
1.9763822281997776
1.9763822281997776
1.9763822281997776
1.9763822281997776
1.9763822281997776
1.9763822281997776
1.9763822281997776
1.9763822281997776
1.9763822281997776
1.9763822281997776
1.3537059000498035
1.8922618083289073
1.9573835312290433
1.9729158971813603
1.9729158971813603
1.9743516056797101
1.9743516056797101
1.9743516056797101
1.9743516056797101
1.9743516056797101
1.9743516056797101
1.9743516056797101
1.9743516056797101
1.9743516056797101
1.9743516056797101
1.9743516056797101
1.9743516056797101
1.9743516056797101
1.9743516056797101
1.9743516056797101
1.9743516056797101
1.9743516056797101
1.9743516056797101
1.9743516056797101
1.9743516056797101
1.3537059000498035
1.8693135817153563
1.9569744454376676
1.9579848471035108
1.9579848471035108
1.9579848471035108
1.9579848471035108
1.9579848471035108
1.9579848471035108
1.9615536488275023
1.9615536488275023
1.9615536488275023
1.9615536488275023
1.9615536488275023
1.9615536488275023
1.9615536488275023
1.9615536488275023
1.9615536488275023
1.9615536488275023
1.9615536488275023
1.9656536182479523
1.9656536182479523
1.9656536182479523
1.9656536182479523
1.9656536182479523
