1.3537059000498035
1.9016028873858943
1.9563354574518224
1.9563354574518224
1.9563354574518224
1.9580371180842944
1.958670990833318
1.958670990833318
1.958670990833318
1.9609534622997922
1.9609534622997922
1.9609534622997922
1.9609534622997922
1.9609534622997922
1.9609534622997922
1.9609534622997922
1.9609534622997922
1.9609534622997922
1.9609534622997922
1.9609534622997922
1.9609534622997922
1.9609534622997922
1.9609534622997922
1.9609534622997922
1.9609534622997922
1.3537059000498035
1.8795067227504123
1.9418843162347115
1.9424146337275086
1.9454643947869155
1.9547992607854456
1.9547992607854456
1.9596559506348854
1.9596622464868614
1.9613063984193404
1.9613157880010845
1.9613157880010845
1.9613157880010845
1.9613157880010845
1.9613157880010845
1.9673302416900453
1.9673302416900453
1.9673302416900453
1.9673302416900453
1.9673302416900453
1.9673302416900453
1.9673302416900453
1.9673302416900453
1.9673302416900453
1.9673302416900453
