1.3537059000498035
1.9016028873858943
1.9563354574518224
1.9563354574518224
1.9563354574518224
1.9580371180842944
1.958670990833318
1.958670990833318
1.958670990833318
1.9609534622997922
1.9609534622997922
1.9609534622997922
1.9609534622997922
1.9609534622997922
1.9609534622997922
1.9609534622997922
1.9609534622997922
1.9609534622997922
1.9609534622997922
1.9609534622997922
1.9609534622997922
1.9609534622997922
1.9609534622997922
1.9609534622997922
1.9609534622997922
1.3537059000498035
1.8795067227504123
1.9418843162347115
1.9424146337275086
1.9454643947869155
1.9547992607854456
1.9547992607854456
1.9596559506348854
1.9596622464868614
1.9613063984193404
1.9613157880010845
1.9613157880010845
1.9613157880010845
1.9613157880010845
1.9613157880010845
1.9673302416900453
1.9673302416900453
1.9673302416900453
1.9673302416900453
1.9673302416900453
1.9673302416900453
1.9673302416900453
1.9673302416900453
1.9673302416900453
1.9673302416900453
1.3537059000498035
1.9206088230779903
1.954363648465252
1.9543681295148312
1.9617686721369259
1.9617739631838715
1.9617739631838715
1.9658486269844937
1.9658486269844937
1.9658486269844937
1.9658486269844937
1.96585047244876
1.96585047244876
1.9658540109767948
1.9658540109767948
1.9658540109767948
1.9658540109767948
1.9658540109767948
1.9658540109767948
1.9658540109767948
1.9658540109767948
1.9658540109767948
1.9658540109767948
1.9658540109767948
1.965864449648892
1.3537059000498035
1.8700207615111883
1.9453969092322665
1.9503560781362825
1.9503560781362825
1.9503797087222794
1.9552030173434636
1.9569864362460179
1.9653448401857754
1.9674446198983429
1.9798249385500293
1.9798249385500293
1.9798249385500293
1.9798249385500293
1.9798249385500293
1.9798249385500293
1.9798249385500293
1.9798249385500293
1.9798249385500293
1.9798249385500293
1.9798249385500293
1.9798249385500293
1.9798249385500293
1.9798249385500293
1.9798249385500293
