1.4932646525081585
1.9645643558655692
2.0124271819176394
2.04530328697474
2.0678819137671143
2.0679350711778164
2.0679350711778164
2.0679350711778164
2.0679350711778164
2.0679350711778164
2.0679350711778164
2.0679350711778164
2.0679350711778164
2.0684357538011726
2.0684357538011726
2.0684357538011726
2.0684357538011726
2.0684357538011726
2.0684357538011726
2.0684357538011726
2.0684357538011726
2.0684357538011726
2.0684357538011726
2.0684357538011726
2.0684357538011726
1.4932646525081585
1.9579696613959428
2.0249458613810933
2.043628417153493
2.052401187574002
2.052401187574002
2.068276146518623
2.068276146518623
2.068276146518623
2.0682919378112574
2.0683007124124857
2.0849037863606408
2.0849037863606408
2.0849037863606408
2.0849037863606408
2.0849037863606408
2.0849037863606408
2.0849037863606408
2.0849037863606408
2.0849037863606408
2.0849037863606408
2.0849037863606408
2.0849037863606408
2.0849037863606408
2.0849037863606408
1.4932646525081585
1.9814033702671572
2.0149332373609012
2.047595721553257
2.0847957341566214
2.0847957341566214
2.0847957341566214
2.0847957341566214
2.0847957341566214
2.0847957341566214
2.0847957341566214
2.0847957341566214
2.0847957341566214
2.0847957341566214
2.087641203735657
2.087641203735657
2.087641203735657
2.087641203735657
2.087641203735657
2.087641203735657
2.087641203735657
2.087641203735657
2.087641203735657
2.087641203735657
2.087641203735657
1.4932646525081585
1.9901180744746485
2.053005525893376
2.0605140654660934
2.0674507402695843
2.0674507402695843
2.0674986443654664
2.0674986443654664
2.0674986443654664
2.0674986443654664
2.0674986443654664
2.0674986443654664
2.0674986443654664
2.074866026835699
2.07489404962878
2.07489404962878
2.07489404962878
2.07489404962878
2.07489404962878
2.07489404962878
2.07489404962878
2.07489404962878
2.0748954136673694
2.0748954136673694
2.0748954136673694
1.4932646525081585
1.9902723129645985
2.039368700814479
2.0849037863606408
2.0849037863606408
2.0849037863606408
2.0849037863606408
2.0849037863606408
2.0849037863606408
2.0849037863606408
2.0849037863606408
2.0849037863606408
2.0849037863606408
2.0849037863606408
2.0849037863606408
2.0849037863606408
2.0849037863606408
2.0849037863606408
2.0849037863606408
2.0849037863606408
2.0849037863606408
2.0849037863606408
2.0849037863606408
2.0849037863606408
2.0849037863606408
1.4932646525081585
1.9616596447428676
2.071898945545133
2.0847957341566214
2.087641203735657
2.087641203735657
2.087641203735657
2.087641203735657
2.087641203735657
2.087641203735657
2.087641203735657
2.087641203735657
2.087641203735657
2.087641203735657
2.087641203735657
2.087641203735657
2.087641203735657
2.087641203735657
2.087641203735657
2.087641203735657
2.087641203735657
2.087641203735657
2.087641203735657
2.087641203735657
2.087641203735657
1.4932646525081585
1.9672840749850886
2.021619793425392
2.0567357624345632
2.0707934627598936
2.0707934627598936
2.0717912129696145
2.0717912129696145
2.0717912129696145
2.0717912129696145
2.0717912129696145
2.0717912129696145
2.0717912129696145
2.0717912129696145
2.0717912129696145
2.0717912129696145
2.0717912129696145
2.0717912129696145
2.0717912129696145
2.0717912129696145
2.0717912129696145
2.0717912129696145
2.0717912129696145
2.0717912129696145
2.0717912129696145
1.4932646525081585
1.9635445382361745
2.0140593572087044
2.0526822448130537
2.055353789631452
2.0553711492028675
2.0553711492028675
2.0580479739068736
2.066948961249525
2.066948961249525
2.067885619048434
2.067885619048434
2.067885619048434
2.067885619048434
2.067885619048434
2.0679350711778164
2.0679350711778164
2.0679350711778164
2.0679350711778164
2.0679350711778164
2.0679350711778164
2.0679350711778164
2.0679350711778164
2.0679350711778164
2.0679350711778164
1.4932646525081585
1.9604984781763226
2.0054262305227804
2.023089082060873
2.023782697997597
2.029200109829544
2.0479226991240616
2.0606159530607977
2.06366692497332
2.0636763472946464
2.0636847021675044
2.0655442289446118
2.067996982208019
2.0754736229199198
2.0754736229199198
2.0754736229199198
2.075478841235216
2.0782203280371263
2.0782203280371263
2.0782203280371263
2.0782203280371263
2.0782203280371263
2.0782203280371263
2.0782203280371263
2.0782203280371263
1.4932646525081585
1.9983474017253597
2.053713534532978
2.061208543641171
2.068233964531979
2.068233964531979
2.0849037863606408
2.0849037863606408
2.0849037863606408
2.0849037863606408
2.0849037863606408
2.0849037863606408
2.0849037863606408
2.0849037863606408
2.0849037863606408
2.0849037863606408
2.0849037863606408
2.0849037863606408
2.0849037863606408
2.0849037863606408
2.0849037863606408
2.0849037863606408
2.0849037863606408
2.0849037863606408
2.0849037863606408
1.4932646525081585
1.9727397854711763
2.0506199956049125
2.0580129561726723
2.0580129561726723
2.0666634860368402
2.0666965760442286
2.0666965760442286
2.0674838302769727
2.0674838302769727
2.0674838302769727
2.0674838302769727
2.0674838302769727
2.0674838302769727
2.0674838302769727
2.0674838302769727
2.0674838302769727
2.0674838302769727
2.0674838302769727
2.0674853104170277
2.0674853104170277
2.0674853104170277
2.0674853104170277
2.0674853104170277
2.067486138625781
1.4932646525081585
1.963076351392392
2.0179071699847824
2.0386877531037486
2.0570858169188937
2.0756163602616655
2.0756210098532035
2.081729799023385
2.081729799023385
2.081729799023385
2.081729799023385
2.081729799023385
2.081729799023385
2.081729799023385
2.082996753424994
2.082996753424994
2.082996753424994
2.0849037863606408
2.0849037863606408
2.0849037863606408
2.0849037863606408
2.0849037863606408
2.0849037863606408
2.0849037863606408
2.0849037863606408
1.4932646525081585
1.9543034352964161
2.0112451656777877
2.058688525341518
2.060046877240443
2.0674507402695843
2.0674838302769727
2.0674838302769727
2.0674986443654664
2.0674986443654664
2.0674986443654664
2.0674986443654664
2.0674986443654664
2.0674986443654664
2.0674986443654664
2.0674986443654664
2.0674986443654664
2.0674986443654664
2.0674986443654664
2.0674986443654664
2.0675115606911363
2.0675115606911363
2.0675115606911363
2.074784099525104
2.074784099525104
1.4932646525081585
2.0128011733921576
2.0587339427055382
2.0666634860368402
2.0739613839739004
2.0739613839739004
2.0739613839739004
2.0747486382066445
2.0747486382066445
2.0747486382066445
2.0747486382066445
2.0747486382066445
2.0747486382066445
2.0747486382066445
2.0747486382066445
2.0747486382066445
2.0747671575764577
2.0747671575764577
2.0747671575764577
2.0747671575764577
2.0747671575764577
2.0747671575764577
2.0747671575764577
2.0747943850547075
2.0747943850547075
1.4932646525081585
1.9857231068514674
2.0569882520444818
2.064299340546451
2.0716415331542586
2.0717235765663187
2.07176470321051
2.0717807889876636
2.0717807889876636
2.0717807889876636
2.0717807889876636
2.0717807889876636
2.0717807889876636
2.0717807889876636
2.0717807889876636
2.0717807889876636
2.071791691449045
2.071791691449045
2.071791691449045
2.071791691449045
2.071791691449045
2.071791691449045
2.071791691449045
2.071791691449045
2.071791691449045
1.4932646525081585
2.006491834632771
2.0461968509933537
2.0580576928183207
2.067885619048434
2.067885619048434
2.067885619048434
2.067885619048434
2.067885619048434
2.067885619048434
2.067885619048434
2.067885619048434
2.067885619048434
2.067885619048434
2.067885619048434
2.0683863016717905
2.0684284663767833
2.0684284663767833
2.0684284663767833
2.0684284663767833
2.0684357538011726
2.0684357538011726
2.0684357538011726
2.0684357538011726
2.0684357538011726
1.4932646525081585
1.9641150880477671
2.0210472598328826
2.040488675515172
2.0666634860368402
2.0666634860368402
2.0666965760442286
2.0666965760442286
2.0674838302769727
2.0674838302769727
2.0674838302769727
2.0674838302769727
2.0674838302769727
2.0674838302769727
2.0674838302769727
2.0674838302769727
2.0674838302769727
2.0674838302769727
2.0674838302769727
2.0674838302769727
2.0674838302769727
2.0674838302769727
2.0674838302769727
2.0674838302769727
2.0674838302769727
