1.4932646525081585
1.9645643558655692
2.0124271819176394
2.04530328697474
2.0678819137671143
2.0679350711778164
2.0679350711778164
2.0679350711778164
2.0679350711778164
2.0679350711778164
2.0679350711778164
2.0679350711778164
2.0679350711778164
2.0684357538011726
2.0684357538011726
2.0684357538011726
2.0684357538011726
2.0684357538011726
2.0684357538011726
2.0684357538011726
2.0684357538011726
2.0684357538011726
2.0684357538011726
2.0684357538011726
2.0684357538011726
1.4932646525081585
1.9579696613959428
2.0249458613810933
2.043628417153493
2.052401187574002
2.052401187574002
2.068276146518623
2.068276146518623
2.068276146518623
2.0682919378112574
2.0683007124124857
2.0849037863606408
2.0849037863606408
2.0849037863606408
2.0849037863606408
2.0849037863606408
2.0849037863606408
2.0849037863606408
2.0849037863606408
2.0849037863606408
2.0849037863606408
2.0849037863606408
2.0849037863606408
2.0849037863606408
2.0849037863606408
1.4932646525081585
1.9814033702671572
2.0149332373609012
2.047595721553257
2.0847957341566214
2.0847957341566214
2.0847957341566214
2.0847957341566214
2.0847957341566214
2.0847957341566214
2.0847957341566214
2.0847957341566214
2.0847957341566214
2.0847957341566214
2.087641203735657
2.087641203735657
2.087641203735657
2.087641203735657
2.087641203735657
2.087641203735657
2.087641203735657
2.087641203735657
2.087641203735657
2.087641203735657
2.087641203735657
