1.3756637010453516
1.5597343231978051
1.7575364263406594
1.7915620413458508
1.8079734199026471
1.8249531119952824
1.8249531119952824
1.8292700290608306
1.8316384528461356
1.8513249794057314
1.8600046954528482
1.8600046954528482
1.8666808870656686
1.8666808870656686
1.8666808870656686
1.8666808870656686
1.8711344018336369
1.8711344018336369
1.8711344018336369
1.8711344018336369
1.8721253409557037
1.8721253409557037
1.8750061895247307
1.879400784645452
1.879400784645452
1.3756637010453516
1.7119718783201074
1.8388436141241316
1.843166602002853
1.8487211475452838
1.8487433476715243
1.8576692818335865
1.8760652199240806
1.8760652199240806
1.8830199702141566
1.8830199702141566
1.8984796850858345
1.8992428272548407
1.8992428272548407
1.9088827790178653
1.9088827790178653
1.9088827790178653
1.9088827790178653
1.9088827790178653
1.9088827790178653
1.9088827790178653
1.9088827790178653
1.9088827790178653
1.9088827790178653
1.9088827790178653
1.3756637010453516
1.690795899415568
1.8322412685559397
1.8473205431520392
1.8506956967732169
1.8550796434663515
1.8568009886185395
1.869386013264309
1.8694376417880827
1.869449425836123
1.8769819619212698
1.877726217317473
1.877726217317473
1.877726217317473
1.877726217317473
1.877726217317473
1.8777396347017223
1.8777396347017223
1.8777396347017223
1.8777396347017223
1.8777396347017223
1.8777396347017223
1.8777396347017223
1.8777396347017223
1.8777396347017223
1.3756637010453516
1.6689311058177687
1.8369383491405962
1.8369415903257298
1.836950449617822
1.836950449617822
1.8622924089931632
1.862307527406247
1.8669034588320437
1.8709904556166206
1.8709904556166206
1.8709904556166206
1.872542401451769
1.872542401451769
1.872542401451769
1.872542401451769
1.872542401451769
1.872542401451769
1.872542401451769
1.872542401451769
1.872542401451769
1.872542401451769
1.872542401451769
1.872542401451769
1.872542401451769
1.3756637010453516
1.629610076274565
1.7903158577001683
1.8124872272337416
1.83842498657665
1.8384432124619703
1.846423839490971
1.8507799583226863
1.8507799583226863
1.8507799583226863
1.8507799583226863
1.8592903657167843
1.862704673428689
1.862704673428689
1.862704673428689
1.862704673428689
1.8709885979776086
1.8709885979776086
1.8709885979776086
1.8709885979776086
1.8709885979776086
1.8709885979776086
1.8709885979776086
1.8709885979776086
1.8709885979776086
1.3756637010453516
1.7071848870103536
1.815383749532267
1.8636004139168703
1.869579277052067
1.870033267705973
1.870033267705973
1.8700378847152166
1.8709904556166206
1.8709904556166206
1.8709904556166206
1.8709904556166206
1.8709904556166206
1.8709904556166206
1.8709904556166206
1.8709904556166206
1.8709904556166206
1.8709904556166206
1.8709904556166206
1.8709904556166206
1.8709904556166206
1.8709904556166206
1.8709904556166206
1.8709904556166206
1.8709904556166206
1.3756637010453516
1.6182193133799474
1.7879571025677974
1.8202395453616533
1.8359199380675704
1.8470998171796034
1.871765456060898
1.8761450670486395
1.8877910562273332
1.8892961725283743
1.8925385598656297
1.8925385598656297
1.8925385598656297
1.8925385598656297
1.8925385598656297
1.8925385598656297
1.8925385598656297
1.8925385598656297
1.8925385598656297
1.8925385598656297
1.8925385598656297
1.8925385598656297
1.8925385598656297
1.8925385598656297
1.8925385598656297
1.3756637010453516
1.6564020782964417
1.7675480857926873
1.8110756045449354
1.8295000531225494
1.8295000531225494
1.8295000531225494
1.8295000531225494
1.8295000531225494
1.8295000531225494
1.8295000531225494
1.8295000531225494
1.8295000531225494
1.8295000531225494
1.8295000531225494
1.8295000531225494
1.8295000531225494
1.8295000531225494
1.8295000531225494
1.8295178682545306
1.8295178682545306
1.8295178682545306
1.8295178682545306
1.8295178682545306
1.8295178682545306
1.3756637010453516
1.718100359212217
1.8075174394283633
1.8298957646933025
1.863686070596685
1.8681374117516834
1.8681374117516834
1.8681374117516834
1.8681374117516834
1.8681374117516834
1.8681374117516834
1.8684549898022227
1.8684549898022227
1.8684549898022227
1.8684549898022227
1.8684549898022227
1.8684549898022227
1.8684549898022227
1.8684549898022227
1.8684549898022227
1.8684549898022227
1.8684549898022227
1.8684549898022227
1.8684549898022227
1.8684549898022227
1.3756637010453516
1.688485086561511
1.8191904222752513
1.839285125066448
1.857921943392427
1.8580237138518672
1.8667919743760766
1.8667929091619575
1.8667929091619575
1.8667929091619575
1.8680617378700248
1.8680617378700248
1.8680617378700248
1.8680617378700248
1.8700346189496933
1.8700346189496933
1.871208560926701
1.871208560926701
1.871208560926701
1.871208560926701
1.871208560926701
1.871208560926701
1.871208560926701
1.871208560926701
1.871208560926701
1.3756637010453516
1.6125809496065446
1.7873937574405998
1.808130493611016
1.8150776221116303
1.8242934250226297
1.8335108959160045
1.8335108959160045
1.8481149444824958
1.8487903721551742
1.8487903721551742
1.8487903721551742
1.8487978717346853
1.8488060817653151
1.8488060817653151
1.8488060817653151
1.8488060817653151
1.8488060817653151
1.8488060817653151
1.8488060817653151
1.8488060817653151
1.8488060817653151
1.8488060817653151
1.8488060817653151
1.8488060817653151
1.3756637010453516
1.6869282767569274
1.792154263908402
1.8337349818458675
1.8449422260169768
1.84618880390024
1.84618880390024
1.85051426638674
1.85051426638674
1.85051426638674
1.8548327451277682
1.8548327451277682
1.8548327451277682
1.8548327451277682
1.8548327451277682
1.8548394546725746
1.8548394546725746
1.8548394546725746
1.8548394546725746
1.8548394546725746
1.8548394546725746
1.8548506721679905
1.8548506721679905
1.8548506721679905
1.8548506721679905
1.3756637010453516
1.697716119272945
1.8109426832817086
1.813414138632511
1.8187735543951258
1.8294461603404992
1.8551961866624451
1.8616470889051673
1.8660035431272044
1.872211435626466
1.875525766085345
1.8798882335744302
1.879899451922528
1.8842935303565276
1.8843201755811974
1.8849965821082542
1.8849965821082542
1.8849965821082542
1.8849965821082542
1.8849965821082542
1.8849965821082542
1.8850043119973863
1.885017885180921
1.885017885180921
1.885017885180921
1.3756637010453516
1.7050295080631221
1.7961910917525234
1.8637227089143127
1.8637227089143127
1.9075520235174908
1.9075520235174908
1.9075520235174908
1.9075520235174908
1.9075520235174908
1.9075520235174908
1.9075520235174908
1.9075520235174908
1.9075520235174908
1.9075520235174908
1.9075520235174908
1.9075520235174908
1.9075520235174908
1.9075520235174908
1.9075520235174908
1.9075520235174908
1.9075520235174908
1.9075520235174908
1.9075520235174908
1.9075520235174908
1.3756637010453516
1.6882716315276296
1.8318541758459892
1.845687549448897
1.845703743988311
1.845703743988311
1.8457065758399942
1.8457718083600543
1.8471010345314
1.8547775838205347
1.8557270412160862
1.855734900830352
1.8559892040413837
1.8568875073220543
1.8568875073220543
1.8568875073220543
1.8568875073220543
1.8612134998159549
1.8612134998159549
1.861216297972021
1.8612383627326707
1.8612383627326707
1.8612383627326707
1.8612383627326707
1.8612383627326707
1.3756637010453516
1.6461731442754133
1.780997897243291
1.7954805062542232
1.8137593005520802
1.8219851046087816
1.8309879540768625
1.8309879540768625
1.831036992959365
1.831036992959365
1.8310445967668953
1.837214548842805
1.837214548842805
1.8415725030323857
1.8415760660016869
1.843337626071333
1.8433426985776415
1.8476955319478545
1.847709776764714
1.847762611716989
1.847762611716989
1.847762611716989
1.847762611716989
1.847762611716989
1.847762611716989
1.3756637010453516
1.7250886805552545
1.8499463747659677
1.8542725111583631
1.8542725111583631
1.8542725111583631
1.8586573938244622
1.8586573938244622
1.8586573938244622
1.8586573938244622
1.8586573938244622
1.8586573938244622
1.8586573938244622
1.8586573938244622
1.8586573938244622
1.8586573938244622
1.8586573938244622
1.8586573938244622
1.8586573938244622
1.8586573938244622
1.8586573938244622
1.8586573938244622
1.8586573938244622
1.8586573938244622
1.8586573938244622
1.3756637010453516
1.6537584022834442
1.8356687784842616
1.8551954568782514
1.85947826033608
1.8594845724482263
1.861304684208382
1.8613226084577543
1.8613496040987882
1.8613496040987882
1.8613496040987882
1.8613496040987882
1.8613496040987882
1.8613496040987882
1.8613496040987882
1.8613496040987882
1.8613496040987882
1.8613496040987882
1.8613496040987882
1.8613496040987882
1.8613496040987882
1.8613496040987882
1.8613496040987882
1.8613496040987882
1.8613496040987882
1.3756637010453516
1.5972387794703473
1.7622535374346202
1.7719156991438674
1.7723172579057462
1.7765833302647316
1.8034172960443637
1.8148354874955193
1.8268142509570295
1.8355004172942349
1.8398080796747964
1.8398080796747964
1.8398080796747964
1.8398080796747964
1.8398080796747964
1.8398080796747964
1.8398080796747964
1.8398080796747964
1.8398080796747964
1.8398080796747964
1.8398080796747964
1.8398080796747964
1.8441363046248205
1.8441363046248205
1.8441363046248205
