1.3756637010453516
1.5597343231978051
1.7575364263406594
1.7915620413458508
1.8079734199026471
1.8249531119952824
1.8249531119952824
1.8292700290608306
1.8316384528461356
1.8513249794057314
1.8600046954528482
1.8600046954528482
1.8666808870656686
1.8666808870656686
1.8666808870656686
1.8666808870656686
1.8711344018336369
1.8711344018336369
1.8711344018336369
1.8711344018336369
1.8721253409557037
1.8721253409557037
1.8750061895247307
1.879400784645452
1.879400784645452
1.3756637010453516
1.7119718783201074
1.8388436141241316
1.843166602002853
1.8487211475452838
1.8487433476715243
1.8576692818335865
1.8760652199240806
1.8760652199240806
1.8830199702141566
1.8830199702141566
1.8984796850858345
1.8992428272548407
1.8992428272548407
1.9088827790178653
1.9088827790178653
1.9088827790178653
1.9088827790178653
1.9088827790178653
1.9088827790178653
1.9088827790178653
1.9088827790178653
1.9088827790178653
1.9088827790178653
1.9088827790178653
1.3756637010453516
1.690795899415568
1.8322412685559397
1.8473205431520392
1.8506956967732169
1.8550796434663515
1.8568009886185395
1.869386013264309
1.8694376417880827
1.869449425836123
1.8769819619212698
1.877726217317473
1.877726217317473
1.877726217317473
1.877726217317473
1.877726217317473
1.8777396347017223
1.8777396347017223
1.8777396347017223
1.8777396347017223
1.8777396347017223
1.8777396347017223
1.8777396347017223
1.8777396347017223
1.8777396347017223
1.3756637010453516
1.6689311058177687
1.8369383491405962
1.8369415903257298
1.836950449617822
1.836950449617822
1.8622924089931632
1.862307527406247
1.8669034588320437
1.8709904556166206
1.8709904556166206
1.8709904556166206
1.872542401451769
1.872542401451769
1.872542401451769
1.872542401451769
1.872542401451769
1.872542401451769
1.872542401451769
1.872542401451769
1.872542401451769
1.872542401451769
1.872542401451769
1.872542401451769
1.872542401451769
