1.3756637010453516
1.5597343231978051
1.7575364263406594
1.7915620413458508
1.8079734199026471
1.8249531119952824
1.8249531119952824
1.8292700290608306
1.8316384528461356
1.8513249794057314
1.8600046954528482
1.8600046954528482
1.8666808870656686
1.8666808870656686
1.8666808870656686
1.8666808870656686
1.8711344018336369
1.8711344018336369
1.8711344018336369
1.8711344018336369
1.8721253409557037
1.8721253409557037
1.8750061895247307
1.879400784645452
1.879400784645452
1.3756637010453516
1.7119718783201074
1.8388436141241316
1.843166602002853
1.8487211475452838
1.8487433476715243
1.8576692818335865
1.8760652199240806
1.8760652199240806
1.8830199702141566
1.8830199702141566
1.8984796850858345
1.8992428272548407
1.8992428272548407
1.9088827790178653
1.9088827790178653
1.9088827790178653
1.9088827790178653
1.9088827790178653
1.9088827790178653
1.9088827790178653
1.9088827790178653
1.9088827790178653
1.9088827790178653
1.9088827790178653
1.3756637010453516
1.690795899415568
1.8322412685559397
1.8473205431520392
1.8506956967732169
1.8550796434663515
1.8568009886185395
1.869386013264309
1.8694376417880827
1.869449425836123
1.8769819619212698
1.877726217317473
1.877726217317473
1.877726217317473
1.877726217317473
1.877726217317473
1.8777396347017223
1.8777396347017223
1.8777396347017223
1.8777396347017223
1.8777396347017223
1.8777396347017223
1.8777396347017223
1.8777396347017223
1.8777396347017223
1.3756637010453516
1.6689311058177687
1.8369383491405962
1.8369415903257298
1.836950449617822
1.836950449617822
1.8622924089931632
1.862307527406247
1.8669034588320437
1.8709904556166206
1.8709904556166206
1.8709904556166206
1.872542401451769
1.872542401451769
1.872542401451769
1.872542401451769
1.872542401451769
1.872542401451769
1.872542401451769
1.872542401451769
1.872542401451769
1.872542401451769
1.872542401451769
1.872542401451769
1.872542401451769
1.3756637010453516
1.629610076274565
1.7903158577001683
1.8124872272337416
1.83842498657665
1.8384432124619703
1.846423839490971
1.8507799583226863
1.8507799583226863
1.8507799583226863
1.8507799583226863
1.8592903657167843
1.862704673428689
1.862704673428689
1.862704673428689
1.862704673428689
1.8709885979776086
1.8709885979776086
1.8709885979776086
1.8709885979776086
1.8709885979776086
1.8709885979776086
1.8709885979776086
1.8709885979776086
1.8709885979776086
1.3756637010453516
1.7071848870103536
1.815383749532267
1.8636004139168703
1.869579277052067
1.870033267705973
1.870033267705973
1.8700378847152166
1.8709904556166206
1.8709904556166206
1.8709904556166206
1.8709904556166206
1.8709904556166206
1.8709904556166206
1.8709904556166206
1.8709904556166206
1.8709904556166206
1.8709904556166206
1.8709904556166206
1.8709904556166206
1.8709904556166206
1.8709904556166206
1.8709904556166206
1.8709904556166206
1.8709904556166206
1.3756637010453516
1.6182193133799474
1.7879571025677974
1.8202395453616533
1.8359199380675704
1.8470998171796034
1.871765456060898
1.8761450670486395
1.8877910562273332
1.8892961725283743
1.8925385598656297
1.8925385598656297
1.8925385598656297
1.8925385598656297
1.8925385598656297
1.8925385598656297
1.8925385598656297
1.8925385598656297
1.8925385598656297
1.8925385598656297
1.8925385598656297
1.8925385598656297
1.8925385598656297
1.8925385598656297
1.8925385598656297
1.3756637010453516
1.6564020782964417
1.7675480857926873
1.8110756045449354
1.8295000531225494
1.8295000531225494
1.8295000531225494
1.8295000531225494
1.8295000531225494
1.8295000531225494
1.8295000531225494
1.8295000531225494
1.8295000531225494
1.8295000531225494
1.8295000531225494
1.8295000531225494
1.8295000531225494
1.8295000531225494
1.8295000531225494
1.8295178682545306
1.8295178682545306
1.8295178682545306
1.8295178682545306
1.8295178682545306
1.8295178682545306
1.3756637010453516
1.718100359212217
1.8075174394283633
1.8298957646933025
1.863686070596685
1.8681374117516834
1.8681374117516834
1.8681374117516834
1.8681374117516834
1.8681374117516834
1.8681374117516834
1.8684549898022227
1.8684549898022227
1.8684549898022227
1.8684549898022227
1.8684549898022227
1.8684549898022227
1.8684549898022227
1.8684549898022227
1.8684549898022227
1.8684549898022227
1.8684549898022227
1.8684549898022227
1.8684549898022227
1.8684549898022227
1.3756637010453516
1.688485086561511
1.8191904222752513
1.839285125066448
1.857921943392427
1.8580237138518672
1.8667919743760766
1.8667929091619575
1.8667929091619575
1.8667929091619575
1.8680617378700248
1.8680617378700248
1.8680617378700248
1.8680617378700248
1.8700346189496933
1.8700346189496933
1.871208560926701
1.871208560926701
1.871208560926701
1.871208560926701
1.871208560926701
1.871208560926701
1.871208560926701
1.871208560926701
1.871208560926701
