1.3411021985819762
1.7190150706692515
1.8142986928798919
1.8486210169793678
1.861783530449926
1.8618052054324752
1.8640285284219311
1.8640285284219311
1.8640285284219311
1.8640285284219311
1.8640285284219311
1.8640285284219311
1.8640285284219311
1.8640285284219311
1.8640285284219311
1.8640285284219311
1.8640285284219311
1.8640285284219311
1.8640285284219311
1.8640285284219311
1.8640285284219311
1.8640285284219311
1.8655166979845679
1.8655166979845679
1.8655166979845679
1.3411021985819762
1.6492911991068449
1.7637675597858697
1.8445590927152147
1.8580064667118592
1.8580064667118592
1.8580064667118592
1.8580064667118592
1.8628329492227218
1.8628329492227218
1.8628329492227218
1.8628329492227218
1.8628329492227218
1.8628329492227218
1.8628329492227218
1.8628329492227218
1.8676350377112614
1.8676350377112614
1.8676350377112614
1.8676350377112614
1.8724037200875014
1.8724037200875014
1.8724037200875014
1.8724636631130063
1.8724636631130063
