1.3411021985819762
1.7190150706692515
1.8142986928798919
1.8486210169793678
1.861783530449926
1.8618052054324752
1.8640285284219311
1.8640285284219311
1.8640285284219311
1.8640285284219311
1.8640285284219311
1.8640285284219311
1.8640285284219311
1.8640285284219311
1.8640285284219311
1.8640285284219311
1.8640285284219311
1.8640285284219311
1.8640285284219311
1.8640285284219311
1.8640285284219311
1.8640285284219311
1.8655166979845679
1.8655166979845679
1.8655166979845679
1.3411021985819762
1.6492911991068449
1.7637675597858697
1.8445590927152147
1.8580064667118592
1.8580064667118592
1.8580064667118592
1.8580064667118592
1.8628329492227218
1.8628329492227218
1.8628329492227218
1.8628329492227218
1.8628329492227218
1.8628329492227218
1.8628329492227218
1.8628329492227218
1.8676350377112614
1.8676350377112614
1.8676350377112614
1.8676350377112614
1.8724037200875014
1.8724037200875014
1.8724037200875014
1.8724636631130063
1.8724636631130063
1.3411021985819762
1.6513071712709977
1.7399553458862342
1.7575824344955566
1.7951395552334097
1.7999550403579445
1.7999550403579445
1.7999550403579445
1.7999550403579445
1.8046499892340722
1.8046499892340722
1.8046499892340722
1.8046499892340722
1.8046499892340722
1.8046499892340722
1.8046499892340722
1.8046499892340722
1.8046499892340722
1.8046499892340722
1.8046499892340722
1.8046499892340722
1.8046499892340722
1.8046499892340722
1.8046499892340722
1.8046499892340722
1.3411021985819762
1.7050627225022008
1.8055826906455876
1.854471619029917
1.862017835280069
1.8686691714425636
1.8686691714425636
1.8686691714425636
1.8686691714425636
1.8686691714425636
1.8707152363699429
1.8707152363699429
1.8707152363699429
1.8730283324517933
1.8730283324517933
1.8730283324517933
1.8730283324517933
1.8730489024758115
1.873066871829536
1.873066871829536
1.873066871829536
1.873066871829536
1.873066871829536
1.873066871829536
1.873066871829536
1.3411021985819762
1.6417898598594514
1.7737419883407501
1.8327515339642355
1.8486862987761048
1.854270661815441
1.860974926763921
1.860974926763921
1.8662916194369643
1.867344461092441
1.867344461092441
1.8673494235144377
1.8673494235144377
1.897349079962979
1.9021488774816673
1.9021488774816673
1.9021488774816673
1.9021488774816673
1.9021488774816673
1.9021488774816673
1.9021488774816673
1.9021488774816673
1.9021488774816673
1.9021488774816673
1.9021488774816673
1.3411021985819762
1.6832246578060055
1.781263488073391
1.8333645286081255
1.8488933061344162
1.863176923356084
1.8632836063832272
1.8632836063832272
1.8633029755823218
1.8633029755823218
1.8633029755823218
1.8633029755823218
1.8633029755823218
1.8633029755823218
1.8633029755823218
1.8633029755823218
1.8633029755823218
1.8633029755823218
1.8633029755823218
1.8633029755823218
1.8633029755823218
1.8633029755823218
1.8633029755823218
1.8633029755823218
1.8633029755823218
1.3411021985819762
1.6729822309106397
1.8283669742004733
1.8604400519508866
1.8668320308138842
1.8713743206585944
1.8713743206585944
1.8713743206585944
1.8713743206585944
1.8713743206585944
1.8713743206585944
1.8713743206585944
1.8714698510619572
1.8714698510619572
1.8714698510619572
1.880050230749544
1.880061333653984
1.8800643091207656
1.8800649062099999
1.8800649062099999
1.8800649062099999
1.8800649062099999
1.8800649062099999
1.8800649062099999
1.8853910063112815
1.3411021985819762
1.612019550481029
1.7018149061100785
1.7651680579892504
1.7980398248870426
1.7980398248870426
1.7980398248870426
1.7980503046640393
1.7980503046640393
1.7980503046640393
1.7980503046640393
1.7980503046640393
1.7980527001913535
1.7980527001913535
1.7980527001913535
1.7980527001913535
1.7980527001913535
1.7980527001913535
1.7980527001913535
1.8020803411486481
1.8020803411486481
1.8020803411486481
1.8020803411486481
1.8020803411486481
1.8021213948368322
1.3411021985819762
1.6381104692759985
1.7824883998979493
1.8407432059326623
1.8550774631377154
1.860372069984415
1.860398435530252
1.8772647833446403
1.8772647833446403
1.8772647833446403
1.8772647833446403
1.8772647833446403
1.8772647833446403
1.8772647833446403
1.8772647833446403
1.8772647833446403
1.8772647833446403
1.8772647833446403
1.8772647833446403
1.8772647833446403
1.8772647833446403
1.8772647833446403
1.8772647833446403
1.8772647833446403
1.8772647833446403
1.3411021985819762
1.696311076231711
1.8169165283883024
1.872263526741827
1.8743654086536095
1.8743654086536095
1.875639443922318
1.875639443922318
1.875639443922318
1.875639443922318
1.875639443922318
1.875639443922318
1.875639443922318
1.875639443922318
1.875639443922318
1.875639443922318
1.875639443922318
1.875639443922318
1.875639443922318
1.875639443922318
1.875639443922318
1.8762177138875136
1.8810977058668399
1.8810977058668399
1.8852234442121787
1.3411021985819762
1.6438562282276978
1.765359649658038
1.7994332671496747
1.8188077348454688
1.8329437295254045
1.834603743412806
1.8396434824592796
1.8396434824592796
1.8396434824592796
1.8396434824592796
1.8443539633583765
1.8443539633583765
1.8443539633583765
1.8443829958765896
1.8443829958765896
1.844388599607541
1.844388599607541
1.844388599607541
1.8444110121861634
1.8444505317109523
1.8444505317109523
1.8444558135792868
1.8444571232671503
1.8444571232671503
