1.3411021985819762
1.7190150706692515
1.8142986928798919
1.8486210169793678
1.861783530449926
1.8618052054324752
1.8640285284219311
1.8640285284219311
1.8640285284219311
1.8640285284219311
1.8640285284219311
1.8640285284219311
1.8640285284219311
1.8640285284219311
1.8640285284219311
1.8640285284219311
1.8640285284219311
1.8640285284219311
1.8640285284219311
1.8640285284219311
1.8640285284219311
1.8640285284219311
1.8655166979845679
1.8655166979845679
1.8655166979845679
1.3411021985819762
1.6492911991068449
1.7637675597858697
1.8445590927152147
1.8580064667118592
1.8580064667118592
1.8580064667118592
1.8580064667118592
1.8628329492227218
1.8628329492227218
1.8628329492227218
1.8628329492227218
1.8628329492227218
1.8628329492227218
1.8628329492227218
1.8628329492227218
1.8676350377112614
1.8676350377112614
1.8676350377112614
1.8676350377112614
1.8724037200875014
1.8724037200875014
1.8724037200875014
1.8724636631130063
1.8724636631130063
1.3411021985819762
1.6513071712709977
1.7399553458862342
1.7575824344955566
1.7951395552334097
1.7999550403579445
1.7999550403579445
1.7999550403579445
1.7999550403579445
1.8046499892340722
1.8046499892340722
1.8046499892340722
1.8046499892340722
1.8046499892340722
1.8046499892340722
1.8046499892340722
1.8046499892340722
1.8046499892340722
1.8046499892340722
1.8046499892340722
1.8046499892340722
1.8046499892340722
1.8046499892340722
1.8046499892340722
1.8046499892340722
1.3411021985819762
1.7050627225022008
1.8055826906455876
1.854471619029917
1.862017835280069
1.8686691714425636
1.8686691714425636
1.8686691714425636
1.8686691714425636
1.8686691714425636
1.8707152363699429
1.8707152363699429
1.8707152363699429
1.8730283324517933
1.8730283324517933
1.8730283324517933
1.8730283324517933
1.8730489024758115
1.873066871829536
1.873066871829536
1.873066871829536
1.873066871829536
1.873066871829536
1.873066871829536
1.873066871829536
1.3411021985819762
1.6417898598594514
1.7737419883407501
1.8327515339642355
1.8486862987761048
1.854270661815441
1.860974926763921
1.860974926763921
1.8662916194369643
1.867344461092441
1.867344461092441
1.8673494235144377
1.8673494235144377
1.897349079962979
1.9021488774816673
1.9021488774816673
1.9021488774816673
1.9021488774816673
1.9021488774816673
1.9021488774816673
1.9021488774816673
1.9021488774816673
1.9021488774816673
1.9021488774816673
1.9021488774816673
1.3411021985819762
1.6832246578060055
1.781263488073391
1.8333645286081255
1.8488933061344162
1.863176923356084
1.8632836063832272
1.8632836063832272
1.8633029755823218
1.8633029755823218
1.8633029755823218
1.8633029755823218
1.8633029755823218
1.8633029755823218
1.8633029755823218
1.8633029755823218
1.8633029755823218
1.8633029755823218
1.8633029755823218
1.8633029755823218
1.8633029755823218
1.8633029755823218
1.8633029755823218
1.8633029755823218
1.8633029755823218
1.3411021985819762
1.6729822309106397
1.8283669742004733
1.8604400519508866
1.8668320308138842
1.8713743206585944
1.8713743206585944
1.8713743206585944
1.8713743206585944
1.8713743206585944
1.8713743206585944
1.8713743206585944
1.8714698510619572
1.8714698510619572
1.8714698510619572
1.880050230749544
1.880061333653984
1.8800643091207656
1.8800649062099999
1.8800649062099999
1.8800649062099999
1.8800649062099999
1.8800649062099999
1.8800649062099999
1.8853910063112815
