0.8174603174603174	-0.17230866696407351
0.7777777777777778	-0.15907106532490645
0.8095238095238095	-0.1709949820685292
0.8015873015873016	-0.16366150509029845
0.7857142857142857	-0.16264302774510545
0.7936507936507936	-0.16302125906523127
0.7777777777777778	-0.15907106532490645
0.7857142857142857	-0.16264302774510545
0.7857142857142857	-0.16264302774510545
0.7777777777777778	-0.15907106532490645
0.7857142857142857	-0.16264302774510545
0.7857142857142857	-0.16264302774510545
0.7857142857142857	-0.16264302774510545
0.7857142857142857	-0.16264302774510545
0.7857142857142857	-0.16264302774510545
0.7777777777777778	-0.15907106532490645
0.7777777777777778	-0.15907106532490645
0.7777777777777778	-0.15907106532490645
0.7777777777777778	-0.15907106532490645
0.7777777777777778	-0.15907106532490645
0.7777777777777778	-0.15907106532490645
0.7777777777777778	-0.15907106532490645
0.7857142857142857	-0.16264302774510545
0.7857142857142857	-0.16264302774510545
0.7857142857142857	-0.16264302774510545
0.7857142857142857	-0.16264302774510545
0.7857142857142857	-0.16264302774510545
0.7857142857142857	-0.16264302774510545
0.7857142857142857	-0.16264302774510545
0.7777777777777778	-0.15907106532490645
0.7777777777777778	-0.15907106532490645
0.7777777777777778	-0.15907106532490645
0.7857142857142857	-0.16264302774510545
0.7777777777777778	-0.15907106532490645
0.7777777777777778	-0.15907106532490645
0.7777777777777778	-0.15907106532490645
0.7777777777777778	-0.15907106532490645
0.7777777777777778	-0.15907106532490645
0.7857142857142857	-0.16264302774510545
0.7857142857142857	-0.16264302774510545
0.7777777777777778	-0.15907106532490645
0.7777777777777778	-0.15907106532490645
0.7857142857142857	-0.16264302774510545
0.7857142857142857	-0.16264302774510545
0.7777777777777778	-0.15907106532490645
0.7777777777777778	-0.15907106532490645
0.7777777777777778	-0.15907106532490645
0.7777777777777778	-0.15907106532490645
0.7857142857142857	-0.16264302774510545
0.7857142857142857	-0.16264302774510545
0.7857142857142857	-0.16264302774510545
0.7777777777777778	-0.15907106532490645
0.7857142857142857	-0.16264302774510545
0.7857142857142857	-0.16264302774510545
0.7857142857142857	-0.16264302774510545
0.7777777777777778	-0.15907106532490645
0.7777777777777778	-0.15907106532490645
0.7777777777777778	-0.15907106532490645
0.7777777777777778	-0.15907106532490645
0.7777777777777778	-0.15907106532490645
0.7857142857142857	-0.16264302774510545
0.7857142857142857	-0.16264302774510545
0.7857142857142857	-0.16264302774510545
0.8095238095238095	-0.1709949820685292
0.7857142857142857	-0.16264302774510545
0.7777777777777778	-0.15907106532490645
0.7857142857142857	-0.16264302774510545
0.7777777777777778	-0.15907106532490645
0.7857142857142857	-0.16264302774510545
0.7857142857142857	-0.16264302774510545
0.7857142857142857	-0.16264302774510545
0.7857142857142857	-0.16264302774510545
0.7777777777777778	-0.15907106532490645
0.7857142857142857	-0.16264302774510545
0.7857142857142857	-0.16264302774510545
0.7777777777777778	-0.15907106532490645
0.7857142857142857	-0.16264302774510545
0.8095238095238095	-0.1709949820685292
0.7857142857142857	-0.16264302774510545
0.7777777777777778	-0.15907106532490645
0.7857142857142857	-0.16264302774510545
0.7857142857142857	-0.16264302774510545
0.7857142857142857	-0.16264302774510545
0.7857142857142857	-0.16264302774510545
0.7777777777777778	-0.15907106532490645
0.7777777777777778	-0.15907106532490645
0.7857142857142857	-0.16264302774510545
0.7857142857142857	-0.16264302774510545
0.7777777777777778	-0.15907106532490645
0.7857142857142857	-0.16264302774510545
0.7857142857142857	-0.16264302774510545
0.7777777777777778	-0.15907106532490645
0.7857142857142857	-0.16264302774510545
0.7777777777777778	-0.15907106532490645
0.7777777777777778	-0.15907106532490645
0.7857142857142857	-0.16264302774510545
0.7777777777777778	-0.15907106532490645
0.7777777777777778	-0.15907106532490645
0.7857142857142857	-0.16264302774510545
0.7857142857142857	-0.16264302774510545
0.7777777777777778	-0.15907106532490645
0.7857142857142857	-0.16264302774510545
0.8095238095238095	-0.1709949820685292
0.7857142857142857	-0.16264302774510545
0.7857142857142857	-0.16264302774510545
0.7777777777777778	-0.15907106532490645
0.7857142857142857	-0.16264302774510545
0.7857142857142857	-0.16264302774510545
0.7857142857142857	-0.16264302774510545
0.7777777777777778	-0.15907106532490645
0.7777777777777778	-0.15907106532490645
0.7857142857142857	-0.16264302774510545
0.7857142857142857	-0.16264302774510545
0.7857142857142857	-0.16264302774510545
0.7777777777777778	-0.15907106532490645
0.7777777777777778	-0.15907106532490645
0.7857142857142857	-0.16264302774510545
0.7777777777777778	-0.15907106532490645
0.7777777777777778	-0.15907106532490645
0.7857142857142857	-0.16264302774510545
0.7777777777777778	-0.15907106532490645
0.7777777777777778	-0.15907106532490645
0.8095238095238095	-0.1709949820685292
0.7857142857142857	-0.16264302774510545
0.7857142857142857	-0.16264302774510545
0.7777777777777778	-0.15907106532490645
0.7857142857142857	-0.16264302774510545
0.7857142857142857	-0.16264302774510545
0.7857142857142857	-0.16264302774510545
0.7857142857142857	-0.16264302774510545
0.7857142857142857	-0.16264302774510545
0.7777777777777778	-0.15907106532490645
0.7857142857142857	-0.16264302774510545
0.7777777777777778	-0.15907106532490645
0.7777777777777778	-0.15907106532490645
0.7857142857142857	-0.16264302774510545
0.7777777777777778	-0.15907106532490645
0.7777777777777778	-0.15907106532490645
0.7777777777777778	-0.15907106532490645
0.7777777777777778	-0.15907106532490645
0.7777777777777778	-0.15907106532490645
0.7777777777777778	-0.15907106532490645
0.7777777777777778	-0.15907106532490645
0.7857142857142857	-0.16264302774510545
0.7857142857142857	-0.16264302774510545
0.7857142857142857	-0.16264302774510545
0.7857142857142857	-0.16264302774510545
0.7857142857142857	-0.16264302774510545
0.7777777777777778	-0.15907106532490645
0.7857142857142857	-0.16264302774510545
0.7857142857142857	-0.16264302774510545
0.7857142857142857	-0.16264302774510545
0.7857142857142857	-0.16264302774510545
0.7857142857142857	-0.16264302774510545
0.7857142857142857	-0.16264302774510545
0.7857142857142857	-0.16264302774510545
0.7857142857142857	-0.16264302774510545
0.7857142857142857	-0.16264302774510545
0.7857142857142857	-0.16264302774510545
0.7857142857142857	-0.16264302774510545
0.7777777777777778	-0.15907106532490645
0.7857142857142857	-0.16264302774510545
0.7857142857142857	-0.16264302774510545
0.7857142857142857	-0.16264302774510545
0.7777777777777778	-0.15907106532490645
0.7857142857142857	-0.16264302774510545
0.7777777777777778	-0.15907106532490645
0.7857142857142857	-0.16264302774510545
0.7857142857142857	-0.16264302774510545
0.7777777777777778	-0.15907106532490645
0.7777777777777778	-0.15907106532490645
0.7777777777777778	-0.15907106532490645
0.7777777777777778	-0.15907106532490645
0.7777777777777778	-0.15907106532490645
0.7857142857142857	-0.16264302774510545
0.7857142857142857	-0.16264302774510545
0.7857142857142857	-0.16264302774510545
0.7777777777777778	-0.15907106532490645
0.7777777777777778	-0.15907106532490645
0.7857142857142857	-0.16264302774510545
0.7857142857142857	-0.16264302774510545
0.7857142857142857	-0.16264302774510545
0.7857142857142857	-0.16264302774510545
0.7777777777777778	-0.15907106532490645
0.7777777777777778	-0.15907106532490645
0.7777777777777778	-0.15907106532490645
0.7857142857142857	-0.16264302774510545
0.7777777777777778	-0.15907106532490645
0.7777777777777778	-0.15907106532490645
0.7777777777777778	-0.15907106532490645
0.7777777777777778	-0.15907106532490645
0.7777777777777778	-0.15907106532490645
0.7857142857142857	-0.16264302774510545
0.7857142857142857	-0.16264302774510545
0.7777777777777778	-0.15907106532490645
0.7857142857142857	-0.16264302774510545
0.7857142857142857	-0.16264302774510545
0.7777777777777778	-0.15907106532490645
0.7857142857142857	-0.16264302774510545
0.7777777777777778	-0.15907106532490645
