0.8095238095238095	-0.16208068865750105
0.7777777777777778	-0.15831058046327462
0.7936507936507936	-0.1600895426700995
0.7857142857142857	-0.15839360423304924
0.7857142857142857	-0.15839360423304924
0.7857142857142857	-0.15839360423304924
0.7936507936507936	-0.1600895426700995
0.7857142857142857	-0.15839360423304924
0.7857142857142857	-0.15839360423304924
0.7857142857142857	-0.15839360423304924
0.7936507936507936	-0.1600895426700995
0.7857142857142857	-0.15839360423304924
0.7857142857142857	-0.15839360423304924
0.7936507936507936	-0.1600895426700995
0.7936507936507936	-0.1600895426700995
0.7857142857142857	-0.15839360423304924
0.7936507936507936	-0.1600895426700995
0.7936507936507936	-0.1600895426700995
0.7857142857142857	-0.15839360423304924
0.7936507936507936	-0.1600895426700995
0.7936507936507936	-0.1600895426700995
0.7857142857142857	-0.15839360423304924
0.7857142857142857	-0.15839360423304924
0.7936507936507936	-0.1600895426700995
0.7936507936507936	-0.1600895426700995
0.7857142857142857	-0.15839360423304924
0.7857142857142857	-0.15839360423304924
0.7857142857142857	-0.15839360423304924
0.7857142857142857	-0.15839360423304924
0.7936507936507936	-0.1600895426700995
0.7857142857142857	-0.15839360423304924
0.7857142857142857	-0.15839360423304924
0.7857142857142857	-0.15839360423304924
0.7936507936507936	-0.1600895426700995
0.7936507936507936	-0.1600895426700995
0.7857142857142857	-0.15839360423304924
0.7857142857142857	-0.15839360423304924
0.7857142857142857	-0.15839360423304924
0.7857142857142857	-0.15839360423304924
0.7857142857142857	-0.15839360423304924
0.7857142857142857	-0.15839360423304924
0.7857142857142857	-0.15839360423304924
0.7857142857142857	-0.15839360423304924
0.7857142857142857	-0.15839360423304924
0.7777777777777778	-0.15831058046327462
0.7936507936507936	-0.1600895426700995
0.7857142857142857	-0.15839360423304924
0.7857142857142857	-0.15839360423304924
0.7777777777777778	-0.15831058046327462
0.7936507936507936	-0.1600895426700995
0.7936507936507936	-0.1600895426700995
0.7936507936507936	-0.1600895426700995
0.7857142857142857	-0.15839360423304924
0.7936507936507936	-0.1600895426700995
0.7857142857142857	-0.15839360423304924
0.7936507936507936	-0.1600895426700995
0.7857142857142857	-0.15839360423304924
0.7857142857142857	-0.15839360423304924
0.7857142857142857	-0.15839360423304924
0.7857142857142857	-0.15839360423304924
0.7857142857142857	-0.15839360423304924
0.7777777777777778	-0.15831058046327462
0.7857142857142857	-0.15839360423304924
0.7857142857142857	-0.15839360423304924
0.7777777777777778	-0.15831058046327462
0.7857142857142857	-0.15839360423304924
0.7857142857142857	-0.15839360423304924
0.7857142857142857	-0.15839360423304924
0.7857142857142857	-0.15839360423304924
0.7857142857142857	-0.15839360423304924
0.7857142857142857	-0.15839360423304924
0.7857142857142857	-0.15839360423304924
0.7857142857142857	-0.15839360423304924
0.7936507936507936	-0.1600895426700995
0.7857142857142857	-0.15839360423304924
0.7936507936507936	-0.1600895426700995
0.7857142857142857	-0.15839360423304924
0.7857142857142857	-0.15839360423304924
0.7936507936507936	-0.1600895426700995
0.7857142857142857	-0.15839360423304924
0.7857142857142857	-0.15839360423304924
0.7857142857142857	-0.15839360423304924
0.7857142857142857	-0.15839360423304924
0.7857142857142857	-0.15839360423304924
0.7857142857142857	-0.15839360423304924
0.7857142857142857	-0.15839360423304924
0.7936507936507936	-0.1600895426700995
0.7857142857142857	-0.15839360423304924
0.7857142857142857	-0.15839360423304924
0.7857142857142857	-0.15839360423304924
0.7777777777777778	-0.15831058046327462
0.7857142857142857	-0.15839360423304924
0.7857142857142857	-0.15839360423304924
0.7936507936507936	-0.1600895426700995
0.7857142857142857	-0.15839360423304924
0.7857142857142857	-0.15839360423304924
0.7936507936507936	-0.1600895426700995
0.7936507936507936	-0.1600895426700995
0.7936507936507936	-0.1600895426700995
0.7936507936507936	-0.1600895426700995
0.7857142857142857	-0.15839360423304924
0.7936507936507936	-0.1600895426700995
0.7857142857142857	-0.15839360423304924
0.7936507936507936	-0.1600895426700995
0.7936507936507936	-0.1600895426700995
0.7936507936507936	-0.1600895426700995
0.7857142857142857	-0.15839360423304924
0.7857142857142857	-0.15839360423304924
0.7857142857142857	-0.15839360423304924
0.7857142857142857	-0.15839360423304924
0.7857142857142857	-0.15839360423304924
0.7936507936507936	-0.1600895426700995
0.7857142857142857	-0.15839360423304924
0.7936507936507936	-0.1600895426700995
0.7777777777777778	-0.15831058046327462
0.7857142857142857	-0.15839360423304924
0.7857142857142857	-0.15839360423304924
0.7857142857142857	-0.15839360423304924
0.7936507936507936	-0.1600895426700995
0.7857142857142857	-0.15839360423304924
0.7777777777777778	-0.15831058046327462
0.7936507936507936	-0.1600895426700995
0.7857142857142857	-0.15839360423304924
0.7857142857142857	-0.15839360423304924
0.7857142857142857	-0.15839360423304924
0.7857142857142857	-0.15839360423304924
0.7857142857142857	-0.15839360423304924
0.7936507936507936	-0.1600895426700995
0.7777777777777778	-0.15831058046327462
0.7936507936507936	-0.1600895426700995
0.7857142857142857	-0.15839360423304924
0.7857142857142857	-0.15839360423304924
0.7936507936507936	-0.1600895426700995
0.7857142857142857	-0.15839360423304924
0.7857142857142857	-0.15839360423304924
0.7857142857142857	-0.15839360423304924
0.7857142857142857	-0.15839360423304924
0.7857142857142857	-0.15839360423304924
0.7857142857142857	-0.15839360423304924
0.7857142857142857	-0.15839360423304924
0.7936507936507936	-0.1600895426700995
0.7936507936507936	-0.1600895426700995
0.7857142857142857	-0.15839360423304924
0.7857142857142857	-0.15839360423304924
0.7857142857142857	-0.15839360423304924
0.7857142857142857	-0.15839360423304924
0.7936507936507936	-0.1600895426700995
0.7936507936507936	-0.1600895426700995
0.7857142857142857	-0.15839360423304924
0.7857142857142857	-0.15839360423304924
0.7857142857142857	-0.15839360423304924
0.7857142857142857	-0.15839360423304924
0.7857142857142857	-0.15839360423304924
0.7936507936507936	-0.1600895426700995
0.7857142857142857	-0.15839360423304924
0.7857142857142857	-0.15839360423304924
0.7857142857142857	-0.15839360423304924
0.7857142857142857	-0.15839360423304924
0.7936507936507936	-0.1600895426700995
0.7857142857142857	-0.15839360423304924
0.7857142857142857	-0.15839360423304924
0.7857142857142857	-0.15839360423304924
0.7777777777777778	-0.15831058046327462
0.7857142857142857	-0.15839360423304924
0.7936507936507936	-0.1600895426700995
0.7857142857142857	-0.15839360423304924
0.7857142857142857	-0.15839360423304924
0.7857142857142857	-0.15839360423304924
0.7936507936507936	-0.1600895426700995
0.7857142857142857	-0.15839360423304924
0.7936507936507936	-0.1600895426700995
0.7857142857142857	-0.15839360423304924
0.7936507936507936	-0.1600895426700995
0.7857142857142857	-0.15839360423304924
0.7936507936507936	-0.1600895426700995
0.7936507936507936	-0.1600895426700995
0.7936507936507936	-0.1600895426700995
0.7857142857142857	-0.15839360423304924
0.7857142857142857	-0.15839360423304924
0.7857142857142857	-0.15839360423304924
0.7857142857142857	-0.15839360423304924
0.7857142857142857	-0.15839360423304924
0.7857142857142857	-0.15839360423304924
0.7936507936507936	-0.1600895426700995
0.7857142857142857	-0.15839360423304924
0.7857142857142857	-0.15839360423304924
0.7857142857142857	-0.15839360423304924
0.7936507936507936	-0.1600895426700995
0.7857142857142857	-0.15839360423304924
0.7857142857142857	-0.15839360423304924
0.7936507936507936	-0.1600895426700995
0.7857142857142857	-0.15839360423304924
0.7857142857142857	-0.15839360423304924
0.7936507936507936	-0.1600895426700995
0.7857142857142857	-0.15839360423304924
0.7936507936507936	-0.1600895426700995
0.7857142857142857	-0.15839360423304924
0.7857142857142857	-0.15839360423304924
0.7857142857142857	-0.15839360423304924
0.7857142857142857	-0.15839360423304924
