0.7897727272727273	-0.17468097548819425
0.8068181818181818	-0.18454755371563294
0.8011363636363636	-0.17809110848270066
0.7954545454545454	-0.17572046400503977
0.7897727272727273	-0.17468097548819425
0.7897727272727273	-0.17468097548819425
0.7897727272727273	-0.17468097548819425
0.7897727272727273	-0.17468097548819425
0.7897727272727273	-0.17468097548819425
0.7897727272727273	-0.17468097548819425
0.7897727272727273	-0.17468097548819425
0.7897727272727273	-0.17468097548819425
0.7897727272727273	-0.17468097548819425
0.8011363636363636	-0.17809110848270066
0.7897727272727273	-0.17468097548819425
0.7897727272727273	-0.17468097548819425
0.7897727272727273	-0.17468097548819425
0.7897727272727273	-0.17468097548819425
0.7897727272727273	-0.17468097548819425
0.7897727272727273	-0.17468097548819425
0.7897727272727273	-0.17468097548819425
0.7897727272727273	-0.17468097548819425
0.7897727272727273	-0.17468097548819425
0.7897727272727273	-0.17468097548819425
0.7897727272727273	-0.17468097548819425
0.7897727272727273	-0.17468097548819425
0.7897727272727273	-0.17468097548819425
0.7897727272727273	-0.17468097548819425
0.7897727272727273	-0.17468097548819425
0.7897727272727273	-0.17468097548819425
0.7897727272727273	-0.17468097548819425
0.7897727272727273	-0.17468097548819425
0.7897727272727273	-0.17468097548819425
0.7897727272727273	-0.17468097548819425
0.7897727272727273	-0.17468097548819425
0.7897727272727273	-0.17468097548819425
0.7897727272727273	-0.17468097548819425
0.7897727272727273	-0.17468097548819425
0.7897727272727273	-0.17468097548819425
0.7897727272727273	-0.17468097548819425
0.7897727272727273	-0.17468097548819425
0.7897727272727273	-0.17468097548819425
0.7897727272727273	-0.17468097548819425
0.7897727272727273	-0.17468097548819425
0.7897727272727273	-0.17468097548819425
0.7897727272727273	-0.17468097548819425
0.7897727272727273	-0.17468097548819425
0.7897727272727273	-0.17468097548819425
0.7897727272727273	-0.17468097548819425
0.7897727272727273	-0.17468097548819425
0.7897727272727273	-0.17468097548819425
0.7897727272727273	-0.17468097548819425
0.7897727272727273	-0.17468097548819425
0.7897727272727273	-0.17468097548819425
0.7897727272727273	-0.17468097548819425
0.7897727272727273	-0.17468097548819425
0.7897727272727273	-0.17468097548819425
0.7897727272727273	-0.17468097548819425
0.7897727272727273	-0.17468097548819425
0.7897727272727273	-0.17468097548819425
0.7897727272727273	-0.17468097548819425
0.7897727272727273	-0.17468097548819425
0.7897727272727273	-0.17468097548819425
0.7897727272727273	-0.17468097548819425
0.7897727272727273	-0.17468097548819425
0.7897727272727273	-0.17468097548819425
0.7897727272727273	-0.17468097548819425
0.7897727272727273	-0.17468097548819425
0.7897727272727273	-0.17468097548819425
0.7897727272727273	-0.17468097548819425
0.7897727272727273	-0.17468097548819425
0.7897727272727273	-0.17468097548819425
0.7897727272727273	-0.17468097548819425
0.7897727272727273	-0.17468097548819425
0.7897727272727273	-0.17468097548819425
0.7897727272727273	-0.17468097548819425
0.7897727272727273	-0.17468097548819425
0.7897727272727273	-0.17468097548819425
0.7897727272727273	-0.17468097548819425
0.7897727272727273	-0.17468097548819425
0.7897727272727273	-0.17468097548819425
0.7897727272727273	-0.17468097548819425
0.7897727272727273	-0.17468097548819425
0.7897727272727273	-0.17468097548819425
0.7897727272727273	-0.17468097548819425
0.7897727272727273	-0.17468097548819425
0.7897727272727273	-0.17468097548819425
0.7897727272727273	-0.17468097548819425
0.7897727272727273	-0.17468097548819425
0.7897727272727273	-0.17468097548819425
0.7897727272727273	-0.17468097548819425
0.7897727272727273	-0.17468097548819425
0.7897727272727273	-0.17468097548819425
0.7897727272727273	-0.17468097548819425
0.7897727272727273	-0.17468097548819425
0.7897727272727273	-0.17468097548819425
0.7897727272727273	-0.17468097548819425
0.7897727272727273	-0.17468097548819425
0.7897727272727273	-0.17468097548819425
0.7897727272727273	-0.17468097548819425
0.7897727272727273	-0.17468097548819425
0.7897727272727273	-0.17468097548819425
0.7897727272727273	-0.17468097548819425
0.7897727272727273	-0.17468097548819425
0.7897727272727273	-0.17468097548819425
0.7897727272727273	-0.17468097548819425
0.7897727272727273	-0.17468097548819425
0.7897727272727273	-0.17468097548819425
0.7897727272727273	-0.17468097548819425
0.7897727272727273	-0.17468097548819425
0.7897727272727273	-0.17468097548819425
0.7897727272727273	-0.17468097548819425
0.7897727272727273	-0.17468097548819425
0.7897727272727273	-0.17468097548819425
0.7897727272727273	-0.17468097548819425
0.7897727272727273	-0.17468097548819425
0.7897727272727273	-0.17468097548819425
0.7897727272727273	-0.17468097548819425
0.7897727272727273	-0.17468097548819425
0.7897727272727273	-0.17468097548819425
0.7897727272727273	-0.17468097548819425
0.7897727272727273	-0.17468097548819425
0.7897727272727273	-0.17468097548819425
0.7897727272727273	-0.17468097548819425
0.7897727272727273	-0.17468097548819425
0.7897727272727273	-0.17468097548819425
0.7897727272727273	-0.17468097548819425
0.7897727272727273	-0.17468097548819425
0.7897727272727273	-0.17468097548819425
0.7897727272727273	-0.17468097548819425
0.7897727272727273	-0.17468097548819425
0.7897727272727273	-0.17468097548819425
0.7897727272727273	-0.17468097548819425
0.7897727272727273	-0.17468097548819425
0.7897727272727273	-0.17468097548819425
0.7897727272727273	-0.17468097548819425
0.7897727272727273	-0.17468097548819425
0.7897727272727273	-0.17468097548819425
0.7897727272727273	-0.17468097548819425
0.7897727272727273	-0.17468097548819425
0.7897727272727273	-0.17468097548819425
0.7897727272727273	-0.17468097548819425
0.7897727272727273	-0.17468097548819425
0.7897727272727273	-0.17468097548819425
0.7897727272727273	-0.17468097548819425
0.7897727272727273	-0.17468097548819425
0.7897727272727273	-0.17468097548819425
0.7897727272727273	-0.17468097548819425
0.7897727272727273	-0.17468097548819425
0.7897727272727273	-0.17468097548819425
0.7897727272727273	-0.17468097548819425
0.7897727272727273	-0.17468097548819425
0.7897727272727273	-0.17468097548819425
0.7897727272727273	-0.17468097548819425
0.7897727272727273	-0.17468097548819425
0.7897727272727273	-0.17468097548819425
0.7897727272727273	-0.17468097548819425
0.7897727272727273	-0.17468097548819425
0.7897727272727273	-0.17468097548819425
0.7897727272727273	-0.17468097548819425
0.7897727272727273	-0.17468097548819425
0.7897727272727273	-0.17468097548819425
0.7897727272727273	-0.17468097548819425
0.7897727272727273	-0.17468097548819425
0.7897727272727273	-0.17468097548819425
0.7897727272727273	-0.17468097548819425
0.7897727272727273	-0.17468097548819425
0.7897727272727273	-0.17468097548819425
0.7897727272727273	-0.17468097548819425
0.7897727272727273	-0.17468097548819425
0.8011363636363636	-0.17809110848270066
0.7897727272727273	-0.17468097548819425
0.7897727272727273	-0.17468097548819425
0.7897727272727273	-0.17468097548819425
0.7897727272727273	-0.17468097548819425
0.7897727272727273	-0.17468097548819425
0.7897727272727273	-0.17468097548819425
0.7897727272727273	-0.17468097548819425
0.7897727272727273	-0.17468097548819425
0.7897727272727273	-0.17468097548819425
0.7897727272727273	-0.17468097548819425
0.7897727272727273	-0.17468097548819425
0.7897727272727273	-0.17468097548819425
0.7897727272727273	-0.17468097548819425
0.7897727272727273	-0.17468097548819425
0.7897727272727273	-0.17468097548819425
0.7897727272727273	-0.17468097548819425
0.7897727272727273	-0.17468097548819425
0.7897727272727273	-0.17468097548819425
0.7897727272727273	-0.17468097548819425
0.7897727272727273	-0.17468097548819425
0.7897727272727273	-0.17468097548819425
0.7897727272727273	-0.17468097548819425
0.7897727272727273	-0.17468097548819425
0.7897727272727273	-0.17468097548819425
0.7897727272727273	-0.17468097548819425
0.7897727272727273	-0.17468097548819425
0.7897727272727273	-0.17468097548819425
0.7897727272727273	-0.17468097548819425
0.7897727272727273	-0.17468097548819425
