1.329750088275159
1.6072862913934371
1.6741370332779686
1.7210200612386952
1.7421200228143643
1.7421791193636162
1.7421901341369062
1.7423616123177557
1.7423616123177557
1.7423616123177557
1.7423616123177557
1.7423616123177557
1.749767835897429
1.759623086279279
1.7626456809577713
1.7626456809577713
1.7626456809577713
1.7626456809577713
1.7626456809577713
1.7626456809577713
1.7626456809577713
1.7684187579068884
1.7684187579068884
1.7722770552070966
1.7722778895847244
1.329750088275159
1.6072862913934371
1.6741370332779686
1.7210200612386952
1.7421200228143643
1.7421791193636162
1.7421901341369062
1.7423616123177557
1.7423616123177557
1.7423616123177557
1.7423616123177557
1.7423616123177557
1.749767835897429
1.759623086279279
1.7626456809577713
1.7626456809577713
1.7626456809577713
1.7626456809577713
1.7626456809577713
1.7626456809577713
1.7626456809577713
1.7684187579068884
1.7684187579068884
1.7722770552070966
1.7722778895847244
1.329750088275159
1.6072862913934371
1.6741370332779686
1.7210200612386952
1.7421200228143643
1.7421791193636162
1.7421901341369062
1.7423616123177557
1.7423616123177557
1.7423616123177557
1.7423616123177557
1.7423616123177557
1.749767835897429
1.759623086279279
1.7626456809577713
1.7626456809577713
1.7626456809577713
1.7626456809577713
1.7626456809577713
1.7626456809577713
1.7626456809577713
1.7684187579068884
1.7684187579068884
1.7722770552070966
1.7722778895847244
1.329750088275159
1.6072862913934371
1.6741370332779686
1.7210200612386952
1.7421200228143643
1.7421791193636162
1.7421901341369062
1.7423616123177557
1.7423616123177557
1.7423616123177557
1.7423616123177557
1.7423616123177557
1.749767835897429
1.759623086279279
1.7626456809577713
1.7626456809577713
1.7626456809577713
1.7626456809577713
1.7626456809577713
1.7626456809577713
1.7626456809577713
1.7684187579068884
1.7684187579068884
1.7722770552070966
1.7722778895847244
1.329750088275159
1.6072862913934371
1.6741370332779686
1.7210200612386952
1.7421200228143643
1.7421791193636162
1.7421901341369062
1.7423616123177557
1.7423616123177557
1.7423616123177557
1.7423616123177557
1.7423616123177557
1.749767835897429
1.759623086279279
1.7626456809577713
1.7626456809577713
1.7626456809577713
1.7626456809577713
1.7626456809577713
1.7626456809577713
1.7626456809577713
1.7684187579068884
1.7684187579068884
1.7722770552070966
1.7722778895847244
