1.7011828585590925
2.0210055982569592
2.1276490894866544
2.1276490894866544
2.1276490894866544
2.1276490894866544
2.1276490894866544
2.1276490894866544
2.1276490894866544
2.1276490894866544
2.1276490894866544
2.1276490894866544
2.1276490894866544
2.1276490894866544
2.1276490894866544
2.1276490894866544
2.1276490894866544
2.1276490894866544
2.1276490894866544
2.1276490894866544
2.1276490894866544
2.1276490894866544
2.1276490894866544
2.1276490894866544
2.1276490894866544
1.7011828585590925
2.0424402041259238
2.076751900278342
2.088614589135069
2.0886462410588598
2.0886462410588598
2.0886462410588598
2.0886462410588598
2.0886462410588598
2.0886462410588598
2.0886462410588598
2.0886462410588598
2.0886462410588598
2.0886462410588598
2.0886462410588598
2.0886462410588598
2.0886462410588598
2.0886462410588598
2.0886462410588598
2.0886462410588598
2.0886462410588598
2.0886462410588598
2.0886462410588598
2.0886462410588598
2.0886462410588598
1.7011828585590925
2.0465660873218736
2.054978637868969
2.1276490894866544
2.1276490894866544
2.1276490894866544
2.1276490894866544
2.1276490894866544
2.1276490894866544
2.1276490894866544
2.1276490894866544
2.1276490894866544
2.1276490894866544
2.1276490894866544
2.1276490894866544
2.1276490894866544
2.1276490894866544
2.1276490894866544
2.1276490894866544
2.1276490894866544
2.1276490894866544
2.1276490894866544
2.1276490894866544
2.1276490894866544
2.1276490894866544
1.7011828585590925
2.0676049464828727
2.0984435083419966
2.0984435083419966
2.1276490894866544
2.1276490894866544
2.1276490894866544
2.1276490894866544
2.1276490894866544
2.1276490894866544
2.1276490894866544
2.1276490894866544
2.1276490894866544
2.1276490894866544
2.1276490894866544
2.1276490894866544
2.1276490894866544
2.1276490894866544
2.1276490894866544
2.1276490894866544
2.1276490894866544
2.1276490894866544
2.1276490894866544
2.1276490894866544
2.1276490894866544
