1.7011828585590925
2.0210055982569592
2.1276490894866544
2.1276490894866544
2.1276490894866544
2.1276490894866544
2.1276490894866544
2.1276490894866544
2.1276490894866544
2.1276490894866544
2.1276490894866544
2.1276490894866544
2.1276490894866544
2.1276490894866544
2.1276490894866544
2.1276490894866544
2.1276490894866544
2.1276490894866544
2.1276490894866544
2.1276490894866544
2.1276490894866544
2.1276490894866544
2.1276490894866544
2.1276490894866544
2.1276490894866544
1.7011828585590925
2.0424402041259238
2.076751900278342
2.088614589135069
2.0886462410588598
2.0886462410588598
2.0886462410588598
2.0886462410588598
2.0886462410588598
2.0886462410588598
2.0886462410588598
2.0886462410588598
2.0886462410588598
2.0886462410588598
2.0886462410588598
2.0886462410588598
2.0886462410588598
2.0886462410588598
2.0886462410588598
2.0886462410588598
2.0886462410588598
2.0886462410588598
2.0886462410588598
2.0886462410588598
2.0886462410588598
1.7011828585590925
2.0465660873218736
2.054978637868969
2.1276490894866544
2.1276490894866544
2.1276490894866544
2.1276490894866544
2.1276490894866544
2.1276490894866544
2.1276490894866544
2.1276490894866544
2.1276490894866544
2.1276490894866544
2.1276490894866544
2.1276490894866544
2.1276490894866544
2.1276490894866544
2.1276490894866544
2.1276490894866544
2.1276490894866544
2.1276490894866544
2.1276490894866544
2.1276490894866544
2.1276490894866544
2.1276490894866544
1.7011828585590925
2.0676049464828727
2.0984435083419966
2.0984435083419966
2.1276490894866544
2.1276490894866544
2.1276490894866544
2.1276490894866544
2.1276490894866544
2.1276490894866544
2.1276490894866544
2.1276490894866544
2.1276490894866544
2.1276490894866544
2.1276490894866544
2.1276490894866544
2.1276490894866544
2.1276490894866544
2.1276490894866544
2.1276490894866544
2.1276490894866544
2.1276490894866544
2.1276490894866544
2.1276490894866544
2.1276490894866544
1.7011828585590925
2.0262433700323657
2.087936207887389
2.099984050976215
2.099984050976215
2.099984050976215
2.099984050976215
2.099984050976215
2.099984050976215
2.099984050976215
2.099984050976215
2.099984050976215
2.099984050976215
2.099984050976215
2.099984050976215
2.099984050976215
2.099984050976215
2.099984050976215
2.099984050976215
2.099984050976215
2.099984050976215
2.099984050976215
2.099984050976215
2.099984050976215
2.099984050976215
1.7011828585590925
2.055697215155448
2.0955682513936646
2.0955682513936646
2.0998232668210193
2.0998232668210193
2.0998232668210193
2.0998232668210193
2.0998232668210193
2.0998232668210193
2.0998232668210193
2.0998232668210193
2.0998232668210193
2.0998232668210193
2.0998232668210193
2.0998232668210193
2.0998232668210193
2.0998232668210193
2.0998232668210193
2.0998232668210193
2.0998232668210193
2.0998232668210193
2.0998232668210193
2.0998232668210193
2.0998232668210193
1.7011828585590925
2.069733671904044
2.1276490894866544
2.1276490894866544
2.1276490894866544
2.1276490894866544
2.1276490894866544
2.1276490894866544
2.1276490894866544
2.1276490894866544
2.1276490894866544
2.1276490894866544
2.1276490894866544
2.1276490894866544
2.1276490894866544
2.1276490894866544
2.1276490894866544
2.1276490894866544
2.1276490894866544
2.1276490894866544
2.1276490894866544
2.1276490894866544
2.1276490894866544
2.1276490894866544
2.1276490894866544
