1.4932646525081585
2.0010892377610117
2.009626340249537
2.009626340249537
2.0602442821335227
2.0602442821335227
2.069518601760346
2.0798383224637
2.0810741301381372
2.0810741301381372
2.0810741301381372
2.0810741301381372
2.0810741301381372
2.0810741301381372
2.084344986303116
2.0844587186208074
2.0844587186208074
2.0844587186208074
2.0844587186208074
2.0844587186208074
2.0844587186208074
2.0844587186208074
2.0844587186208074
2.0844587186208074
2.0844587186208074
1.4932646525081585
2.011621116819363
2.027272083415693
2.0273142131211626
2.0410041498191505
2.0410324230999346
2.0410324230999346
2.0410324230999346
2.0410324230999346
2.0410324230999346
2.0410324230999346
2.041038847316047
2.041038847316047
2.041038847316047
2.041038847316047
2.041038847316047
2.041038847316047
2.041038847316047
2.041038847316047
2.041038847316047
2.041038847316047
2.0436771021067712
2.0436771021067712
2.0436771021067712
2.0436771021067712
1.4932646525081585
1.9953380040689577
2.026172125719182
2.0261920328791208
2.0261920328791208
2.0261920328791208
2.0261920328791208
2.0261920328791208
2.0261920328791208
2.0261920328791208
2.0261920328791208
2.0261920328791208
2.0261920328791208
2.0261920328791208
2.0261920328791208
2.0261920328791208
2.0261920328791208
2.0261920328791208
2.0261920328791208
2.0261920328791208
2.0261920328791208
2.0261920328791208
2.0261920328791208
2.0261920328791208
2.0261920328791208
1.4932646525081585
1.967919789086188
2.060583864729065
2.060583864729065
2.060583864729065
2.060583864729065
2.060583864729065
2.060583864729065
2.060583864729065
2.060583864729065
2.060583864729065
2.060583864729065
2.060583864729065
2.060583864729065
2.060583864729065
2.060583864729065
2.060583864729065
2.060583864729065
2.060583864729065
2.060583864729065
2.060583864729065
2.060583864729065
2.060583864729065
2.060583864729065
2.060583864729065
1.4932646525081585
2.028307508172944
2.0847957341566214
2.0847957341566214
2.0847957341566214
2.0847957341566214
2.087641203735657
2.087641203735657
2.087641203735657
2.087641203735657
2.087641203735657
2.087641203735657
2.087641203735657
2.087641203735657
2.087641203735657
2.087641203735657
2.087641203735657
2.087641203735657
2.087641203735657
2.087641203735657
2.087641203735657
2.087641203735657
2.087641203735657
2.087641203735657
2.087641203735657
1.4932646525081585
1.9294895118333846
2.0144699137714652
2.0274203620974736
2.0292035505903336
2.0292035505903336
2.0292035505903336
2.0292035505903336
2.0292035505903336
2.0292035505903336
2.0292035505903336
2.0292035505903336
2.0292035505903336
2.0292035505903336
2.0292035505903336
2.0292035505903336
2.0292035505903336
2.0292035505903336
2.0292035505903336
2.0292035505903336
2.0292035505903336
2.0292035505903336
2.0292035505903336
2.0292035505903336
2.0292035505903336
1.4932646525081585
1.9845277025634729
2.0010728783209415
2.0010728783209415
2.0010728783209415
2.0010728783209415
2.0010728783209415
2.0010728783209415
2.0010728783209415
2.0010728783209415
2.0010728783209415
2.0010728783209415
2.0010728783209415
2.0010728783209415
2.0010728783209415
2.010185338350371
2.010185338350371
2.010185338350371
2.010185338350371
2.010185338350371
2.010185338350371
2.010185338350371
2.010185338350371
2.010185338350371
2.010185338350371
1.4932646525081585
2.0042932163581675
2.0328759109376535
2.0328759109376535
2.0328759109376535
2.0328759109376535
2.0328759109376535
2.0328759109376535
2.0328759109376535
2.0328759109376535
2.0328759109376535
2.0328759109376535
2.0328759109376535
2.0328759109376535
2.0328759109376535
2.0328759109376535
2.0328759109376535
2.0328759109376535
2.0330743765348966
2.0330743765348966
2.0330743765348966
2.0330743765348966
2.0330743765348966
2.0330743765348966
2.0330743765348966
1.4932646525081585
2.001558800335138
2.0529698625181565
2.0529698625181565
2.0529698625181565
2.0529698625181565
2.0529698625181565
2.0529698625181565
2.056891695259863
2.056891695259863
2.056891695259863
2.0569043241377982
2.0569043241377982
2.0569043241377982
2.0569043241377982
2.0569043241377982
2.0569043241377982
2.0569043241377982
2.0569043241377982
2.0569043241377982
2.0569043241377982
2.0569043241377982
2.0569043241377982
2.0569043241377982
2.0569043241377982
1.4932646525081585
2.015577657875223
2.06066388594375
2.077882019726254
2.077882019726254
2.077882019726254
2.077882019726254
2.077882019726254
2.077882019726254
2.077882019726254
2.077882019726254
2.077882019726254
2.077882019726254
2.077882019726254
2.077882019726254
2.077882019726254
2.077882019726254
2.077882019726254
2.077882019726254
2.077882019726254
2.077882019726254
2.077882019726254
2.077882019726254
2.077882019726254
2.077882019726254
1.4932646525081585
1.9613202382100616
2.0215032776021844
2.026628204681758
2.0291589400465644
2.0291589400465644
2.0291589400465644
2.0291589400465644
2.0291589400465644
2.0291589400465644
2.0291589400465644
2.0291589400465644
2.0291589400465644
2.0291589400465644
2.0291589400465644
2.0291589400465644
2.0291589400465644
2.0291589400465644
2.0291589400465644
2.0291589400465644
2.0291589400465644
2.0291589400465644
2.0364338774736677
2.0364338774736677
2.0364338774736677
1.4932646525081585
2.003450850501477
2.0518221582444185
2.0518541605580576
2.0518541605580576
2.0518541605580576
2.0518541605580576
2.0518541605580576
2.0518541605580576
2.0518541605580576
2.0518541605580576
2.0518541605580576
2.0518541605580576
2.0518541605580576
2.0518541605580576
2.0518541605580576
2.0518541605580576
2.0518541605580576
2.0518541605580576
2.0518541605580576
2.0518541605580576
2.0518541605580576
2.0518541605580576
2.0518541605580576
2.0518541605580576
1.4932646525081585
1.9976696976122148
2.0547728824755738
2.06804234783349
2.0769367964887886
2.077882019726254
2.077882019726254
2.077882019726254
2.077882019726254
2.077882019726254
2.077882019726254
2.077882019726254
2.077882019726254
2.077882019726254
2.077882019726254
2.077882019726254
2.077882019726254
2.077882019726254
2.077882019726254
2.077882019726254
2.077882019726254
2.077882019726254
2.077882019726254
2.077882019726254
2.077882019726254
1.4932646525081585
1.9968580358975991
2.0229654923080687
2.0229654923080687
2.0229654923080687
2.0229654923080687
2.0229654923080687
2.0229654923080687
2.0229654923080687
2.0229654923080687
2.0229654923080687
2.0229654923080687
2.0229654923080687
2.0229763947694495
2.0229763947694495
2.0229763947694495
2.0229763947694495
2.0229763947694495
2.0229763947694495
2.0229763947694495
2.0229763947694495
2.0229763947694495
2.0229763947694495
2.0229763947694495
2.0229763947694495
1.4932646525081585
1.9878256890860329
2.033411946391111
2.0523605511379017
2.0602604025511067
2.0602604025511067
2.0602604025511067
2.0602604025511067
2.0602604025511067
2.0602604025511067
2.0602604025511067
2.0602604025511067
2.0602604025511067
2.0602604025511067
2.0602604025511067
2.0602604025511067
2.0602604025511067
2.0638366302600333
2.0638366302600333
2.0638366302600333
2.0638366302600333
2.0638366302600333
2.0638366302600333
2.0638366302600333
2.0638366302600333
1.4932646525081585
1.9947798760120263
2.0519555657108577
2.0519555657108577
2.0519555657108577
2.0519555657108577
2.0519555657108577
2.0519555657108577
2.0519555657108577
2.0519555657108577
2.0519555657108577
2.0519555657108577
2.0519555657108577
2.0519555657108577
2.0634652159630713
2.0634652159630713
2.0634652159630713
2.0634652159630713
2.0634652159630713
2.0634652159630713
2.0634652159630713
2.0634652159630713
2.0634652159630713
2.0634652159630713
2.0634652159630713
1.4932646525081585
2.0207985201099565
2.0746654530248656
2.074669158306185
2.074669158306185
2.074669158306185
2.074669158306185
2.074669158306185
2.074669158306185
2.074669158306185
2.0747359441498454
2.0747359441498454
2.0747359441498454
2.0747359441498454
2.0747359441498454
2.0747359441498454
2.0747359441498454
2.0747359441498454
2.0747359441498454
2.0747359441498454
2.0747359441498454
2.0747359441498454
2.0747359441498454
2.0747359441498454
2.0747359441498454
