1.4932646525081585
2.0010892377610117
2.009626340249537
2.009626340249537
2.0602442821335227
2.0602442821335227
2.069518601760346
2.0798383224637
2.0810741301381372
2.0810741301381372
2.0810741301381372
2.0810741301381372
2.0810741301381372
2.0810741301381372
2.084344986303116
2.0844587186208074
2.0844587186208074
2.0844587186208074
2.0844587186208074
2.0844587186208074
2.0844587186208074
2.0844587186208074
2.0844587186208074
2.0844587186208074
2.0844587186208074
1.4932646525081585
2.011621116819363
2.027272083415693
2.0273142131211626
2.0410041498191505
2.0410324230999346
2.0410324230999346
2.0410324230999346
2.0410324230999346
2.0410324230999346
2.0410324230999346
2.041038847316047
2.041038847316047
2.041038847316047
2.041038847316047
2.041038847316047
2.041038847316047
2.041038847316047
2.041038847316047
2.041038847316047
2.041038847316047
2.0436771021067712
2.0436771021067712
2.0436771021067712
2.0436771021067712
1.4932646525081585
1.9953380040689577
2.026172125719182
2.0261920328791208
2.0261920328791208
2.0261920328791208
2.0261920328791208
2.0261920328791208
2.0261920328791208
2.0261920328791208
2.0261920328791208
2.0261920328791208
2.0261920328791208
2.0261920328791208
2.0261920328791208
2.0261920328791208
2.0261920328791208
2.0261920328791208
2.0261920328791208
2.0261920328791208
2.0261920328791208
2.0261920328791208
2.0261920328791208
2.0261920328791208
2.0261920328791208
1.4932646525081585
1.967919789086188
2.060583864729065
2.060583864729065
2.060583864729065
2.060583864729065
2.060583864729065
2.060583864729065
2.060583864729065
2.060583864729065
2.060583864729065
2.060583864729065
2.060583864729065
2.060583864729065
2.060583864729065
2.060583864729065
2.060583864729065
2.060583864729065
2.060583864729065
2.060583864729065
2.060583864729065
2.060583864729065
2.060583864729065
2.060583864729065
2.060583864729065
1.4932646525081585
2.028307508172944
2.0847957341566214
2.0847957341566214
2.0847957341566214
2.0847957341566214
2.087641203735657
2.087641203735657
2.087641203735657
2.087641203735657
2.087641203735657
2.087641203735657
2.087641203735657
2.087641203735657
2.087641203735657
2.087641203735657
2.087641203735657
2.087641203735657
2.087641203735657
2.087641203735657
2.087641203735657
2.087641203735657
2.087641203735657
2.087641203735657
2.087641203735657
1.4932646525081585
1.9294895118333846
2.0144699137714652
2.0274203620974736
2.0292035505903336
2.0292035505903336
2.0292035505903336
2.0292035505903336
2.0292035505903336
2.0292035505903336
2.0292035505903336
2.0292035505903336
2.0292035505903336
2.0292035505903336
2.0292035505903336
2.0292035505903336
2.0292035505903336
2.0292035505903336
2.0292035505903336
2.0292035505903336
2.0292035505903336
2.0292035505903336
2.0292035505903336
2.0292035505903336
2.0292035505903336
