1.8349473330641015
2.2129953835155907
2.254666020685496
2.254666020685496
2.254666020685496
2.254666020685496
2.254666020685496
2.254666020685496
2.254666020685496
2.254666020685496
2.254666020685496
2.254666020685496
2.254666020685496
2.254666020685496
2.254666020685496
2.254666020685496
2.254666020685496
2.254666020685496
2.254666020685496
2.254666020685496
2.254666020685496
2.254666020685496
2.254666020685496
2.254666020685496
2.254666020685496
1.8349473330641015
2.248218023271183
2.248218023271183
2.2967192811195907
2.2967192811195907
2.2967192811195907
2.2967192811195907
2.2967192811195907
2.2967192811195907
2.2967192811195907
2.2967192811195907
2.2967192811195907
2.2967192811195907
2.2967192811195907
2.2967192811195907
2.2967192811195907
2.2967192811195907
2.2967192811195907
2.2967192811195907
2.2967192811195907
2.2967192811195907
2.2967192811195907
2.2967192811195907
2.2967192811195907
2.2967192811195907
1.8349473330641015
2.254666020685496
2.2967192811195907
2.2967192811195907
2.2967192811195907
2.2967192811195907
2.2967192811195907
2.2967192811195907
2.2967192811195907
2.2967192811195907
2.2967192811195907
2.2967192811195907
2.2967192811195907
2.2967192811195907
2.2967192811195907
2.2967192811195907
2.2967192811195907
2.2967192811195907
2.2967192811195907
2.2967192811195907
2.2967192811195907
2.2967192811195907
2.2967192811195907
2.2967192811195907
2.2967192811195907
1.8349473330641015
2.2129953835155907
2.2967192811195907
2.2967192811195907
2.2967192811195907
2.2967192811195907
2.2967192811195907
2.2967192811195907
2.2967192811195907
2.2967192811195907
2.2967192811195907
2.2967192811195907
2.2967192811195907
2.2967192811195907
2.2967192811195907
2.2967192811195907
2.2967192811195907
2.2967192811195907
2.2967192811195907
2.2967192811195907
2.2967192811195907
2.2967192811195907
2.2967192811195907
2.2967192811195907
2.2967192811195907
1.8349473330641015
2.2129953835155907
2.2902188609620717
2.2902188609620717
2.2902188609620717
2.2902188609620717
2.2902188609620717
2.2902188609620717
2.2902188609620717
2.2902188609620717
2.2902188609620717
2.2902188609620717
2.2902188609620717
2.2902188609620717
2.2902188609620717
2.2902188609620717
2.2902188609620717
2.2902188609620717
2.2902188609620717
2.2902188609620717
2.2902188609620717
2.2902188609620717
2.2902188609620717
2.2902188609620717
2.2902188609620717
1.8349473330641015
2.2129953835155907
2.2129953835155907
2.2129953835155907
2.2129953835155907
2.2129953835155907
2.2129953835155907
2.2129953835155907
2.2129953835155907
2.2129953835155907
2.2129953835155907
2.2129953835155907
2.2129953835155907
2.2129953835155907
2.2129953835155907
2.2129953835155907
2.2129953835155907
2.2129953835155907
2.2129953835155907
2.2129953835155907
2.2129953835155907
2.2129953835155907
2.2129953835155907
2.2129953835155907
2.2129953835155907
1.8349473330641015
2.2129953835155907
2.2129953835155907
2.2129953835155907
2.2129953835155907
2.2129953835155907
2.2129953835155907
2.2129953835155907
2.2129953835155907
2.2129953835155907
2.2129953835155907
2.2129953835155907
2.2129953835155907
2.2129953835155907
2.2129953835155907
2.2129953835155907
2.2129953835155907
2.2129953835155907
2.2129953835155907
2.2129953835155907
2.2129953835155907
2.2129953835155907
2.2129953835155907
2.2129953835155907
2.2129953835155907
1.8349473330641015
2.2065998088444836
2.2129953835155907
2.2129953835155907
2.2129953835155907
2.2129953835155907
2.2129953835155907
2.2129953835155907
2.2129953835155907
2.2129953835155907
2.2129953835155907
2.2129953835155907
2.2129953835155907
2.2129953835155907
2.2129953835155907
2.2129953835155907
2.2129953835155907
2.2129953835155907
2.2129953835155907
2.2129953835155907
2.2129953835155907
2.2129953835155907
2.2129953835155907
2.2129953835155907
2.2129953835155907
1.8349473330641015
2.2129953835155907
2.2129953835155907
2.2129953835155907
2.2129953835155907
2.2129953835155907
2.2129953835155907
2.2129953835155907
2.2129953835155907
2.2129953835155907
2.2129953835155907
2.2129953835155907
2.2129953835155907
2.2129953835155907
2.2129953835155907
2.2129953835155907
2.2129953835155907
2.2129953835155907
2.2129953835155907
2.2129953835155907
2.2129953835155907
2.2129953835155907
2.2129953835155907
2.2129953835155907
2.2129953835155907
1.8349473330641015
2.2129953835155907
2.2129953835155907
2.2129953835155907
2.2129953835155907
2.2129953835155907
2.2129953835155907
2.2129953835155907
2.2129953835155907
2.2129953835155907
2.2129953835155907
2.2129953835155907
2.2129953835155907
2.2129953835155907
2.2129953835155907
2.2129953835155907
2.2129953835155907
2.2129953835155907
2.2129953835155907
2.2129953835155907
2.2129953835155907
2.2129953835155907
2.2129953835155907
2.2129953835155907
2.2129953835155907
1.8349473330641015
2.2902188609620717
2.2902188609620717
2.2902188609620717
2.2902188609620717
2.2902188609620717
2.2902188609620717
2.2902188609620717
2.2902188609620717
2.2902188609620717
2.2902188609620717
2.2902188609620717
2.2902188609620717
2.2902188609620717
2.2902188609620717
2.2902188609620717
2.2902188609620717
2.2902188609620717
2.2902188609620717
2.2902188609620717
2.2902188609620717
2.2902188609620717
2.2902188609620717
2.2902188609620717
2.2902188609620717
1.8349473330641015
2.2129953835155907
2.2129953835155907
2.2129953835155907
2.2129953835155907
2.2129953835155907
2.2129953835155907
2.2129953835155907
2.2129953835155907
2.2129953835155907
2.2129953835155907
2.2129953835155907
2.2129953835155907
2.2129953835155907
2.2129953835155907
2.2129953835155907
2.2129953835155907
2.2129953835155907
2.2129953835155907
2.2129953835155907
2.2129953835155907
2.2129953835155907
2.2129953835155907
2.2129953835155907
2.2129953835155907
1.8349473330641015
2.2129953835155907
2.2129953835155907
2.2129953835155907
2.2129953835155907
2.2129953835155907
2.2129953835155907
2.2129953835155907
2.2129953835155907
2.2129953835155907
2.2129953835155907
2.2129953835155907
2.2129953835155907
2.2129953835155907
2.2129953835155907
2.2129953835155907
2.2129953835155907
2.2129953835155907
2.2129953835155907
2.2129953835155907
2.2129953835155907
2.2129953835155907
2.2129953835155907
2.2129953835155907
2.2129953835155907
1.8349473330641015
2.2065998088444836
2.254666020685496
2.254666020685496
2.2902188609620717
2.2902188609620717
2.2902188609620717
2.2902188609620717
2.2902188609620717
2.2902188609620717
2.2902188609620717
2.2902188609620717
2.2902188609620717
2.2902188609620717
2.2902188609620717
2.2902188609620717
2.2902188609620717
2.2902188609620717
2.2902188609620717
2.2902188609620717
2.2902188609620717
2.2902188609620717
2.2902188609620717
2.2902188609620717
2.2902188609620717
