1.3568703756095848
1.5794379481202483
1.6508119625237798
1.6786460040704265
1.691868444867848
1.723210721388041
1.7245704465375784
1.7245704465375784
1.7273355553990586
1.7273355553990586
1.7273413310106656
1.7273558961918043
1.7273558961918043
1.7273558961918043
1.7273558961918043
1.7273558961918043
1.7273558961918043
1.7273558961918043
1.7273582779540744
1.731528930216353
1.735670472782854
1.7440140902487298
1.744027960004792
1.7440404216022591
1.7440837893768186
1.3568703756095848
1.5775660329424979
1.645510188233904
1.686960172179059
1.7335881790632313
1.7460715043737853
1.750307458534701
1.7577263802595733
1.7620281591080502
1.7740805424158608
1.780553058981533
1.7838930586003565
1.7966556198730372
1.7975698923666361
1.7988075953243232
1.7988075953243232
1.7988075953243232
1.7988075953243232
1.7988075953243232
1.7988075953243232
1.7988075953243232
1.7988075953243232
1.7988075953243232
1.7988075953243232
1.7988075953243232
1.3568703756095848
1.5884970575302066
1.6787980119856103
1.7111967859293231
1.7294680810881835
1.746031076229056
1.750519259412592
1.7505459672566368
1.7505459672566368
1.7505459672566368
1.7505459672566368
1.7505459672566368
1.7505459672566368
1.7505459672566368
1.7505459672566368
1.7505459672566368
1.7505459672566368
1.7505459672566368
1.7505459672566368
1.7505459672566368
1.7505459672566368
1.7505459672566368
1.7505459672566368
1.7505459672566368
1.7505459672566368
1.3568703756095848
1.5010995350847678
1.67358590333908
1.7414286716746006
1.745427542586704
1.7474348793713042
1.76025422335362
1.76025556662027
1.764728581709302
1.7647361416257878
1.7647559872509933
1.7689272664028715
1.7689272664028715
1.7689272664028715
1.7689272664028715
1.7689272664028715
1.7689521780412467
1.7689521780412467
1.7689761092973335
1.7689761092973335
1.7690301974616003
1.7690301974616003
1.7690301974616003
1.7732535484578813
1.7732535484578813
1.3568703756095848
1.5892205042217935
1.6986510599120017
1.7790634942295844
1.8060967754567965
1.8204236516478725
1.8204615078748196
1.8204719718807543
1.8204719718807543
1.820571372251997
1.835457641007478
1.8354583953496408
1.8354593219370199
1.8386169397433687
1.8386169397433687
1.8386169397433687
1.8386169397433687
1.8386169397433687
1.8386169397433687
1.838617141706268
1.8386196730074897
1.8386196730074897
1.8386196730074897
1.8386257548100151
1.8386257548100151
1.3568703756095848
1.6091735996704992
1.680653157461698
1.7177605243903717
1.7200864201281705
1.7328760026648542
1.741249545542205
1.7434681141470227
1.7434681141470227
1.7476668345331343
1.7476668345331343
1.751824518129615
1.751824518129615
1.751824518129615
1.7518287170396993
1.7518287170396993
1.7518287170396993
1.7518287170396993
1.7518287170396993
1.7601688474175712
1.7645314840853779
1.7645442499355948
1.7645442499355948
1.7645442499355948
1.7645442499355948
1.3568703756095848
1.5496068076781395
1.7096086786147526
1.7385334738816136
1.7386218329316632
1.7549656498090433
1.7647528850081475
1.774946716902172
1.774946716902172
1.774946716902172
1.7791580555377173
1.7791580555377173
1.7791580555377173
1.780376549461703
1.780376549461703
1.780376549461703
1.780376549461703
1.780376549461703
1.780376549461703
1.780376549461703
1.780376549461703
1.780376549461703
1.780376549461703
1.780376549461703
1.780376549461703
1.3568703756095848
1.6121532852073688
1.7040001468751638
1.7559300581849167
1.7604046195810974
1.763050687635447
1.7630565309298494
1.7654639682236255
1.7654639682236255
1.765677665886105
1.765677665886105
1.765677665886105
1.765677665886105
1.765677665886105
1.765677665886105
1.765677665886105
1.765677665886105
1.765677665886105
1.765677665886105
1.765677665886105
1.765677665886105
1.765677665886105
1.765677665886105
1.765677665886105
1.765677665886105
1.3568703756095848
1.562372053646161
1.6641060697441767
1.6969818080682744
1.7117835706732298
1.7160067408913908
1.7160067408913908
1.7160067408913908
1.7160067408913908
1.7172359782731146
1.7172359782731146
1.7172966028842898
1.7172966028842898
1.7172966028842898
1.7172966028842898
1.7172966028842898
1.7172966028842898
1.7172966028842898
1.7172966028842898
1.7214382290123105
1.7214382290123105
1.7214382290123105
1.7214382290123105
1.7214382290123105
1.7214382290123105
1.3568703756095848
1.669254077462676
1.7301051261503677
1.752669157254833
1.775076677212627
1.8037721015575008
1.8226886057074267
1.8226886057074267
1.8226886057074267
1.8226886057074267
1.8226886057074267
1.8226886057074267
1.824601636280638
1.824601636280638
1.8288866112804458
1.8288866112804458
1.8288866112804458
1.8288866112804458
1.8288866112804458
1.8288866112804458
1.8288866112804458
1.8288866112804458
1.8288866112804458
1.8288866112804458
1.8288866112804458
1.3568703756095848
1.5994022014736413
1.7006510398209496
1.7361013469382616
1.740405659301773
1.740405659301773
1.740405659301773
1.74044385285721
1.7404705219323882
1.740477106248274
1.7405251811944193
1.7405251811944193
1.7405251811944193
1.7405251811944193
1.7405332628708772
1.7405332628708772
1.7405332628708772
1.740542095813173
1.740542095813173
1.740542095813173
1.740542095813173
1.740542095813173
1.74360876741574
1.74360876741574
1.74360876741574
1.3568703756095848
1.5591273832218475
1.6450738679317651
1.7102611642085312
1.7505660895573638
1.752933630079736
1.752933630079736
1.752934167432957
1.7550399329550819
1.7550399329550819
1.7550399329550819
1.7550399329550819
1.7550399329550819
1.7550399329550819
1.7550399329550819
1.7550399329550819
1.7550399329550819
1.7550399329550819
1.7550399329550819
1.7550399329550819
1.7550399329550819
1.7550399329550819
1.7550399329550819
1.7550399329550819
1.7550399329550819
1.3568703756095848
1.5335962523563302
1.6829103519835198
1.7619430321189362
1.7619430321189362
1.7644472497241146
1.7668505404959478
1.7668505404959478
1.7668505404959478
1.7677991663726431
1.7709633359431227
1.7709815850529875
1.7709815850529875
1.7709815850529875
1.7709815850529875
1.7709815850529875
1.7709815850529875
1.7709815850529875
1.7709815850529875
1.7709815850529875
1.7709815850529875
1.7709815850529875
1.7709815850529875
1.7709829155661652
1.7709829155661652
1.3568703756095848
1.5165046757854834
1.599926337785574
1.657916216072351
1.6847547320574834
1.6909956292299524
1.6910530197004223
1.6911356082708717
1.6911356082708717
1.691171821533389
1.6913072210217273
1.6913072210217273
1.6913072210217273
1.6913072210217273
1.6913080929615154
1.6937111918314742
1.7124861396679458
1.7137489013974347
1.717916999986629
1.742587808271721
1.7486405236863072
1.7516564257470186
1.764946225052557
1.7691622999514074
1.7691622999514074
1.3568703756095848
1.5286948102899363
1.6107679075991383
1.6634163145934544
1.6976391101602513
1.7032256246994182
1.7032256246994182
1.707358307973827
1.7079206162753213
1.7245990391948691
1.7313741983666775
1.7322245562907752
1.732236388207793
1.732236388207793
1.732236388207793
1.732236388207793
1.732236388207793
1.732236388207793
1.732236388207793
1.732236388207793
1.732236388207793
1.732236388207793
1.734868828160411
1.734868828160411
1.734868828160411
1.3568703756095848
1.5969693791298971
1.7583375836926167
1.7851027492642093
1.7851027492642093
1.7851042871479383
1.7851463501979967
1.7852339956129184
1.7920235881594926
1.7920235881594926
1.7920308744523505
1.7920308744523505
1.7920308744523505
1.7920308744523505
1.7920308744523505
1.7962770533171533
1.7962926037172824
1.796294764788322
1.796294764788322
1.796294764788322
1.7963225725932888
1.7963225725932888
1.7963225725932888
1.7963225725932888
1.7963225725932888
1.3568703756095848
1.5958250477887348
1.6786167363547666
1.7290867926216622
1.741664518753918
1.7472624180871816
1.7472755210330837
1.7472814498859308
1.7472814498859308
1.7472814498859308
1.7472814498859308
1.7635814487473187
1.7635814487473187
1.7635814487473187
1.7643195240246674
1.7643216015341876
1.7643216015341876
1.7643216015341876
1.765371972223042
1.7655327032196135
1.7655327032196135
1.7686577526993972
1.7686577526993972
1.7686577526993972
1.7686577526993972
