1.3568703756095848
1.5794379481202483
1.6508119625237798
1.6786460040704265
1.691868444867848
1.723210721388041
1.7245704465375784
1.7245704465375784
1.7273355553990586
1.7273355553990586
1.7273413310106656
1.7273558961918043
1.7273558961918043
1.7273558961918043
1.7273558961918043
1.7273558961918043
1.7273558961918043
1.7273558961918043
1.7273582779540744
1.731528930216353
1.735670472782854
1.7440140902487298
1.744027960004792
1.7440404216022591
1.7440837893768186
1.3568703756095848
1.5775660329424979
1.645510188233904
1.686960172179059
1.7335881790632313
1.7460715043737853
1.750307458534701
1.7577263802595733
1.7620281591080502
1.7740805424158608
1.780553058981533
1.7838930586003565
1.7966556198730372
1.7975698923666361
1.7988075953243232
1.7988075953243232
1.7988075953243232
1.7988075953243232
1.7988075953243232
1.7988075953243232
1.7988075953243232
1.7988075953243232
1.7988075953243232
1.7988075953243232
1.7988075953243232
1.3568703756095848
1.5884970575302066
1.6787980119856103
1.7111967859293231
1.7294680810881835
1.746031076229056
1.750519259412592
1.7505459672566368
1.7505459672566368
1.7505459672566368
1.7505459672566368
1.7505459672566368
1.7505459672566368
1.7505459672566368
1.7505459672566368
1.7505459672566368
1.7505459672566368
1.7505459672566368
1.7505459672566368
1.7505459672566368
1.7505459672566368
1.7505459672566368
1.7505459672566368
1.7505459672566368
1.7505459672566368
