1.3568703756095848
1.5794379481202483
1.6508119625237798
1.6786460040704265
1.691868444867848
1.723210721388041
1.7245704465375784
1.7245704465375784
1.7273355553990586
1.7273355553990586
1.7273413310106656
1.7273558961918043
1.7273558961918043
1.7273558961918043
1.7273558961918043
1.7273558961918043
1.7273558961918043
1.7273558961918043
1.7273582779540744
1.731528930216353
1.735670472782854
1.7440140902487298
1.744027960004792
1.7440404216022591
1.7440837893768186
1.3568703756095848
1.5775660329424979
1.645510188233904
1.686960172179059
1.7335881790632313
1.7460715043737853
1.750307458534701
1.7577263802595733
1.7620281591080502
1.7740805424158608
1.780553058981533
1.7838930586003565
1.7966556198730372
1.7975698923666361
1.7988075953243232
1.7988075953243232
1.7988075953243232
1.7988075953243232
1.7988075953243232
1.7988075953243232
1.7988075953243232
1.7988075953243232
1.7988075953243232
1.7988075953243232
1.7988075953243232
1.3568703756095848
1.5884970575302066
1.6787980119856103
1.7111967859293231
1.7294680810881835
1.746031076229056
1.750519259412592
1.7505459672566368
1.7505459672566368
1.7505459672566368
1.7505459672566368
1.7505459672566368
1.7505459672566368
1.7505459672566368
1.7505459672566368
1.7505459672566368
1.7505459672566368
1.7505459672566368
1.7505459672566368
1.7505459672566368
1.7505459672566368
1.7505459672566368
1.7505459672566368
1.7505459672566368
1.7505459672566368
1.3568703756095848
1.5010995350847678
1.67358590333908
1.7414286716746006
1.745427542586704
1.7474348793713042
1.76025422335362
1.76025556662027
1.764728581709302
1.7647361416257878
1.7647559872509933
1.7689272664028715
1.7689272664028715
1.7689272664028715
1.7689272664028715
1.7689272664028715
1.7689521780412467
1.7689521780412467
1.7689761092973335
1.7689761092973335
1.7690301974616003
1.7690301974616003
1.7690301974616003
1.7732535484578813
1.7732535484578813
1.3568703756095848
1.5892205042217935
1.6986510599120017
1.7790634942295844
1.8060967754567965
1.8204236516478725
1.8204615078748196
1.8204719718807543
1.8204719718807543
1.820571372251997
1.835457641007478
1.8354583953496408
1.8354593219370199
1.8386169397433687
1.8386169397433687
1.8386169397433687
1.8386169397433687
1.8386169397433687
1.8386169397433687
1.838617141706268
1.8386196730074897
1.8386196730074897
1.8386196730074897
1.8386257548100151
1.8386257548100151
1.3568703756095848
1.6091735996704992
1.680653157461698
1.7177605243903717
1.7200864201281705
1.7328760026648542
1.741249545542205
1.7434681141470227
1.7434681141470227
1.7476668345331343
1.7476668345331343
1.751824518129615
1.751824518129615
1.751824518129615
1.7518287170396993
1.7518287170396993
1.7518287170396993
1.7518287170396993
1.7518287170396993
1.7601688474175712
1.7645314840853779
1.7645442499355948
1.7645442499355948
1.7645442499355948
1.7645442499355948
