1.3568703756095848
1.5187267660529957
1.7080154302506576
1.74144967206824
1.7534813292762301
1.7576765410551565
1.7576765410551565
1.7576765410551565
1.7576765410551565
1.7576765410551565
1.7576765410551565
1.7576765410551565
1.7576765410551565
1.7576765410551565
1.7576765410551565
1.7576765410551565
1.7576765410551565
1.7576765410551565
1.7576765410551565
1.7576765410551565
1.7576765410551565
1.7576765410551565
1.7576765410551565
1.7576765410551565
1.7576765410551565
1.3568703756095848
1.5187267660529957
1.7080154302506576
1.74144967206824
1.7534813292762301
1.7576765410551565
1.7576765410551565
1.7576765410551565
1.7576765410551565
1.7576765410551565
1.7576765410551565
1.7576765410551565
1.7576765410551565
1.7576765410551565
1.7576765410551565
1.7576765410551565
1.7576765410551565
1.7576765410551565
1.7576765410551565
1.7576765410551565
1.7576765410551565
1.7576765410551565
1.7576765410551565
1.7576765410551565
1.7576765410551565
1.3568703756095848
1.5187267660529957
1.7080154302506576
1.74144967206824
1.7534813292762301
1.7576765410551565
1.7576765410551565
1.7576765410551565
1.7576765410551565
1.7576765410551565
1.7576765410551565
1.7576765410551565
1.7576765410551565
1.7576765410551565
1.7576765410551565
1.7576765410551565
1.7576765410551565
1.7576765410551565
1.7576765410551565
1.7576765410551565
1.7576765410551565
1.7576765410551565
1.7576765410551565
1.7576765410551565
1.7576765410551565
1.3568703756095848
1.5187267660529957
1.7080154302506576
1.74144967206824
1.7534813292762301
1.7576765410551565
1.7576765410551565
1.7576765410551565
1.7576765410551565
1.7576765410551565
1.7576765410551565
1.7576765410551565
1.7576765410551565
1.7576765410551565
1.7576765410551565
1.7576765410551565
1.7576765410551565
1.7576765410551565
1.7576765410551565
1.7576765410551565
1.7576765410551565
1.7576765410551565
1.7576765410551565
1.7576765410551565
1.7576765410551565
1.3568703756095848
1.5187267660529957
1.7080154302506576
1.74144967206824
1.7534813292762301
1.7576765410551565
1.7576765410551565
1.7576765410551565
1.7576765410551565
1.7576765410551565
1.7576765410551565
1.7576765410551565
1.7576765410551565
1.7576765410551565
1.7576765410551565
1.7576765410551565
1.7576765410551565
1.7576765410551565
1.7576765410551565
1.7576765410551565
1.7576765410551565
1.7576765410551565
1.7576765410551565
1.7576765410551565
1.7576765410551565
1.3568703756095848
1.5187267660529957
1.7080154302506576
1.74144967206824
1.7534813292762301
1.7576765410551565
1.7576765410551565
1.7576765410551565
1.7576765410551565
1.7576765410551565
1.7576765410551565
1.7576765410551565
1.7576765410551565
1.7576765410551565
1.7576765410551565
1.7576765410551565
1.7576765410551565
1.7576765410551565
1.7576765410551565
1.7576765410551565
1.7576765410551565
1.7576765410551565
1.7576765410551565
1.7576765410551565
1.7576765410551565
1.3568703756095848
1.5187267660529957
1.7080154302506576
1.74144967206824
1.7534813292762301
1.7576765410551565
1.7576765410551565
1.7576765410551565
1.7576765410551565
1.7576765410551565
1.7576765410551565
1.7576765410551565
1.7576765410551565
1.7576765410551565
1.7576765410551565
1.7576765410551565
1.7576765410551565
1.7576765410551565
1.7576765410551565
1.7576765410551565
1.7576765410551565
1.7576765410551565
1.7576765410551565
1.7576765410551565
1.7576765410551565
1.3568703756095848
1.5187267660529957
1.7080154302506576
1.74144967206824
1.7534813292762301
1.7576765410551565
1.7576765410551565
1.7576765410551565
1.7576765410551565
1.7576765410551565
1.7576765410551565
1.7576765410551565
1.7576765410551565
1.7576765410551565
1.7576765410551565
1.7576765410551565
1.7576765410551565
1.7576765410551565
1.7576765410551565
1.7576765410551565
1.7576765410551565
1.7576765410551565
1.7576765410551565
1.7576765410551565
1.7576765410551565
