1.8375568207259012
2.213706002923492
2.3468151696275514
2.3468151696275514
2.3944983720223756
2.3944983720223756
2.3944983720223756
2.3944983720223756
2.3944983720223756
2.3944983720223756
2.3944983720223756
2.3944983720223756
2.3944983720223756
2.3944983720223756
2.3944983720223756
2.3944983720223756
2.3944983720223756
2.3944983720223756
2.3944983720223756
2.3944983720223756
2.3944983720223756
2.3944983720223756
2.3944983720223756
2.3944983720223756
2.3944983720223756
1.8375568207259012
2.2065998088444836
2.3068399745840833
2.3068399745840833
2.3068399745840833
2.3068399745840833
2.3068399745840833
2.3944983720223756
2.3944983720223756
2.3944983720223756
2.3944983720223756
2.3944983720223756
2.3944983720223756
2.3944983720223756
2.3944983720223756
2.3944983720223756
2.3944983720223756
2.3944983720223756
2.3944983720223756
2.3944983720223756
2.3944983720223756
2.3944983720223756
2.3944983720223756
2.3944983720223756
2.3944983720223756
