0.7863636363636364	-0.19957664183529458
0.7636363636363637	-0.19065964594262813
0.7772727272727272	-0.19703249906985804
0.7681818181818182	-0.19336811122607817
0.7727272727272727	-0.19441620319146227
0.7818181818181819	-0.19926416558353227
0.7863636363636364	-0.19957664183529458
0.7863636363636364	-0.19957664183529458
0.7863636363636364	-0.19957664183529458
0.7863636363636364	-0.19957664183529458
0.7863636363636364	-0.19957664183529458
0.7863636363636364	-0.19957664183529458
0.7863636363636364	-0.19957664183529458
0.7863636363636364	-0.19957664183529458
0.7863636363636364	-0.19957664183529458
0.7863636363636364	-0.19957664183529458
0.7681818181818182	-0.19336811122607817
0.7863636363636364	-0.19957664183529458
0.7863636363636364	-0.19957664183529458
0.7863636363636364	-0.19957664183529458
0.7863636363636364	-0.19957664183529458
0.7863636363636364	-0.19957664183529458
0.7863636363636364	-0.19957664183529458
0.7863636363636364	-0.19957664183529458
0.7863636363636364	-0.19957664183529458
0.7863636363636364	-0.19957664183529458
0.7863636363636364	-0.19957664183529458
0.7863636363636364	-0.19957664183529458
0.7863636363636364	-0.19957664183529458
0.7863636363636364	-0.19957664183529458
0.7772727272727272	-0.19703249906985804
0.7863636363636364	-0.19957664183529458
0.7863636363636364	-0.19957664183529458
0.7863636363636364	-0.19957664183529458
0.7863636363636364	-0.19957664183529458
0.7863636363636364	-0.19957664183529458
0.7863636363636364	-0.19957664183529458
0.7863636363636364	-0.19957664183529458
0.7863636363636364	-0.19957664183529458
0.7863636363636364	-0.19957664183529458
0.7863636363636364	-0.19957664183529458
0.7863636363636364	-0.19957664183529458
0.7863636363636364	-0.19957664183529458
0.7863636363636364	-0.19957664183529458
0.7863636363636364	-0.19957664183529458
0.7863636363636364	-0.19957664183529458
0.7863636363636364	-0.19957664183529458
0.7863636363636364	-0.19957664183529458
0.7863636363636364	-0.19957664183529458
0.7863636363636364	-0.19957664183529458
0.7863636363636364	-0.19957664183529458
0.7863636363636364	-0.19957664183529458
0.7818181818181819	-0.19926416558353227
0.7863636363636364	-0.19957664183529458
0.7863636363636364	-0.19957664183529458
0.7863636363636364	-0.19957664183529458
0.7863636363636364	-0.19957664183529458
0.7863636363636364	-0.19957664183529458
0.7863636363636364	-0.19957664183529458
0.7863636363636364	-0.19957664183529458
0.7863636363636364	-0.19957664183529458
0.7863636363636364	-0.19957664183529458
0.7863636363636364	-0.19957664183529458
0.7863636363636364	-0.19957664183529458
0.7863636363636364	-0.19957664183529458
0.7863636363636364	-0.19957664183529458
0.7863636363636364	-0.19957664183529458
0.7863636363636364	-0.19957664183529458
0.7863636363636364	-0.19957664183529458
0.7863636363636364	-0.19957664183529458
0.7863636363636364	-0.19957664183529458
0.7863636363636364	-0.19957664183529458
0.7863636363636364	-0.19957664183529458
0.7863636363636364	-0.19957664183529458
0.7863636363636364	-0.19957664183529458
0.7863636363636364	-0.19957664183529458
0.7681818181818182	-0.19336811122607817
0.7863636363636364	-0.19957664183529458
0.7863636363636364	-0.19957664183529458
0.7863636363636364	-0.19957664183529458
0.7863636363636364	-0.19957664183529458
0.7863636363636364	-0.19957664183529458
0.7863636363636364	-0.19957664183529458
0.7863636363636364	-0.19957664183529458
0.7863636363636364	-0.19957664183529458
0.7636363636363637	-0.19065964594262813
0.7863636363636364	-0.19957664183529458
0.7863636363636364	-0.19957664183529458
0.7863636363636364	-0.19957664183529458
0.7863636363636364	-0.19957664183529458
0.7863636363636364	-0.19957664183529458
0.7863636363636364	-0.19957664183529458
0.7863636363636364	-0.19957664183529458
0.7863636363636364	-0.19957664183529458
0.7863636363636364	-0.19957664183529458
0.7863636363636364	-0.19957664183529458
0.7863636363636364	-0.19957664183529458
0.7863636363636364	-0.19957664183529458
0.7863636363636364	-0.19957664183529458
0.7863636363636364	-0.19957664183529458
0.7863636363636364	-0.19957664183529458
0.7863636363636364	-0.19957664183529458
0.7863636363636364	-0.19957664183529458
0.7863636363636364	-0.19957664183529458
0.7863636363636364	-0.19957664183529458
0.7818181818181819	-0.19926416558353227
0.7863636363636364	-0.19957664183529458
0.7863636363636364	-0.19957664183529458
0.7863636363636364	-0.19957664183529458
0.7863636363636364	-0.19957664183529458
0.7863636363636364	-0.19957664183529458
0.7863636363636364	-0.19957664183529458
0.7863636363636364	-0.19957664183529458
0.7863636363636364	-0.19957664183529458
0.7863636363636364	-0.19957664183529458
0.7863636363636364	-0.19957664183529458
0.7863636363636364	-0.19957664183529458
0.7863636363636364	-0.19957664183529458
0.7863636363636364	-0.19957664183529458
0.7863636363636364	-0.19957664183529458
0.7863636363636364	-0.19957664183529458
0.7863636363636364	-0.19957664183529458
0.7863636363636364	-0.19957664183529458
0.7863636363636364	-0.19957664183529458
0.7863636363636364	-0.19957664183529458
0.7863636363636364	-0.19957664183529458
0.7681818181818182	-0.19336811122607817
0.7863636363636364	-0.19957664183529458
0.7863636363636364	-0.19957664183529458
0.7863636363636364	-0.19957664183529458
0.7863636363636364	-0.19957664183529458
0.7863636363636364	-0.19957664183529458
0.7863636363636364	-0.19957664183529458
0.7863636363636364	-0.19957664183529458
0.7863636363636364	-0.19957664183529458
0.7863636363636364	-0.19957664183529458
0.7863636363636364	-0.19957664183529458
0.7863636363636364	-0.19957664183529458
0.7863636363636364	-0.19957664183529458
0.7863636363636364	-0.19957664183529458
0.7863636363636364	-0.19957664183529458
0.7818181818181819	-0.19926416558353227
0.7863636363636364	-0.19957664183529458
0.7863636363636364	-0.19957664183529458
0.7863636363636364	-0.19957664183529458
0.7863636363636364	-0.19957664183529458
0.7863636363636364	-0.19957664183529458
0.7863636363636364	-0.19957664183529458
0.7863636363636364	-0.19957664183529458
0.7863636363636364	-0.19957664183529458
0.7863636363636364	-0.19957664183529458
0.7863636363636364	-0.19957664183529458
0.7863636363636364	-0.19957664183529458
0.7863636363636364	-0.19957664183529458
0.7863636363636364	-0.19957664183529458
0.7863636363636364	-0.19957664183529458
0.7863636363636364	-0.19957664183529458
0.7863636363636364	-0.19957664183529458
0.7863636363636364	-0.19957664183529458
0.7863636363636364	-0.19957664183529458
0.7863636363636364	-0.19957664183529458
0.7863636363636364	-0.19957664183529458
0.7863636363636364	-0.19957664183529458
0.7863636363636364	-0.19957664183529458
0.7863636363636364	-0.19957664183529458
0.7863636363636364	-0.19957664183529458
0.7863636363636364	-0.19957664183529458
0.7863636363636364	-0.19957664183529458
0.7863636363636364	-0.19957664183529458
0.7863636363636364	-0.19957664183529458
0.7863636363636364	-0.19957664183529458
0.7863636363636364	-0.19957664183529458
0.7863636363636364	-0.19957664183529458
0.7681818181818182	-0.19336811122607817
0.7863636363636364	-0.19957664183529458
0.7863636363636364	-0.19957664183529458
0.7863636363636364	-0.19957664183529458
0.7863636363636364	-0.19957664183529458
0.7863636363636364	-0.19957664183529458
0.7863636363636364	-0.19957664183529458
0.7863636363636364	-0.19957664183529458
0.7863636363636364	-0.19957664183529458
0.7863636363636364	-0.19957664183529458
0.7863636363636364	-0.19957664183529458
0.7863636363636364	-0.19957664183529458
0.7863636363636364	-0.19957664183529458
0.7863636363636364	-0.19957664183529458
0.7863636363636364	-0.19957664183529458
0.7863636363636364	-0.19957664183529458
0.7863636363636364	-0.19957664183529458
0.7863636363636364	-0.19957664183529458
0.7863636363636364	-0.19957664183529458
0.7863636363636364	-0.19957664183529458
0.7863636363636364	-0.19957664183529458
0.7863636363636364	-0.19957664183529458
0.7863636363636364	-0.19957664183529458
0.7863636363636364	-0.19957664183529458
0.7863636363636364	-0.19957664183529458
0.7863636363636364	-0.19957664183529458
0.7636363636363637	-0.19065964594262813
