0.7909090909090909	-0.20333173723895856
0.7681818181818182	-0.19267056508021246
0.7863636363636364	-0.2000037579045872
0.7818181818181819	-0.19899268474138107
0.7727272727272727	-0.19540526625719007
0.7772727272727272	-0.19631768079716044
0.7863636363636364	-0.2000037579045872
0.7772727272727272	-0.19631768079716044
0.7772727272727272	-0.19631768079716044
0.7863636363636364	-0.2000037579045872
0.7863636363636364	-0.2000037579045872
0.7863636363636364	-0.2000037579045872
0.7772727272727272	-0.19631768079716044
0.7863636363636364	-0.2000037579045872
0.7863636363636364	-0.2000037579045872
0.7863636363636364	-0.2000037579045872
0.7772727272727272	-0.19631768079716044
0.7909090909090909	-0.20333173723895856
0.7863636363636364	-0.2000037579045872
0.7909090909090909	-0.20333173723895856
0.7909090909090909	-0.20333173723895856
0.7863636363636364	-0.2000037579045872
0.7772727272727272	-0.19631768079716044
0.7863636363636364	-0.2000037579045872
0.7863636363636364	-0.2000037579045872
0.7863636363636364	-0.2000037579045872
0.7772727272727272	-0.19631768079716044
0.7772727272727272	-0.19631768079716044
0.7863636363636364	-0.2000037579045872
0.7727272727272727	-0.19540526625719007
0.7863636363636364	-0.2000037579045872
0.7772727272727272	-0.19631768079716044
0.7772727272727272	-0.19631768079716044
0.7863636363636364	-0.2000037579045872
0.7863636363636364	-0.2000037579045872
0.7863636363636364	-0.2000037579045872
0.7863636363636364	-0.2000037579045872
0.7772727272727272	-0.19631768079716044
0.7863636363636364	-0.2000037579045872
0.7863636363636364	-0.2000037579045872
0.7909090909090909	-0.20333173723895856
0.7863636363636364	-0.2000037579045872
0.7863636363636364	-0.2000037579045872
0.7772727272727272	-0.19631768079716044
0.7772727272727272	-0.19631768079716044
0.7863636363636364	-0.2000037579045872
0.7909090909090909	-0.20333173723895856
0.7727272727272727	-0.19540526625719007
0.7772727272727272	-0.19631768079716044
0.7863636363636364	-0.2000037579045872
0.7772727272727272	-0.19631768079716044
0.7772727272727272	-0.19631768079716044
0.7863636363636364	-0.2000037579045872
0.7909090909090909	-0.20333173723895856
0.7863636363636364	-0.2000037579045872
0.7909090909090909	-0.20333173723895856
0.7863636363636364	-0.2000037579045872
0.7772727272727272	-0.19631768079716044
0.7863636363636364	-0.2000037579045872
0.7772727272727272	-0.19631768079716044
0.7863636363636364	-0.2000037579045872
0.7863636363636364	-0.2000037579045872
0.7863636363636364	-0.2000037579045872
0.7772727272727272	-0.19631768079716044
0.7772727272727272	-0.19631768079716044
0.7863636363636364	-0.2000037579045872
0.7863636363636364	-0.2000037579045872
0.7863636363636364	-0.2000037579045872
0.7772727272727272	-0.19631768079716044
0.7863636363636364	-0.2000037579045872
0.7863636363636364	-0.2000037579045872
0.7772727272727272	-0.19631768079716044
0.7909090909090909	-0.20333173723895856
0.7863636363636364	-0.2000037579045872
0.7863636363636364	-0.2000037579045872
0.7772727272727272	-0.19631768079716044
0.7909090909090909	-0.20333173723895856
0.7863636363636364	-0.2000037579045872
0.7863636363636364	-0.2000037579045872
0.7863636363636364	-0.2000037579045872
0.7772727272727272	-0.19631768079716044
0.7772727272727272	-0.19631768079716044
0.7863636363636364	-0.2000037579045872
0.7863636363636364	-0.2000037579045872
0.7818181818181819	-0.19899268474138107
0.7863636363636364	-0.2000037579045872
0.7909090909090909	-0.20333173723895856
0.7772727272727272	-0.19631768079716044
0.7863636363636364	-0.2000037579045872
0.7772727272727272	-0.19631768079716044
0.7863636363636364	-0.2000037579045872
0.7863636363636364	-0.2000037579045872
0.7863636363636364	-0.2000037579045872
0.7909090909090909	-0.20333173723895856
0.7909090909090909	-0.20333173723895856
0.7863636363636364	-0.2000037579045872
0.7772727272727272	-0.19631768079716044
0.7772727272727272	-0.19631768079716044
0.7863636363636364	-0.2000037579045872
0.7863636363636364	-0.2000037579045872
0.7727272727272727	-0.19540526625719007
0.7772727272727272	-0.19631768079716044
0.7863636363636364	-0.2000037579045872
0.7909090909090909	-0.20333173723895856
0.7727272727272727	-0.19540526625719007
0.7863636363636364	-0.2000037579045872
0.7772727272727272	-0.19631768079716044
0.7863636363636364	-0.2000037579045872
0.7727272727272727	-0.19540526625719007
0.7772727272727272	-0.19631768079716044
0.7772727272727272	-0.19631768079716044
0.7772727272727272	-0.19631768079716044
0.7863636363636364	-0.2000037579045872
0.7772727272727272	-0.19631768079716044
0.7772727272727272	-0.19631768079716044
0.7863636363636364	-0.2000037579045872
0.7863636363636364	-0.2000037579045872
0.7863636363636364	-0.2000037579045872
0.7863636363636364	-0.2000037579045872
0.7863636363636364	-0.2000037579045872
0.7863636363636364	-0.2000037579045872
0.7772727272727272	-0.19631768079716044
0.7863636363636364	-0.2000037579045872
0.7863636363636364	-0.2000037579045872
0.7772727272727272	-0.19631768079716044
0.7863636363636364	-0.2000037579045872
0.7863636363636364	-0.2000037579045872
0.7863636363636364	-0.2000037579045872
0.7772727272727272	-0.19631768079716044
0.7863636363636364	-0.2000037579045872
0.7863636363636364	-0.2000037579045872
0.7863636363636364	-0.2000037579045872
0.7863636363636364	-0.2000037579045872
0.7863636363636364	-0.2000037579045872
0.7909090909090909	-0.20333173723895856
0.7772727272727272	-0.19631768079716044
0.7863636363636364	-0.2000037579045872
0.7863636363636364	-0.2000037579045872
0.7772727272727272	-0.19631768079716044
0.7909090909090909	-0.20333173723895856
0.7909090909090909	-0.20333173723895856
0.7863636363636364	-0.2000037579045872
0.7863636363636364	-0.2000037579045872
0.7863636363636364	-0.2000037579045872
0.7772727272727272	-0.19631768079716044
0.7772727272727272	-0.19631768079716044
0.7863636363636364	-0.2000037579045872
0.7772727272727272	-0.19631768079716044
0.7772727272727272	-0.19631768079716044
0.7863636363636364	-0.2000037579045872
0.7909090909090909	-0.20333173723895856
0.7772727272727272	-0.19631768079716044
0.7863636363636364	-0.2000037579045872
0.7818181818181819	-0.19899268474138107
0.7909090909090909	-0.20333173723895856
0.7863636363636364	-0.2000037579045872
0.7863636363636364	-0.2000037579045872
0.7863636363636364	-0.2000037579045872
0.7863636363636364	-0.2000037579045872
0.7772727272727272	-0.19631768079716044
0.7863636363636364	-0.2000037579045872
0.7863636363636364	-0.2000037579045872
0.7772727272727272	-0.19631768079716044
0.7909090909090909	-0.20333173723895856
0.7863636363636364	-0.2000037579045872
0.7863636363636364	-0.2000037579045872
0.7863636363636364	-0.2000037579045872
0.7863636363636364	-0.2000037579045872
0.7909090909090909	-0.20333173723895856
0.7772727272727272	-0.19631768079716044
0.7863636363636364	-0.2000037579045872
0.7863636363636364	-0.2000037579045872
0.7863636363636364	-0.2000037579045872
0.7909090909090909	-0.20333173723895856
0.7727272727272727	-0.19540526625719007
0.7863636363636364	-0.2000037579045872
0.7863636363636364	-0.2000037579045872
0.7772727272727272	-0.19631768079716044
0.7772727272727272	-0.19631768079716044
0.7863636363636364	-0.2000037579045872
0.7772727272727272	-0.19631768079716044
0.7863636363636364	-0.2000037579045872
0.7772727272727272	-0.19631768079716044
0.7772727272727272	-0.19631768079716044
0.7863636363636364	-0.2000037579045872
0.7863636363636364	-0.2000037579045872
0.7772727272727272	-0.19631768079716044
0.7863636363636364	-0.2000037579045872
0.7818181818181819	-0.19899268474138107
0.7863636363636364	-0.2000037579045872
0.7772727272727272	-0.19631768079716044
0.7863636363636364	-0.2000037579045872
0.7772727272727272	-0.19631768079716044
0.7863636363636364	-0.2000037579045872
0.7772727272727272	-0.19631768079716044
0.7772727272727272	-0.19631768079716044
0.7863636363636364	-0.2000037579045872
0.7863636363636364	-0.2000037579045872
0.7863636363636364	-0.2000037579045872
0.7863636363636364	-0.2000037579045872
