0.7636363636363637	-0.19565509804944337
0.7863636363636364	-0.2044969282529566
0.7818181818181819	-0.19957836347895125
0.7727272727272727	-0.19602496789808133
0.7772727272727272	-0.19854604158147998
0.7818181818181819	-0.19957836347895125
0.7818181818181819	-0.19957836347895125
0.7636363636363637	-0.19565509804944337
0.7818181818181819	-0.19957836347895125
0.7818181818181819	-0.19957836347895125
0.7818181818181819	-0.19957836347895125
0.7818181818181819	-0.19957836347895125
0.7818181818181819	-0.19957836347895125
0.7818181818181819	-0.19957836347895125
0.7863636363636364	-0.2044969282529566
0.7818181818181819	-0.19957836347895125
0.7636363636363637	-0.19565509804944337
0.7818181818181819	-0.19957836347895125
0.7727272727272727	-0.19602496789808133
0.7863636363636364	-0.2044969282529566
0.7818181818181819	-0.19957836347895125
0.7818181818181819	-0.19957836347895125
0.7818181818181819	-0.19957836347895125
0.7727272727272727	-0.19602496789808133
0.7818181818181819	-0.19957836347895125
0.7818181818181819	-0.19957836347895125
0.7818181818181819	-0.19957836347895125
0.7818181818181819	-0.19957836347895125
0.7863636363636364	-0.2044969282529566
0.7727272727272727	-0.19602496789808133
0.7818181818181819	-0.19957836347895125
0.7727272727272727	-0.19602496789808133
0.7727272727272727	-0.19602496789808133
0.7818181818181819	-0.19957836347895125
0.7818181818181819	-0.19957836347895125
0.7727272727272727	-0.19602496789808133
0.7818181818181819	-0.19957836347895125
0.7727272727272727	-0.19602496789808133
0.7727272727272727	-0.19602496789808133
0.7818181818181819	-0.19957836347895125
0.7818181818181819	-0.19957836347895125
0.7818181818181819	-0.19957836347895125
0.7818181818181819	-0.19957836347895125
0.7818181818181819	-0.19957836347895125
0.7727272727272727	-0.19602496789808133
0.7727272727272727	-0.19602496789808133
0.7818181818181819	-0.19957836347895125
0.7863636363636364	-0.2044969282529566
0.7727272727272727	-0.19602496789808133
0.7818181818181819	-0.19957836347895125
0.7863636363636364	-0.2044969282529566
0.7818181818181819	-0.19957836347895125
0.7818181818181819	-0.19957836347895125
0.7818181818181819	-0.19957836347895125
0.7727272727272727	-0.19602496789808133
0.7818181818181819	-0.19957836347895125
0.7863636363636364	-0.2044969282529566
0.7818181818181819	-0.19957836347895125
0.7818181818181819	-0.19957836347895125
0.7727272727272727	-0.19602496789808133
0.7818181818181819	-0.19957836347895125
0.7818181818181819	-0.19957836347895125
0.7772727272727272	-0.19854604158147998
0.7818181818181819	-0.19957836347895125
0.7863636363636364	-0.2044969282529566
0.7818181818181819	-0.19957836347895125
0.7818181818181819	-0.19957836347895125
0.7818181818181819	-0.19957836347895125
0.7818181818181819	-0.19957836347895125
0.7818181818181819	-0.19957836347895125
0.7818181818181819	-0.19957836347895125
0.7818181818181819	-0.19957836347895125
0.7818181818181819	-0.19957836347895125
0.7727272727272727	-0.19602496789808133
0.7727272727272727	-0.19602496789808133
0.7818181818181819	-0.19957836347895125
0.7818181818181819	-0.19957836347895125
0.7818181818181819	-0.19957836347895125
0.7818181818181819	-0.19957836347895125
0.7772727272727272	-0.19854604158147998
0.7863636363636364	-0.2044969282529566
0.7863636363636364	-0.2044969282529566
0.7636363636363637	-0.19565509804944337
0.7727272727272727	-0.19602496789808133
0.7818181818181819	-0.19957836347895125
0.7818181818181819	-0.19957836347895125
0.7818181818181819	-0.19957836347895125
0.7818181818181819	-0.19957836347895125
0.7818181818181819	-0.19957836347895125
0.7818181818181819	-0.19957836347895125
0.7818181818181819	-0.19957836347895125
0.7863636363636364	-0.2044969282529566
0.7818181818181819	-0.19957836347895125
0.7727272727272727	-0.19602496789808133
0.7818181818181819	-0.19957836347895125
0.7636363636363637	-0.19565509804944337
0.7818181818181819	-0.19957836347895125
0.7818181818181819	-0.19957836347895125
0.7818181818181819	-0.19957836347895125
0.7727272727272727	-0.19602496789808133
0.7818181818181819	-0.19957836347895125
0.7863636363636364	-0.2044969282529566
0.7818181818181819	-0.19957836347895125
0.7818181818181819	-0.19957836347895125
0.7818181818181819	-0.19957836347895125
0.7818181818181819	-0.19957836347895125
0.7818181818181819	-0.19957836347895125
0.7818181818181819	-0.19957836347895125
0.7863636363636364	-0.2044969282529566
0.7818181818181819	-0.19957836347895125
0.7818181818181819	-0.19957836347895125
0.7818181818181819	-0.19957836347895125
0.7818181818181819	-0.19957836347895125
0.7818181818181819	-0.19957836347895125
0.7818181818181819	-0.19957836347895125
0.7818181818181819	-0.19957836347895125
0.7818181818181819	-0.19957836347895125
0.7863636363636364	-0.2044969282529566
0.7727272727272727	-0.19602496789808133
0.7818181818181819	-0.19957836347895125
0.7863636363636364	-0.2044969282529566
0.7818181818181819	-0.19957836347895125
0.7727272727272727	-0.19602496789808133
0.7818181818181819	-0.19957836347895125
0.7818181818181819	-0.19957836347895125
0.7818181818181819	-0.19957836347895125
0.7818181818181819	-0.19957836347895125
0.7818181818181819	-0.19957836347895125
0.7818181818181819	-0.19957836347895125
0.7727272727272727	-0.19602496789808133
0.7818181818181819	-0.19957836347895125
0.7727272727272727	-0.19602496789808133
0.7818181818181819	-0.19957836347895125
0.7818181818181819	-0.19957836347895125
0.7863636363636364	-0.2044969282529566
0.7818181818181819	-0.19957836347895125
0.7818181818181819	-0.19957836347895125
0.7818181818181819	-0.19957836347895125
0.7818181818181819	-0.19957836347895125
0.7727272727272727	-0.19602496789808133
0.7818181818181819	-0.19957836347895125
0.7863636363636364	-0.2044969282529566
0.7727272727272727	-0.19602496789808133
0.7818181818181819	-0.19957836347895125
0.7727272727272727	-0.19602496789808133
0.7863636363636364	-0.2044969282529566
0.7818181818181819	-0.19957836347895125
0.7818181818181819	-0.19957836347895125
0.7818181818181819	-0.19957836347895125
0.7818181818181819	-0.19957836347895125
0.7818181818181819	-0.19957836347895125
0.7818181818181819	-0.19957836347895125
0.7818181818181819	-0.19957836347895125
0.7818181818181819	-0.19957836347895125
0.7818181818181819	-0.19957836347895125
0.7818181818181819	-0.19957836347895125
0.7727272727272727	-0.19602496789808133
0.7818181818181819	-0.19957836347895125
0.7727272727272727	-0.19602496789808133
0.7818181818181819	-0.19957836347895125
0.7818181818181819	-0.19957836347895125
0.7727272727272727	-0.19602496789808133
0.7818181818181819	-0.19957836347895125
0.7818181818181819	-0.19957836347895125
0.7636363636363637	-0.19565509804944337
0.7818181818181819	-0.19957836347895125
0.7818181818181819	-0.19957836347895125
0.7818181818181819	-0.19957836347895125
0.7818181818181819	-0.19957836347895125
0.7863636363636364	-0.2044969282529566
0.7818181818181819	-0.19957836347895125
0.7636363636363637	-0.19565509804944337
0.7727272727272727	-0.19602496789808133
0.7818181818181819	-0.19957836347895125
0.7818181818181819	-0.19957836347895125
0.7727272727272727	-0.19602496789808133
0.7818181818181819	-0.19957836347895125
0.7818181818181819	-0.19957836347895125
0.7818181818181819	-0.19957836347895125
0.7818181818181819	-0.19957836347895125
0.7818181818181819	-0.19957836347895125
0.7727272727272727	-0.19602496789808133
0.7818181818181819	-0.19957836347895125
0.7818181818181819	-0.19957836347895125
0.7818181818181819	-0.19957836347895125
0.7863636363636364	-0.2044969282529566
0.7818181818181819	-0.19957836347895125
0.7818181818181819	-0.19957836347895125
0.7818181818181819	-0.19957836347895125
0.7818181818181819	-0.19957836347895125
0.7818181818181819	-0.19957836347895125
0.7818181818181819	-0.19957836347895125
0.7818181818181819	-0.19957836347895125
0.7818181818181819	-0.19957836347895125
0.7818181818181819	-0.19957836347895125
0.7818181818181819	-0.19957836347895125
0.7636363636363637	-0.19565509804944337
0.7818181818181819	-0.19957836347895125
0.7727272727272727	-0.19602496789808133
0.7818181818181819	-0.19957836347895125
