0.759090909090909	-0.19834513958485223
0.7818181818181819	-0.20463478707372357
0.7681818181818182	-0.20015936959531683
0.7772727272727272	-0.20190027348671596
0.7727272727272727	-0.20173917467127828
0.7772727272727272	-0.20190027348671596
0.7727272727272727	-0.20173917467127828
0.7772727272727272	-0.20190027348671596
0.7772727272727272	-0.20190027348671596
0.7727272727272727	-0.20173917467127828
0.7772727272727272	-0.20190027348671596
0.7727272727272727	-0.20173917467127828
0.7772727272727272	-0.20190027348671596
0.7727272727272727	-0.20173917467127828
0.7772727272727272	-0.20190027348671596
0.7772727272727272	-0.20190027348671596
0.7772727272727272	-0.20190027348671596
0.7727272727272727	-0.20173917467127828
0.7772727272727272	-0.20190027348671596
0.7772727272727272	-0.20190027348671596
0.7772727272727272	-0.20190027348671596
0.7727272727272727	-0.20173917467127828
0.7727272727272727	-0.20173917467127828
0.7772727272727272	-0.20190027348671596
0.7772727272727272	-0.20190027348671596
0.7727272727272727	-0.20173917467127828
0.7772727272727272	-0.20190027348671596
0.7727272727272727	-0.20173917467127828
0.7772727272727272	-0.20190027348671596
0.7772727272727272	-0.20190027348671596
0.7727272727272727	-0.20173917467127828
0.7772727272727272	-0.20190027348671596
0.7727272727272727	-0.20173917467127828
0.7772727272727272	-0.20190027348671596
0.7772727272727272	-0.20190027348671596
0.7772727272727272	-0.20190027348671596
0.7772727272727272	-0.20190027348671596
0.7727272727272727	-0.20173917467127828
0.7818181818181819	-0.20463478707372357
0.7772727272727272	-0.20190027348671596
0.7772727272727272	-0.20190027348671596
0.7772727272727272	-0.20190027348671596
0.759090909090909	-0.19834513958485223
0.7772727272727272	-0.20190027348671596
0.7772727272727272	-0.20190027348671596
0.7772727272727272	-0.20190027348671596
0.7772727272727272	-0.20190027348671596
0.7772727272727272	-0.20190027348671596
0.7772727272727272	-0.20190027348671596
0.7772727272727272	-0.20190027348671596
0.7772727272727272	-0.20190027348671596
0.7818181818181819	-0.20463478707372357
0.7727272727272727	-0.20173917467127828
0.7772727272727272	-0.20190027348671596
0.7727272727272727	-0.20173917467127828
0.7727272727272727	-0.20173917467127828
0.7818181818181819	-0.20463478707372357
0.7772727272727272	-0.20190027348671596
0.7727272727272727	-0.20173917467127828
0.7772727272727272	-0.20190027348671596
0.759090909090909	-0.19834513958485223
0.7727272727272727	-0.20173917467127828
0.7772727272727272	-0.20190027348671596
0.7727272727272727	-0.20173917467127828
0.7727272727272727	-0.20173917467127828
0.7772727272727272	-0.20190027348671596
0.7772727272727272	-0.20190027348671596
0.7772727272727272	-0.20190027348671596
0.7772727272727272	-0.20190027348671596
0.7772727272727272	-0.20190027348671596
0.7772727272727272	-0.20190027348671596
0.7772727272727272	-0.20190027348671596
0.7772727272727272	-0.20190027348671596
0.7772727272727272	-0.20190027348671596
0.7772727272727272	-0.20190027348671596
0.7727272727272727	-0.20173917467127828
0.7681818181818182	-0.20015936959531683
0.7772727272727272	-0.20190027348671596
0.7727272727272727	-0.20173917467127828
0.7772727272727272	-0.20190027348671596
0.7772727272727272	-0.20190027348671596
0.7772727272727272	-0.20190027348671596
0.7727272727272727	-0.20173917467127828
0.7772727272727272	-0.20190027348671596
0.7818181818181819	-0.20463478707372357
0.7727272727272727	-0.20173917467127828
0.7772727272727272	-0.20190027348671596
0.7818181818181819	-0.20463478707372357
0.7772727272727272	-0.20190027348671596
0.7772727272727272	-0.20190027348671596
0.7772727272727272	-0.20190027348671596
0.7772727272727272	-0.20190027348671596
0.7727272727272727	-0.20173917467127828
0.7772727272727272	-0.20190027348671596
0.7772727272727272	-0.20190027348671596
0.7772727272727272	-0.20190027348671596
0.7772727272727272	-0.20190027348671596
0.7772727272727272	-0.20190027348671596
0.7727272727272727	-0.20173917467127828
0.759090909090909	-0.19834513958485223
0.7727272727272727	-0.20173917467127828
0.7818181818181819	-0.20463478707372357
0.7727272727272727	-0.20173917467127828
0.7772727272727272	-0.20190027348671596
0.7727272727272727	-0.20173917467127828
0.7772727272727272	-0.20190027348671596
0.7772727272727272	-0.20190027348671596
0.7727272727272727	-0.20173917467127828
0.7772727272727272	-0.20190027348671596
0.7772727272727272	-0.20190027348671596
0.7772727272727272	-0.20190027348671596
0.7772727272727272	-0.20190027348671596
0.7772727272727272	-0.20190027348671596
0.7772727272727272	-0.20190027348671596
0.7772727272727272	-0.20190027348671596
0.7772727272727272	-0.20190027348671596
0.7772727272727272	-0.20190027348671596
0.7772727272727272	-0.20190027348671596
0.7727272727272727	-0.20173917467127828
0.7772727272727272	-0.20190027348671596
0.7727272727272727	-0.20173917467127828
0.7727272727272727	-0.20173917467127828
0.7727272727272727	-0.20173917467127828
0.7772727272727272	-0.20190027348671596
0.7772727272727272	-0.20190027348671596
0.7772727272727272	-0.20190027348671596
0.7772727272727272	-0.20190027348671596
0.7772727272727272	-0.20190027348671596
0.7772727272727272	-0.20190027348671596
0.7727272727272727	-0.20173917467127828
0.7727272727272727	-0.20173917467127828
0.7772727272727272	-0.20190027348671596
0.7772727272727272	-0.20190027348671596
0.7772727272727272	-0.20190027348671596
0.7681818181818182	-0.20015936959531683
0.7772727272727272	-0.20190027348671596
0.7727272727272727	-0.20173917467127828
0.7681818181818182	-0.20015936959531683
0.7772727272727272	-0.20190027348671596
0.7772727272727272	-0.20190027348671596
0.7772727272727272	-0.20190027348671596
0.7772727272727272	-0.20190027348671596
0.7772727272727272	-0.20190027348671596
0.7681818181818182	-0.20015936959531683
0.7727272727272727	-0.20173917467127828
0.7681818181818182	-0.20015936959531683
0.759090909090909	-0.19834513958485223
0.7772727272727272	-0.20190027348671596
0.7727272727272727	-0.20173917467127828
0.7727272727272727	-0.20173917467127828
0.7772727272727272	-0.20190027348671596
0.7727272727272727	-0.20173917467127828
0.7772727272727272	-0.20190027348671596
0.7772727272727272	-0.20190027348671596
0.7727272727272727	-0.20173917467127828
0.759090909090909	-0.19834513958485223
0.7772727272727272	-0.20190027348671596
0.7772727272727272	-0.20190027348671596
0.7727272727272727	-0.20173917467127828
0.7772727272727272	-0.20190027348671596
0.7772727272727272	-0.20190027348671596
0.7772727272727272	-0.20190027348671596
0.7772727272727272	-0.20190027348671596
0.7727272727272727	-0.20173917467127828
0.7772727272727272	-0.20190027348671596
0.7727272727272727	-0.20173917467127828
0.7727272727272727	-0.20173917467127828
0.7772727272727272	-0.20190027348671596
0.7727272727272727	-0.20173917467127828
0.7727272727272727	-0.20173917467127828
0.7727272727272727	-0.20173917467127828
0.7772727272727272	-0.20190027348671596
0.7727272727272727	-0.20173917467127828
0.7772727272727272	-0.20190027348671596
0.7772727272727272	-0.20190027348671596
0.7727272727272727	-0.20173917467127828
0.7772727272727272	-0.20190027348671596
0.7727272727272727	-0.20173917467127828
0.7772727272727272	-0.20190027348671596
0.7772727272727272	-0.20190027348671596
0.7772727272727272	-0.20190027348671596
0.7818181818181819	-0.20463478707372357
0.7772727272727272	-0.20190027348671596
0.7772727272727272	-0.20190027348671596
0.7727272727272727	-0.20173917467127828
0.7772727272727272	-0.20190027348671596
0.7772727272727272	-0.20190027348671596
0.7772727272727272	-0.20190027348671596
0.7772727272727272	-0.20190027348671596
0.7772727272727272	-0.20190027348671596
0.759090909090909	-0.19834513958485223
0.7727272727272727	-0.20173917467127828
0.7727272727272727	-0.20173917467127828
0.7772727272727272	-0.20190027348671596
0.7772727272727272	-0.20190027348671596
0.7772727272727272	-0.20190027348671596
0.7772727272727272	-0.20190027348671596
0.7681818181818182	-0.20015936959531683
0.7772727272727272	-0.20190027348671596
0.7772727272727272	-0.20190027348671596
