0.7727272727272727	-0.1973428425983718
0.7863636363636364	-0.202894448497212
0.7818181818181819	-0.1987022185870971
0.7772727272727272	-0.19787056242417875
0.7772727272727272	-0.19787056242417875
0.7818181818181819	-0.1987022185870971
0.7772727272727272	-0.19787056242417875
0.7818181818181819	-0.1987022185870971
0.7772727272727272	-0.19787056242417875
0.7818181818181819	-0.1987022185870971
0.7772727272727272	-0.19787056242417875
0.7772727272727272	-0.19787056242417875
0.7818181818181819	-0.1987022185870971
0.7818181818181819	-0.1987022185870971
0.7818181818181819	-0.1987022185870971
0.7772727272727272	-0.19787056242417875
0.7772727272727272	-0.19787056242417875
0.7772727272727272	-0.19787056242417875
0.7818181818181819	-0.1987022185870971
0.7863636363636364	-0.202894448497212
0.7772727272727272	-0.19787056242417875
0.7818181818181819	-0.1987022185870971
0.7818181818181819	-0.1987022185870971
0.7772727272727272	-0.19787056242417875
0.7772727272727272	-0.19787056242417875
0.7818181818181819	-0.1987022185870971
0.7818181818181819	-0.1987022185870971
0.7772727272727272	-0.19787056242417875
0.7772727272727272	-0.19787056242417875
0.7772727272727272	-0.19787056242417875
0.7772727272727272	-0.19787056242417875
0.7772727272727272	-0.19787056242417875
0.7818181818181819	-0.1987022185870971
0.7818181818181819	-0.1987022185870971
0.7772727272727272	-0.19787056242417875
0.7818181818181819	-0.1987022185870971
0.7772727272727272	-0.19787056242417875
0.7772727272727272	-0.19787056242417875
0.7727272727272727	-0.1973428425983718
0.7818181818181819	-0.1987022185870971
0.7818181818181819	-0.1987022185870971
0.7772727272727272	-0.19787056242417875
0.7727272727272727	-0.1973428425983718
0.7772727272727272	-0.19787056242417875
0.7772727272727272	-0.19787056242417875
0.7818181818181819	-0.1987022185870971
0.7772727272727272	-0.19787056242417875
0.7772727272727272	-0.19787056242417875
0.7818181818181819	-0.1987022185870971
0.7772727272727272	-0.19787056242417875
0.7727272727272727	-0.1973428425983718
0.7818181818181819	-0.1987022185870971
0.7772727272727272	-0.19787056242417875
0.7772727272727272	-0.19787056242417875
0.7772727272727272	-0.19787056242417875
0.7818181818181819	-0.1987022185870971
0.7772727272727272	-0.19787056242417875
0.7772727272727272	-0.19787056242417875
0.7818181818181819	-0.1987022185870971
0.7772727272727272	-0.19787056242417875
0.7772727272727272	-0.19787056242417875
0.7772727272727272	-0.19787056242417875
0.7772727272727272	-0.19787056242417875
0.7772727272727272	-0.19787056242417875
0.7772727272727272	-0.19787056242417875
0.7818181818181819	-0.1987022185870971
0.7772727272727272	-0.19787056242417875
0.7772727272727272	-0.19787056242417875
0.7772727272727272	-0.19787056242417875
0.7772727272727272	-0.19787056242417875
0.7818181818181819	-0.1987022185870971
0.7772727272727272	-0.19787056242417875
0.7818181818181819	-0.1987022185870971
0.7772727272727272	-0.19787056242417875
0.7818181818181819	-0.1987022185870971
0.7818181818181819	-0.1987022185870971
0.7772727272727272	-0.19787056242417875
0.7772727272727272	-0.19787056242417875
0.7772727272727272	-0.19787056242417875
0.7818181818181819	-0.1987022185870971
0.7772727272727272	-0.19787056242417875
0.7818181818181819	-0.1987022185870971
0.7772727272727272	-0.19787056242417875
0.7772727272727272	-0.19787056242417875
0.7772727272727272	-0.19787056242417875
0.7818181818181819	-0.1987022185870971
0.7772727272727272	-0.19787056242417875
0.7727272727272727	-0.1973428425983718
0.7818181818181819	-0.1987022185870971
0.7818181818181819	-0.1987022185870971
0.7818181818181819	-0.1987022185870971
0.7772727272727272	-0.19787056242417875
0.7818181818181819	-0.1987022185870971
0.7772727272727272	-0.19787056242417875
0.7772727272727272	-0.19787056242417875
0.7772727272727272	-0.19787056242417875
0.7772727272727272	-0.19787056242417875
0.7772727272727272	-0.19787056242417875
0.7818181818181819	-0.1987022185870971
0.7772727272727272	-0.19787056242417875
0.7772727272727272	-0.19787056242417875
0.7772727272727272	-0.19787056242417875
0.7772727272727272	-0.19787056242417875
0.7818181818181819	-0.1987022185870971
0.7772727272727272	-0.19787056242417875
0.7772727272727272	-0.19787056242417875
0.7772727272727272	-0.19787056242417875
0.7772727272727272	-0.19787056242417875
0.7818181818181819	-0.1987022185870971
0.7772727272727272	-0.19787056242417875
0.7818181818181819	-0.1987022185870971
0.7818181818181819	-0.1987022185870971
0.7772727272727272	-0.19787056242417875
0.7818181818181819	-0.1987022185870971
0.7818181818181819	-0.1987022185870971
0.7818181818181819	-0.1987022185870971
0.7772727272727272	-0.19787056242417875
0.7818181818181819	-0.1987022185870971
0.7772727272727272	-0.19787056242417875
0.7772727272727272	-0.19787056242417875
0.7818181818181819	-0.1987022185870971
0.7772727272727272	-0.19787056242417875
0.7772727272727272	-0.19787056242417875
0.7818181818181819	-0.1987022185870971
0.7772727272727272	-0.19787056242417875
0.7818181818181819	-0.1987022185870971
0.7863636363636364	-0.202894448497212
0.7818181818181819	-0.1987022185870971
0.7772727272727272	-0.19787056242417875
0.7772727272727272	-0.19787056242417875
0.7818181818181819	-0.1987022185870971
0.7818181818181819	-0.1987022185870971
0.7772727272727272	-0.19787056242417875
0.7772727272727272	-0.19787056242417875
0.7772727272727272	-0.19787056242417875
0.7818181818181819	-0.1987022185870971
0.7772727272727272	-0.19787056242417875
0.7772727272727272	-0.19787056242417875
0.7772727272727272	-0.19787056242417875
0.7818181818181819	-0.1987022185870971
0.7772727272727272	-0.19787056242417875
0.7818181818181819	-0.1987022185870971
0.7818181818181819	-0.1987022185870971
0.7818181818181819	-0.1987022185870971
0.7772727272727272	-0.19787056242417875
0.7818181818181819	-0.1987022185870971
0.7818181818181819	-0.1987022185870971
0.7772727272727272	-0.19787056242417875
0.7772727272727272	-0.19787056242417875
0.7772727272727272	-0.19787056242417875
0.7818181818181819	-0.1987022185870971
0.7772727272727272	-0.19787056242417875
0.7818181818181819	-0.1987022185870971
0.7772727272727272	-0.19787056242417875
0.7772727272727272	-0.19787056242417875
0.7863636363636364	-0.202894448497212
0.7772727272727272	-0.19787056242417875
0.7772727272727272	-0.19787056242417875
0.7772727272727272	-0.19787056242417875
0.7772727272727272	-0.19787056242417875
0.7772727272727272	-0.19787056242417875
0.7818181818181819	-0.1987022185870971
0.7772727272727272	-0.19787056242417875
0.7772727272727272	-0.19787056242417875
0.7772727272727272	-0.19787056242417875
0.7772727272727272	-0.19787056242417875
0.7818181818181819	-0.1987022185870971
0.7772727272727272	-0.19787056242417875
0.7818181818181819	-0.1987022185870971
0.7863636363636364	-0.202894448497212
0.7772727272727272	-0.19787056242417875
0.7772727272727272	-0.19787056242417875
0.7772727272727272	-0.19787056242417875
0.7818181818181819	-0.1987022185870971
0.7818181818181819	-0.1987022185870971
0.7772727272727272	-0.19787056242417875
0.7772727272727272	-0.19787056242417875
0.7772727272727272	-0.19787056242417875
0.7863636363636364	-0.202894448497212
0.7772727272727272	-0.19787056242417875
0.7818181818181819	-0.1987022185870971
0.7772727272727272	-0.19787056242417875
0.7772727272727272	-0.19787056242417875
0.7772727272727272	-0.19787056242417875
0.7772727272727272	-0.19787056242417875
0.7818181818181819	-0.1987022185870971
0.7863636363636364	-0.202894448497212
0.7818181818181819	-0.1987022185870971
0.7818181818181819	-0.1987022185870971
0.7772727272727272	-0.19787056242417875
0.7818181818181819	-0.1987022185870971
0.7772727272727272	-0.19787056242417875
0.7772727272727272	-0.19787056242417875
0.7772727272727272	-0.19787056242417875
0.7818181818181819	-0.1987022185870971
0.7772727272727272	-0.19787056242417875
0.7772727272727272	-0.19787056242417875
0.7818181818181819	-0.1987022185870971
0.7818181818181819	-0.1987022185870971
0.7772727272727272	-0.19787056242417875
