1.346663058318116
1.8505301647085597
1.9397308089795664
2.0028675721864415
2.009309786801132
2.0093701312857104
2.009370661293111
2.020692301459012
2.0252748130338323
2.0253227461223364
2.025326831974455
2.0253284089730204
2.0253284089730204
2.0253284089730204
2.0253284089730204
2.0253284089730204
2.032066518433431
2.032066518433431
2.032066518433431
2.032066518433431
2.032066518433431
2.032066518433431
2.032066518433431
2.032066518433431
2.032066518433431
1.346663058318116
1.8407099827584428
1.9257894413360892
1.9578158495167286
1.9823466155813643
1.9841622001612633
1.9846322839741317
1.9993285037389925
2.0008261686795867
2.000827932317966
2.0039631513299896
2.0086310386669393
2.0086310386669393
2.0086506173132674
2.0093540624128767
2.014405699150723
2.014489938874274
2.014489938874274
2.014497899849903
2.019078250336635
2.019085690740464
2.019091353591148
2.019091353591148
2.019091353591148
2.019091353591148
