1.346663058318116
1.8505301647085597
1.9397308089795664
2.0028675721864415
2.009309786801132
2.0093701312857104
2.009370661293111
2.020692301459012
2.0252748130338323
2.0253227461223364
2.025326831974455
2.0253284089730204
2.0253284089730204
2.0253284089730204
2.0253284089730204
2.0253284089730204
2.032066518433431
2.032066518433431
2.032066518433431
2.032066518433431
2.032066518433431
2.032066518433431
2.032066518433431
2.032066518433431
2.032066518433431
1.346663058318116
1.8407099827584428
1.9257894413360892
1.9578158495167286
1.9823466155813643
1.9841622001612633
1.9846322839741317
1.9993285037389925
2.0008261686795867
2.000827932317966
2.0039631513299896
2.0086310386669393
2.0086310386669393
2.0086506173132674
2.0093540624128767
2.014405699150723
2.014489938874274
2.014489938874274
2.014497899849903
2.019078250336635
2.019085690740464
2.019091353591148
2.019091353591148
2.019091353591148
2.019091353591148
1.346663058318116
1.8736333489761205
1.9373991616892794
1.9762738643956892
1.9878443303067024
1.9962238893710926
2.011374555962609
2.01360775448686
2.01360775448686
2.01360775448686
2.013620066932353
2.013620066932353
2.013620066932353
2.013620066932353
2.013620066932353
2.013620066932353
2.0136402784558203
2.014164480869714
2.014164480869714
2.014164480869714
2.014164480869714
2.014164480869714
2.018741523082603
2.018741523082603
2.018741523082603
1.346663058318116
1.846190673209219
1.945217332719283
1.9817050129818163
1.985862718891765
1.9918965754304967
1.9992746244633248
2.008376160468539
2.0091257124160986
2.0106412273534136
2.012760217884944
2.0205316032263543
2.0299117357869667
2.0299132686358923
2.0299132686358923
2.0299132686358923
2.0299132686358923
2.0299132686358923
2.0299132686358923
2.0299132686358923
2.0299132686358923
2.0299132686358923
2.0366513780963027
2.036670146089653
2.036670146089653
1.346663058318116
1.8262689150356493
1.9261622985983446
1.9596012744236535
1.9725265676712787
1.9838760108610118
2.006025491597877
2.0060999973262272
2.010504910244022
2.0182559551359005
2.0182559551359005
2.0182559551359005
2.0182559551359005
2.0198529248632267
2.0198529248632267
2.0238179759319017
2.0238179759319017
2.0238179759319017
2.0238179759319017
2.0238179759319017
2.0238179759319017
2.0238179759319017
2.0238179759319017
2.0238179759319017
2.029688786745515
1.346663058318116
1.8934015258090577
1.9567026570682144
1.9964076065370449
2.009557119993154
2.014164480869714
2.014164480869714
2.018741523082603
2.018741523082603
2.018741523082603
2.018741523082603
2.019091353591148
2.019091353591148
2.019091353591148
2.019091353591148
2.019091353591148
2.019091353591148
2.019091353591148
2.019091353591148
2.019091353591148
2.019091353591148
2.019091353591148
2.019091353591148
2.019091353591148
2.019091353591148
1.346663058318116
1.8089067427553924
1.9269898082195576
1.9629914323923172
1.982140854932099
2.000255287701234
2.0066152274409887
2.006626016938861
2.006626016938861
2.006626016938861
2.006626016938861
2.0084329361420803
2.0122709534309555
2.0166274473853614
2.0166290810015646
2.0166290810015646
2.0166380445216756
2.016645773558126
2.016645773558126
2.016645773558126
2.0253284089730204
2.0253284089730204
2.0296922670059785
2.032066518433431
2.032066518433431
1.346663058318116
1.8278518701025066
1.9025998592560758
1.9381132493662472
1.9720203897851252
1.985049952263943
1.991821963863933
1.9982847490586895
1.9983475869178242
2.0028789387866146
2.00318142190304
2.00318142190304
2.003425188271446
2.003425697536541
2.003425697536541
2.0039025848617054
2.0039025848617054
2.004393163653767
2.0043936699763996
2.0043936699763996
2.005089447297205
2.0059352693098638
2.010519320471943
2.010519320471943
2.010519320471943
1.346663058318116
1.8540799002132118
1.9215919472152736
1.9618059062130357
1.9748064588384249
1.9802420077749812
1.9901069610562179
1.9961348958092222
1.9961348958092222
1.9961348958092222
1.9994432079205107
1.9994548549146458
1.9994548549146458
1.9994548549146458
1.9994548549146458
2.000350757049126
2.0061500780003962
2.007025265043698
2.0070312575684413
2.008619229844306
2.008619251919126
2.0086242941521126
2.0086242941521126
2.0086242941521126
2.0086242941521126
1.346663058318116
1.8792407335223162
1.9466497060651475
1.9856991499540875
1.9960648087822694
2.0039102988108537
2.007575035503928
2.0081198391071906
2.012684533973048
2.0141636729423102
2.014164480869714
2.014514311378259
2.019091353591148
2.019091353591148
2.019091353591148
2.019091353591148
2.019091353591148
2.019091353591148
2.019091353591148
2.019091353591148
2.019091353591148
2.019091353591148
2.019091353591148
2.019091353591148
2.019091353591148
1.346663058318116
1.8596494957061387
1.9190330913366032
1.9458697337944129
1.9716104826100942
1.9797389120741555
1.9842868544193255
1.9893008914948853
1.9901061664558914
1.9958737590589681
2.004040084320006
2.006604687295161
2.0066067863238626
2.0081256956235376
2.0126269978500453
2.0156223790210155
2.015640419301993
2.0156610347752366
2.0157065347186176
2.0282948163766417
2.0282948163766417
2.0282948163766417
2.0298052494177607
2.0298240483488437
2.0298240483488437
1.346663058318116
1.8672787687895889
1.9371877654304888
1.9446353210570024
1.965802370960033
1.973034068350981
1.986289341294333
1.9965969351318054
2.006425461477857
2.0144283046698392
2.0144283046698392
2.014458842537869
2.0190697513763403
2.0190785350083718
2.019091353591148
2.019091353591148
2.019091353591148
2.019091353591148
2.019091353591148
2.019091353591148
2.019091353591148
2.019091353591148
2.019091353591148
2.019091353591148
2.019091353591148
1.346663058318116
1.84884958466463
1.9302086585290226
1.996224812041356
1.9964395973020215
1.9964395973020215
1.9964395973020215
2.0003135997479324
2.0003135997479324
2.0003135997479324
2.0003135997479324
2.0003135997479324
2.0003135997479324
2.0003135997479324
2.000316416573573
2.000316416573573
2.000316416573573
2.000316416573573
2.000316416573573
2.000316416573573
2.000316416573573
2.0045243883286097
2.007027911696854
2.007027911696854
2.007027911696854
1.346663058318116
1.7957477885160886
1.9197041413179567
1.959605433676481
1.994905933814786
2.009477077485687
2.0103875314149144
2.012280452384158
2.0190796456659514
2.0190905456637447
2.019091353591148
2.019091353591148
2.019091353591148
2.019091353591148
2.019091353591148
2.019091353591148
2.019091353591148
2.019091353591148
2.019091353591148
2.019091353591148
2.019091353591148
2.019091353591148
2.019091353591148
2.019091353591148
2.019091353591148
1.346663058318116
1.830974001890087
1.932814973273002
1.974497336288888
1.9991982671518997
2.0135717097884256
2.0141636729423102
2.014164480869714
2.014164480869714
2.014164480869714
2.014164480869714
2.014164480869714
2.014164480869714
2.014164480869714
2.014164480869714
2.014164480869714
2.014164480869714
2.014164480869714
2.014164480869714
2.014164480869714
2.014164480869714
2.019091353591148
2.019091353591148
2.019091353591148
2.019091353591148
1.346663058318116
1.8411820282168279
1.951044866734971
1.983644774656709
1.985507289501021
1.989620744286101
1.9944466881339658
1.9971141358047033
2.0034955690647887
2.0071535778893748
2.0071575136469026
2.0071668893671206
2.0071863387093902
2.0072853369726626
2.0164285040806362
2.0164285040806362
2.0164285040806362
2.016431498003506
2.016431923227249
2.0366188113646055
2.036621755048724
2.036621755048724
2.036621755048724
2.036621755048724
2.036621755048724
1.346663058318116
1.8426495310864428
1.9022853925465657
1.9576113803332194
1.9598699432270796
1.9615738533259084
1.9741537757554437
1.9741633058281793
1.985599453495139
1.9918070920095572
1.9994744210905744
2.0074565309637564
2.013685261024743
2.0182349406958555
2.018250292285216
2.0182559551359005
2.0182559551359005
2.0253284089730204
2.0253284089730204
2.0253284089730204
2.0253284089730204
2.0253284089730204
2.0253284089730204
2.0253284089730204
2.0253284089730204
1.346663058318116
1.8367731393026416
1.9325188725031446
1.9534785053097052
1.9802667236682336
1.987700434726392
1.9909403183129493
2.0085694711508904
2.008619251919126
2.008619251919126
2.008619251919126
2.0086309965723355
2.0086309965723355
2.0086309965723355
2.0086309965723355
2.0086309965723355
2.0086309965723355
2.0086309965723355
2.0086309965723355
2.0086309965723355
2.0086309965723355
2.0086309965723355
2.0086309965723355
2.0086309965723355
2.0086309965723355
1.346663058318116
1.8808951928634257
1.9496305508402736
1.9775080860969458
1.987263892594446
1.988365765354921
1.9895261149594716
1.9939610178571752
1.9939610178571752
1.9939716492447446
1.993972042402428
1.993972042402428
1.99397348512089
1.99397348512089
1.9939779443168741
1.9939779443168741
1.9939779443168741
1.9956384471809656
1.9956384471809656
1.9956384471809656
2.0046116309503637
2.00462042115134
2.00462042115134
2.00462042115134
2.0046235878377057
1.346663058318116
1.8924364414430317
1.967236250299577
1.980917691772966
1.9982011141781841
2.0029153522474648
2.008913458500375
2.0144636077035347
2.019082718412581
2.019082718412581
2.0190905456637447
2.0190905456637447
2.0190905456637447
2.0190905456637447
2.0190905456637447
2.019091353591148
2.019091353591148
2.019091353591148
2.019091353591148
2.019091353591148
2.019091353591148
2.019091353591148
2.019091353591148
2.019091353591148
2.019091353591148
