1.346663058318116
1.8505301647085597
1.9397308089795664
2.0028675721864415
2.009309786801132
2.0093701312857104
2.009370661293111
2.020692301459012
2.0252748130338323
2.0253227461223364
2.025326831974455
2.0253284089730204
2.0253284089730204
2.0253284089730204
2.0253284089730204
2.0253284089730204
2.032066518433431
2.032066518433431
2.032066518433431
2.032066518433431
2.032066518433431
2.032066518433431
2.032066518433431
2.032066518433431
2.032066518433431
1.346663058318116
1.8407099827584428
1.9257894413360892
1.9578158495167286
1.9823466155813643
1.9841622001612633
1.9846322839741317
1.9993285037389925
2.0008261686795867
2.000827932317966
2.0039631513299896
2.0086310386669393
2.0086310386669393
2.0086506173132674
2.0093540624128767
2.014405699150723
2.014489938874274
2.014489938874274
2.014497899849903
2.019078250336635
2.019085690740464
2.019091353591148
2.019091353591148
2.019091353591148
2.019091353591148
1.346663058318116
1.8736333489761205
1.9373991616892794
1.9762738643956892
1.9878443303067024
1.9962238893710926
2.011374555962609
2.01360775448686
2.01360775448686
2.01360775448686
2.013620066932353
2.013620066932353
2.013620066932353
2.013620066932353
2.013620066932353
2.013620066932353
2.0136402784558203
2.014164480869714
2.014164480869714
2.014164480869714
2.014164480869714
2.014164480869714
2.018741523082603
2.018741523082603
2.018741523082603
1.346663058318116
1.846190673209219
1.945217332719283
1.9817050129818163
1.985862718891765
1.9918965754304967
1.9992746244633248
2.008376160468539
2.0091257124160986
2.0106412273534136
2.012760217884944
2.0205316032263543
2.0299117357869667
2.0299132686358923
2.0299132686358923
2.0299132686358923
2.0299132686358923
2.0299132686358923
2.0299132686358923
2.0299132686358923
2.0299132686358923
2.0299132686358923
2.0366513780963027
2.036670146089653
2.036670146089653
1.346663058318116
1.8262689150356493
1.9261622985983446
1.9596012744236535
1.9725265676712787
1.9838760108610118
2.006025491597877
2.0060999973262272
2.010504910244022
2.0182559551359005
2.0182559551359005
2.0182559551359005
2.0182559551359005
2.0198529248632267
2.0198529248632267
2.0238179759319017
2.0238179759319017
2.0238179759319017
2.0238179759319017
2.0238179759319017
2.0238179759319017
2.0238179759319017
2.0238179759319017
2.0238179759319017
2.029688786745515
