1.346663058318116
1.8505301647085597
1.9397308089795664
2.0028675721864415
2.009309786801132
2.0093701312857104
2.009370661293111
2.020692301459012
2.0252748130338323
2.0253227461223364
2.025326831974455
2.0253284089730204
2.0253284089730204
2.0253284089730204
2.0253284089730204
2.0253284089730204
2.032066518433431
2.032066518433431
2.032066518433431
2.032066518433431
2.032066518433431
2.032066518433431
2.032066518433431
2.032066518433431
2.032066518433431
1.346663058318116
1.8407099827584428
1.9257894413360892
1.9578158495167286
1.9823466155813643
1.9841622001612633
1.9846322839741317
1.9993285037389925
2.0008261686795867
2.000827932317966
2.0039631513299896
2.0086310386669393
2.0086310386669393
2.0086506173132674
2.0093540624128767
2.014405699150723
2.014489938874274
2.014489938874274
2.014497899849903
2.019078250336635
2.019085690740464
2.019091353591148
2.019091353591148
2.019091353591148
2.019091353591148
1.346663058318116
1.8736333489761205
1.9373991616892794
1.9762738643956892
1.9878443303067024
1.9962238893710926
2.011374555962609
2.01360775448686
2.01360775448686
2.01360775448686
2.013620066932353
2.013620066932353
2.013620066932353
2.013620066932353
2.013620066932353
2.013620066932353
2.0136402784558203
2.014164480869714
2.014164480869714
2.014164480869714
2.014164480869714
2.014164480869714
2.018741523082603
2.018741523082603
2.018741523082603
1.346663058318116
1.846190673209219
1.945217332719283
1.9817050129818163
1.985862718891765
1.9918965754304967
1.9992746244633248
2.008376160468539
2.0091257124160986
2.0106412273534136
2.012760217884944
2.0205316032263543
2.0299117357869667
2.0299132686358923
2.0299132686358923
2.0299132686358923
2.0299132686358923
2.0299132686358923
2.0299132686358923
2.0299132686358923
2.0299132686358923
2.0299132686358923
2.0366513780963027
2.036670146089653
2.036670146089653
1.346663058318116
1.8262689150356493
1.9261622985983446
1.9596012744236535
1.9725265676712787
1.9838760108610118
2.006025491597877
2.0060999973262272
2.010504910244022
2.0182559551359005
2.0182559551359005
2.0182559551359005
2.0182559551359005
2.0198529248632267
2.0198529248632267
2.0238179759319017
2.0238179759319017
2.0238179759319017
2.0238179759319017
2.0238179759319017
2.0238179759319017
2.0238179759319017
2.0238179759319017
2.0238179759319017
2.029688786745515
1.346663058318116
1.8934015258090577
1.9567026570682144
1.9964076065370449
2.009557119993154
2.014164480869714
2.014164480869714
2.018741523082603
2.018741523082603
2.018741523082603
2.018741523082603
2.019091353591148
2.019091353591148
2.019091353591148
2.019091353591148
2.019091353591148
2.019091353591148
2.019091353591148
2.019091353591148
2.019091353591148
2.019091353591148
2.019091353591148
2.019091353591148
2.019091353591148
2.019091353591148
1.346663058318116
1.8089067427553924
1.9269898082195576
1.9629914323923172
1.982140854932099
2.000255287701234
2.0066152274409887
2.006626016938861
2.006626016938861
2.006626016938861
2.006626016938861
2.0084329361420803
2.0122709534309555
2.0166274473853614
2.0166290810015646
2.0166290810015646
2.0166380445216756
2.016645773558126
2.016645773558126
2.016645773558126
2.0253284089730204
2.0253284089730204
2.0296922670059785
2.032066518433431
2.032066518433431
1.346663058318116
1.8278518701025066
1.9025998592560758
1.9381132493662472
1.9720203897851252
1.985049952263943
1.991821963863933
1.9982847490586895
1.9983475869178242
2.0028789387866146
2.00318142190304
2.00318142190304
2.003425188271446
2.003425697536541
2.003425697536541
2.0039025848617054
2.0039025848617054
2.004393163653767
2.0043936699763996
2.0043936699763996
2.005089447297205
2.0059352693098638
2.010519320471943
2.010519320471943
2.010519320471943
1.346663058318116
1.8540799002132118
1.9215919472152736
1.9618059062130357
1.9748064588384249
1.9802420077749812
1.9901069610562179
1.9961348958092222
1.9961348958092222
1.9961348958092222
1.9994432079205107
1.9994548549146458
1.9994548549146458
1.9994548549146458
1.9994548549146458
2.000350757049126
2.0061500780003962
2.007025265043698
2.0070312575684413
2.008619229844306
2.008619251919126
2.0086242941521126
2.0086242941521126
2.0086242941521126
2.0086242941521126
