1.3411021985819762
1.6734838045428588
1.79340318297626
1.7971541404511264
1.8018524236467943
1.8051981568138378
1.8051981568138378
1.8051981568138378
1.8051981568138378
1.8128347725972114
1.8186256072792755
1.8416156879066827
1.8422739748187595
1.8479002449918396
1.8479002449918396
1.8479002449918396
1.8479002449918396
1.8479002449918396
1.8479002449918396
1.8479002449918396
1.8479002449918396
1.8479002449918396
1.8479002449918396
1.8479002449918396
1.8479002449918396
1.3411021985819762
1.6734838045428588
1.79340318297626
1.7971541404511264
1.8018524236467943
1.8051981568138378
1.8051981568138378
1.8051981568138378
1.8051981568138378
1.8128347725972114
1.8186256072792755
1.8416156879066827
1.8422739748187595
1.8479002449918396
1.8479002449918396
1.8479002449918396
1.8479002449918396
1.8479002449918396
1.8479002449918396
1.8479002449918396
1.8479002449918396
1.8479002449918396
1.8479002449918396
1.8479002449918396
1.8479002449918396
1.3411021985819762
1.6734838045428588
1.79340318297626
1.7971541404511264
1.8018524236467943
1.8051981568138378
1.8051981568138378
1.8051981568138378
1.8051981568138378
1.8128347725972114
1.8186256072792755
1.8416156879066827
1.8422739748187595
1.8479002449918396
1.8479002449918396
1.8479002449918396
1.8479002449918396
1.8479002449918396
1.8479002449918396
1.8479002449918396
1.8479002449918396
1.8479002449918396
1.8479002449918396
1.8479002449918396
1.8479002449918396
1.3411021985819762
1.6734838045428588
1.79340318297626
1.7971541404511264
1.8018524236467943
1.8051981568138378
1.8051981568138378
1.8051981568138378
1.8051981568138378
1.8128347725972114
1.8186256072792755
1.8416156879066827
1.8422739748187595
1.8479002449918396
1.8479002449918396
1.8479002449918396
1.8479002449918396
1.8479002449918396
1.8479002449918396
1.8479002449918396
1.8479002449918396
1.8479002449918396
1.8479002449918396
1.8479002449918396
1.8479002449918396
1.3411021985819762
1.6734838045428588
1.79340318297626
1.7971541404511264
1.8018524236467943
1.8051981568138378
1.8051981568138378
1.8051981568138378
1.8051981568138378
1.8128347725972114
1.8186256072792755
1.8416156879066827
1.8422739748187595
1.8479002449918396
1.8479002449918396
1.8479002449918396
1.8479002449918396
1.8479002449918396
1.8479002449918396
1.8479002449918396
1.8479002449918396
1.8479002449918396
1.8479002449918396
1.8479002449918396
1.8479002449918396
1.3411021985819762
1.6734838045428588
1.79340318297626
1.7971541404511264
1.8018524236467943
1.8051981568138378
1.8051981568138378
1.8051981568138378
1.8051981568138378
1.8128347725972114
1.8186256072792755
1.8416156879066827
1.8422739748187595
1.8479002449918396
1.8479002449918396
1.8479002449918396
1.8479002449918396
1.8479002449918396
1.8479002449918396
1.8479002449918396
1.8479002449918396
1.8479002449918396
1.8479002449918396
1.8479002449918396
1.8479002449918396
1.3411021985819762
1.6734838045428588
1.79340318297626
1.7971541404511264
1.8018524236467943
1.8051981568138378
1.8051981568138378
1.8051981568138378
1.8051981568138378
1.8128347725972114
1.8186256072792755
1.8416156879066827
1.8422739748187595
1.8479002449918396
1.8479002449918396
1.8479002449918396
1.8479002449918396
1.8479002449918396
1.8479002449918396
1.8479002449918396
1.8479002449918396
1.8479002449918396
1.8479002449918396
1.8479002449918396
1.8479002449918396
1.3411021985819762
1.6734838045428588
1.79340318297626
1.7971541404511264
1.8018524236467943
1.8051981568138378
1.8051981568138378
1.8051981568138378
1.8051981568138378
1.8128347725972114
1.8186256072792755
1.8416156879066827
1.8422739748187595
1.8479002449918396
1.8479002449918396
1.8479002449918396
1.8479002449918396
1.8479002449918396
1.8479002449918396
1.8479002449918396
1.8479002449918396
1.8479002449918396
1.8479002449918396
1.8479002449918396
1.8479002449918396
1.3411021985819762
1.6734838045428588
1.79340318297626
1.7971541404511264
1.8018524236467943
1.8051981568138378
1.8051981568138378
1.8051981568138378
1.8051981568138378
1.8128347725972114
1.8186256072792755
1.8416156879066827
1.8422739748187595
1.8479002449918396
1.8479002449918396
1.8479002449918396
1.8479002449918396
1.8479002449918396
1.8479002449918396
1.8479002449918396
1.8479002449918396
1.8479002449918396
1.8479002449918396
1.8479002449918396
1.8479002449918396
1.3411021985819762
1.6734838045428588
1.79340318297626
1.7971541404511264
1.8018524236467943
1.8051981568138378
1.8051981568138378
1.8051981568138378
1.8051981568138378
1.8128347725972114
1.8186256072792755
1.8416156879066827
1.8422739748187595
1.8479002449918396
1.8479002449918396
1.8479002449918396
1.8479002449918396
1.8479002449918396
1.8479002449918396
1.8479002449918396
1.8479002449918396
1.8479002449918396
1.8479002449918396
1.8479002449918396
1.8479002449918396
1.3411021985819762
1.6734838045428588
1.79340318297626
1.7971541404511264
1.8018524236467943
1.8051981568138378
1.8051981568138378
1.8051981568138378
1.8051981568138378
1.8128347725972114
1.8186256072792755
1.8416156879066827
1.8422739748187595
1.8479002449918396
1.8479002449918396
1.8479002449918396
1.8479002449918396
1.8479002449918396
1.8479002449918396
1.8479002449918396
1.8479002449918396
1.8479002449918396
1.8479002449918396
1.8479002449918396
1.8479002449918396
1.3411021985819762
1.6734838045428588
1.79340318297626
1.7971541404511264
1.8018524236467943
1.8051981568138378
1.8051981568138378
1.8051981568138378
1.8051981568138378
1.8128347725972114
1.8186256072792755
1.8416156879066827
1.8422739748187595
1.8479002449918396
1.8479002449918396
1.8479002449918396
1.8479002449918396
1.8479002449918396
1.8479002449918396
1.8479002449918396
1.8479002449918396
1.8479002449918396
1.8479002449918396
1.8479002449918396
1.8479002449918396
1.3411021985819762
1.6734838045428588
1.79340318297626
1.7971541404511264
1.8018524236467943
1.8051981568138378
1.8051981568138378
1.8051981568138378
1.8051981568138378
1.8128347725972114
1.8186256072792755
1.8416156879066827
1.8422739748187595
1.8479002449918396
1.8479002449918396
1.8479002449918396
1.8479002449918396
1.8479002449918396
1.8479002449918396
1.8479002449918396
1.8479002449918396
1.8479002449918396
1.8479002449918396
1.8479002449918396
1.8479002449918396
1.3411021985819762
1.6734838045428588
1.79340318297626
1.7971541404511264
1.8018524236467943
1.8051981568138378
1.8051981568138378
1.8051981568138378
1.8051981568138378
1.8128347725972114
1.8186256072792755
1.8416156879066827
1.8422739748187595
1.8479002449918396
1.8479002449918396
1.8479002449918396
1.8479002449918396
1.8479002449918396
1.8479002449918396
1.8479002449918396
1.8479002449918396
1.8479002449918396
1.8479002449918396
1.8479002449918396
1.8479002449918396
1.3411021985819762
1.6734838045428588
1.79340318297626
1.7971541404511264
1.8018524236467943
1.8051981568138378
1.8051981568138378
1.8051981568138378
1.8051981568138378
1.8128347725972114
1.8186256072792755
1.8416156879066827
1.8422739748187595
1.8479002449918396
1.8479002449918396
1.8479002449918396
1.8479002449918396
1.8479002449918396
1.8479002449918396
1.8479002449918396
1.8479002449918396
1.8479002449918396
1.8479002449918396
1.8479002449918396
1.8479002449918396
