1.7182615245004322
2.001975574297852
2.11580828133113
2.11580828133113
2.11580828133113
2.1235415972356617
2.1235415972356617
2.1235415972356617
2.1235415972356617
2.1235415972356617
2.1235415972356617
2.1235415972356617
2.152398619182204
2.152398619182204
2.154061570882503
2.1540807202963967
2.1540807202963967
2.1540807202963967
2.1540807202963967
2.1540807202963967
2.1540807202963967
2.1540807202963967
2.1540807202963967
2.1540807202963967
2.1540807202963967
1.7182615245004322
2.110317795477342
2.123425173407875
2.1235415972356617
2.1235415972356617
2.1235415972356617
2.1235415972356617
2.1235415972356617
2.1235415972356617
2.1235415972356617
2.1235415972356617
2.1235415972356617
2.1235415972356617
2.1235415972356617
2.1235415972356617
2.1235415972356617
2.1235415972356617
2.1235415972356617
2.1235415972356617
2.1235415972356617
2.1367167617870346
2.1367167617870346
2.1367167617870346
2.1367167617870346
2.141483445882503
