1.7182615245004322
2.001975574297852
2.11580828133113
2.11580828133113
2.11580828133113
2.1235415972356617
2.1235415972356617
2.1235415972356617
2.1235415972356617
2.1235415972356617
2.1235415972356617
2.1235415972356617
2.152398619182204
2.152398619182204
2.154061570882503
2.1540807202963967
2.1540807202963967
2.1540807202963967
2.1540807202963967
2.1540807202963967
2.1540807202963967
2.1540807202963967
2.1540807202963967
2.1540807202963967
2.1540807202963967
1.7182615245004322
2.110317795477342
2.123425173407875
2.1235415972356617
2.1235415972356617
2.1235415972356617
2.1235415972356617
2.1235415972356617
2.1235415972356617
2.1235415972356617
2.1235415972356617
2.1235415972356617
2.1235415972356617
2.1235415972356617
2.1235415972356617
2.1235415972356617
2.1235415972356617
2.1235415972356617
2.1235415972356617
2.1235415972356617
2.1367167617870346
2.1367167617870346
2.1367167617870346
2.1367167617870346
2.141483445882503
1.7182615245004322
2.047388871649555
2.161363974746282
2.161363974746282
2.161363974746282
2.161363974746282
2.161363974746282
2.161363974746282
2.161363974746282
2.161363974746282
2.1705556934151518
2.1705556934151518
2.1705556934151518
2.1705556934151518
2.1705556934151518
2.1705556934151518
2.1705556934151518
2.1705556934151518
2.1705556934151518
2.1705556934151518
2.1705556934151518
2.1705556934151518
2.1705556934151518
2.1705556934151518
2.1705556934151518
1.7182615245004322
2.0691273619099597
2.161363974746282
2.161363974746282
2.161363974746282
2.161363974746282
2.161363974746282
2.161363974746282
2.161363974746282
2.161363974746282
2.161363974746282
2.161363974746282
2.161363974746282
2.161363974746282
2.161363974746282
2.161363974746282
2.161363974746282
2.161363974746282
2.161363974746282
2.161363974746282
2.161363974746282
2.161363974746282
2.161363974746282
2.161363974746282
2.161363974746282
1.7182615245004322
2.0586219630241516
2.0746473355568003
2.143274687134175
2.161363974746282
2.161363974746282
2.161363974746282
2.161363974746282
2.161363974746282
2.161363974746282
2.161363974746282
2.161363974746282
2.161363974746282
2.1705556934151518
2.1705556934151518
2.1705556934151518
2.1705556934151518
2.1705556934151518
2.1705556934151518
2.1705556934151518
2.1705556934151518
2.1705556934151518
2.1705556934151518
2.1705556934151518
2.1705556934151518
1.7182615245004322
2.0746664849706935
2.1002443751081734
2.107977691012705
2.112744375108173
2.1320312573804183
2.156586952271654
2.156586952271654
2.156586952271654
2.156586952271654
2.156586952271654
2.156586952271654
2.156586952271654
2.156586952271654
2.156586952271654
2.156586952271654
2.156586952271654
2.156586952271654
2.161363974746282
2.161363974746282
2.161363974746282
2.161363974746282
2.161363974746282
2.161363974746282
2.161363974746282
1.7182615245004322
2.0669626568592157
2.07767294295197
2.1054450259332462
2.1054450259332462
2.105483324761033
2.105483324761033
2.1204968404265987
2.1204968404265987
2.13851681407344
2.13851681407344
2.1463577427710248
2.1510757896595467
2.1510757896595467
2.1510757896595467
2.1510757896595467
2.1510757896595467
2.1510757896595467
2.1510757896595467
2.1510757896595467
2.1541588452963967
2.1541588452963967
2.1541588452963967
2.1541588452963967
2.1541588452963967
1.7182615245004322
2.0521850435380764
2.0948511636682787
2.11580828133113
2.1235415972356617
2.1235415972356617
2.1235415972356617
2.1235415972356617
2.1235415972356617
2.1235415972356617
2.1235415972356617
2.1235415972356617
2.1368243745800877
2.1368243745800877
2.1368243745800877
2.1368243745800877
2.1368243745800877
2.1368243745800877
2.1368243745800877
2.1368243745800877
2.1368243745800877
2.1368243745800877
2.1368243745800877
2.1368243745800877
2.1368243745800877
1.7182615245004322
2.0816165626622603
2.1463577427710248
2.1463577427710248
2.1463577427710248
2.1463577427710248
2.1463577427710248
2.1463577427710248
2.1463577427710248
2.1463577427710248
2.1463577427710248
2.1463577427710248
2.1463577427710248
2.1463577427710248
2.1463577427710248
2.1463577427710248
2.1463577427710248
2.1463577427710248
2.1463577427710248
2.1463577427710248
2.1463577427710248
2.1463577427710248
2.1463577427710248
2.1463577427710248
2.1463577427710248
1.7182615245004322
1.9791057486537245
1.986800765730469
1.9994688814540549
2.0054434985888205
2.01778724858882
2.01778724858882
2.01778724858882
2.0240001314540548
2.0240001314540548
2.0240001314540548
2.0240001314540548
2.0240001314540548
2.0240001314540548
2.0240001314540548
2.0240001314540548
2.031703959565533
2.031703959565533
2.031703959565533
2.031703959565533
2.031703959565533
2.031703959565533
2.031703959565533
2.031703959565533
2.031703959565533
1.7182615245004322
1.9981533356217047
2.1235224478217685
2.1368243745800877
2.1368243745800877
2.1368243745800877
2.1368243745800877
2.1368243745800877
2.1368243745800877
2.1368243745800877
2.1368243745800877
2.1368243745800877
2.1368243745800877
2.1368243745800877
2.1368243745800877
2.1368243745800877
2.1368243745800877
2.1368243745800877
2.1368243745800877
2.1368243745800877
2.1368243745800877
2.1368243745800877
2.1368243745800877
2.1368243745800877
2.1368243745800877
1.7182615245004322
2.022241432684289
2.110317795477342
2.123425173407875
2.123425173407875
2.123425173407875
2.123425173407875
2.123425173407875
2.123425173407875
2.123425173407875
2.123425173407875
2.1235224478217685
2.1235224478217685
2.1366976123731414
2.1366976123731414
2.1397615185960976
2.1397615185960976
2.1463577427710248
2.1463577427710248
2.1463577427710248
2.1463577427710248
2.161363974746282
2.161363974746282
2.161363974746282
2.161363974746282
1.7182615245004322
2.0087088990588855
2.0569398619099593
2.0569398619099593
2.069842352633545
2.11580828133113
2.11580828133113
2.11580828133113
2.11580828133113
2.11580828133113
2.11580828133113
2.11580828133113
2.11580828133113
2.11580828133113
2.11580828133113
2.11580828133113
2.11580828133113
2.11580828133113
2.11580828133113
2.11580828133113
2.11580828133113
2.11580828133113
2.11580828133113
2.11580828133113
2.11580828133113
1.7182615245004322
2.0052011485957033
2.11580828133113
2.1337796177710247
2.1337796177710247
2.1337796177710247
2.1337796177710247
2.1463577427710248
2.1463577427710248
2.1572036021054597
2.1572036021054597
2.1572036021054597
2.1572036021054597
2.1572036021054597
2.1572036021054597
2.1572036021054597
2.1572036021054597
2.1572036021054597
2.1572036021054597
2.1572036021054597
2.1572036021054597
2.1572036021054597
2.1572036021054597
2.1572036021054597
2.1572036021054597
1.7182615245004322
1.9588414176117137
1.9989882657304692
2.036960070419321
2.044596111909959
2.0493038204193215
2.0493038204193215
2.0493038204193215
2.0493038204193215
2.053933403928683
2.053933403928683
2.053933403928683
2.053933403928683
2.053933403928683
2.053933403928683
2.053933403928683
2.053933403928683
2.053933403928683
2.053933403928683
2.053933403928683
2.053933403928683
2.053933403928683
2.053933403928683
2.053933403928683
2.053933403928683
1.7182615245004322
1.9989882657304692
2.087010234970694
2.1252443751081733
2.1377443751081735
2.15101681407344
2.15101681407344
2.1524177685960977
2.1524177685960977
2.1524177685960977
2.1540807202963967
2.1541588452963967
2.1541588452963967
2.1541588452963967
2.1541588452963967
2.1541588452963967
2.1541588452963967
2.1541588452963967
2.1541588452963967
2.1541588452963967
2.1541588452963967
2.1541588452963967
2.1541588452963967
2.1541588452963967
2.1541588452963967
1.7182615245004322
2.0948511636682787
2.123366197821768
2.123366197821768
2.138497664659546
2.138497664659546
2.138497664659546
2.138497664659546
2.138497664659546
2.1463577427710248
2.1463577427710248
2.1463577427710248
2.1463577427710248
2.1463577427710248
2.1463577427710248
2.1463577427710248
2.1463577427710248
2.1463577427710248
2.1463577427710248
2.1463577427710248
2.1463577427710248
2.1463577427710248
2.1541396958825034
2.1541396958825034
2.1541396958825034
1.7182615245004322
2.0163935777564697
2.056959011323853
2.1187955898985127
2.1463577427710248
2.1463577427710248
2.1494407984078747
2.1541588452963967
2.1541588452963967
2.1541588452963967
2.1541588452963967
2.1541588452963967
2.1541588452963967
2.1541588452963967
2.1541588452963967
2.1541588452963967
2.1541588452963967
2.1541588452963967
2.1541588452963967
2.1541588452963967
2.1541588452963967
2.1541588452963967
2.1541588452963967
2.1541588452963967
2.1541588452963967
1.7182615245004322
1.9776005742978517
2.088257994182204
2.123386874580088
2.1235224478217685
2.1368243745800877
2.1368243745800877
2.1368243745800877
2.1368243745800877
2.1368243745800877
2.1368243745800877
2.1368243745800877
2.1368243745800877
2.1368243745800877
2.1368243745800877
2.1368243745800877
2.1368243745800877
2.1368243745800877
2.1368243745800877
2.1368243745800877
2.1368243745800877
2.1368243745800877
2.1368243745800877
2.1368243745800877
2.1368243745800877
