1.7182615245004322
2.001975574297852
2.11580828133113
2.11580828133113
2.11580828133113
2.1235415972356617
2.1235415972356617
2.1235415972356617
2.1235415972356617
2.1235415972356617
2.1235415972356617
2.1235415972356617
2.152398619182204
2.152398619182204
2.154061570882503
2.1540807202963967
2.1540807202963967
2.1540807202963967
2.1540807202963967
2.1540807202963967
2.1540807202963967
2.1540807202963967
2.1540807202963967
2.1540807202963967
2.1540807202963967
1.7182615245004322
2.110317795477342
2.123425173407875
2.1235415972356617
2.1235415972356617
2.1235415972356617
2.1235415972356617
2.1235415972356617
2.1235415972356617
2.1235415972356617
2.1235415972356617
2.1235415972356617
2.1235415972356617
2.1235415972356617
2.1235415972356617
2.1235415972356617
2.1235415972356617
2.1235415972356617
2.1235415972356617
2.1235415972356617
2.1367167617870346
2.1367167617870346
2.1367167617870346
2.1367167617870346
2.141483445882503
1.7182615245004322
2.047388871649555
2.161363974746282
2.161363974746282
2.161363974746282
2.161363974746282
2.161363974746282
2.161363974746282
2.161363974746282
2.161363974746282
2.1705556934151518
2.1705556934151518
2.1705556934151518
2.1705556934151518
2.1705556934151518
2.1705556934151518
2.1705556934151518
2.1705556934151518
2.1705556934151518
2.1705556934151518
2.1705556934151518
2.1705556934151518
2.1705556934151518
2.1705556934151518
2.1705556934151518
1.7182615245004322
2.0691273619099597
2.161363974746282
2.161363974746282
2.161363974746282
2.161363974746282
2.161363974746282
2.161363974746282
2.161363974746282
2.161363974746282
2.161363974746282
2.161363974746282
2.161363974746282
2.161363974746282
2.161363974746282
2.161363974746282
2.161363974746282
2.161363974746282
2.161363974746282
2.161363974746282
2.161363974746282
2.161363974746282
2.161363974746282
2.161363974746282
2.161363974746282
