1.7182615245004322
2.001975574297852
2.11580828133113
2.11580828133113
2.11580828133113
2.1235415972356617
2.1235415972356617
2.1235415972356617
2.1235415972356617
2.1235415972356617
2.1235415972356617
2.1235415972356617
2.152398619182204
2.152398619182204
2.154061570882503
2.1540807202963967
2.1540807202963967
2.1540807202963967
2.1540807202963967
2.1540807202963967
2.1540807202963967
2.1540807202963967
2.1540807202963967
2.1540807202963967
2.1540807202963967
1.7182615245004322
2.110317795477342
2.123425173407875
2.1235415972356617
2.1235415972356617
2.1235415972356617
2.1235415972356617
2.1235415972356617
2.1235415972356617
2.1235415972356617
2.1235415972356617
2.1235415972356617
2.1235415972356617
2.1235415972356617
2.1235415972356617
2.1235415972356617
2.1235415972356617
2.1235415972356617
2.1235415972356617
2.1235415972356617
2.1367167617870346
2.1367167617870346
2.1367167617870346
2.1367167617870346
2.141483445882503
1.7182615245004322
2.047388871649555
2.161363974746282
2.161363974746282
2.161363974746282
2.161363974746282
2.161363974746282
2.161363974746282
2.161363974746282
2.161363974746282
2.1705556934151518
2.1705556934151518
2.1705556934151518
2.1705556934151518
2.1705556934151518
2.1705556934151518
2.1705556934151518
2.1705556934151518
2.1705556934151518
2.1705556934151518
2.1705556934151518
2.1705556934151518
2.1705556934151518
2.1705556934151518
2.1705556934151518
1.7182615245004322
2.0691273619099597
2.161363974746282
2.161363974746282
2.161363974746282
2.161363974746282
2.161363974746282
2.161363974746282
2.161363974746282
2.161363974746282
2.161363974746282
2.161363974746282
2.161363974746282
2.161363974746282
2.161363974746282
2.161363974746282
2.161363974746282
2.161363974746282
2.161363974746282
2.161363974746282
2.161363974746282
2.161363974746282
2.161363974746282
2.161363974746282
2.161363974746282
1.7182615245004322
2.0586219630241516
2.0746473355568003
2.143274687134175
2.161363974746282
2.161363974746282
2.161363974746282
2.161363974746282
2.161363974746282
2.161363974746282
2.161363974746282
2.161363974746282
2.161363974746282
2.1705556934151518
2.1705556934151518
2.1705556934151518
2.1705556934151518
2.1705556934151518
2.1705556934151518
2.1705556934151518
2.1705556934151518
2.1705556934151518
2.1705556934151518
2.1705556934151518
2.1705556934151518
1.7182615245004322
2.0746664849706935
2.1002443751081734
2.107977691012705
2.112744375108173
2.1320312573804183
2.156586952271654
2.156586952271654
2.156586952271654
2.156586952271654
2.156586952271654
2.156586952271654
2.156586952271654
2.156586952271654
2.156586952271654
2.156586952271654
2.156586952271654
2.156586952271654
2.161363974746282
2.161363974746282
2.161363974746282
2.161363974746282
2.161363974746282
2.161363974746282
2.161363974746282
1.7182615245004322
2.0669626568592157
2.07767294295197
2.1054450259332462
2.1054450259332462
2.105483324761033
2.105483324761033
2.1204968404265987
2.1204968404265987
2.13851681407344
2.13851681407344
2.1463577427710248
2.1510757896595467
2.1510757896595467
2.1510757896595467
2.1510757896595467
2.1510757896595467
2.1510757896595467
2.1510757896595467
2.1510757896595467
2.1541588452963967
2.1541588452963967
2.1541588452963967
2.1541588452963967
2.1541588452963967
