0.8125	-0.18290012865346744
0.7727272727272727	-0.17198385917201647
0.8068181818181818	-0.1761707104320768
0.7954545454545454	-0.17469764984312364
0.7840909090909091	-0.17247681844848112
0.7897727272727273	-0.17371759879782134
0.7897727272727273	-0.17371759879782134
0.7897727272727273	-0.17371759879782134
0.7897727272727273	-0.17371759879782134
0.7954545454545454	-0.17469764984312364
0.7954545454545454	-0.17469764984312364
0.7897727272727273	-0.17371759879782134
0.7897727272727273	-0.17371759879782134
0.7897727272727273	-0.17371759879782134
0.7954545454545454	-0.17469764984312364
0.7897727272727273	-0.17371759879782134
0.7897727272727273	-0.17371759879782134
0.7840909090909091	-0.17247681844848112
0.7897727272727273	-0.17371759879782134
0.7897727272727273	-0.17371759879782134
0.8068181818181818	-0.1761707104320768
0.8125	-0.18290012865346744
0.8125	-0.18290012865346744
0.7897727272727273	-0.17371759879782134
0.8125	-0.18290012865346744
0.7897727272727273	-0.17371759879782134
0.7954545454545454	-0.17469764984312364
0.7954545454545454	-0.17469764984312364
0.7954545454545454	-0.17469764984312364
0.7897727272727273	-0.17371759879782134
0.7840909090909091	-0.17247681844848112
0.7897727272727273	-0.17371759879782134
0.7954545454545454	-0.17469764984312364
0.7897727272727273	-0.17371759879782134
0.7897727272727273	-0.17371759879782134
0.7840909090909091	-0.17247681844848112
0.7954545454545454	-0.17469764984312364
0.7897727272727273	-0.17371759879782134
0.7897727272727273	-0.17371759879782134
0.7897727272727273	-0.17371759879782134
0.7897727272727273	-0.17371759879782134
0.7840909090909091	-0.17247681844848112
0.7840909090909091	-0.17247681844848112
0.7897727272727273	-0.17371759879782134
0.7897727272727273	-0.17371759879782134
0.8125	-0.18290012865346744
0.7840909090909091	-0.17247681844848112
0.7897727272727273	-0.17371759879782134
0.7897727272727273	-0.17371759879782134
0.7897727272727273	-0.17371759879782134
0.7897727272727273	-0.17371759879782134
0.7954545454545454	-0.17469764984312364
0.7897727272727273	-0.17371759879782134
0.7897727272727273	-0.17371759879782134
0.7897727272727273	-0.17371759879782134
0.7897727272727273	-0.17371759879782134
0.7897727272727273	-0.17371759879782134
0.7897727272727273	-0.17371759879782134
0.7897727272727273	-0.17371759879782134
0.7897727272727273	-0.17371759879782134
0.7954545454545454	-0.17469764984312364
0.7897727272727273	-0.17371759879782134
0.7954545454545454	-0.17469764984312364
0.7897727272727273	-0.17371759879782134
0.7897727272727273	-0.17371759879782134
0.7897727272727273	-0.17371759879782134
0.7840909090909091	-0.17247681844848112
0.7897727272727273	-0.17371759879782134
0.7897727272727273	-0.17371759879782134
0.8125	-0.18290012865346744
0.7897727272727273	-0.17371759879782134
0.7840909090909091	-0.17247681844848112
0.7897727272727273	-0.17371759879782134
0.7727272727272727	-0.17198385917201647
0.7840909090909091	-0.17247681844848112
0.7897727272727273	-0.17371759879782134
0.7954545454545454	-0.17469764984312364
0.7897727272727273	-0.17371759879782134
0.7954545454545454	-0.17469764984312364
0.7954545454545454	-0.17469764984312364
0.7897727272727273	-0.17371759879782134
0.7897727272727273	-0.17371759879782134
0.7727272727272727	-0.17198385917201647
0.7897727272727273	-0.17371759879782134
0.7897727272727273	-0.17371759879782134
0.7897727272727273	-0.17371759879782134
0.7897727272727273	-0.17371759879782134
0.7897727272727273	-0.17371759879782134
0.7954545454545454	-0.17469764984312364
0.8125	-0.18290012865346744
0.7897727272727273	-0.17371759879782134
0.7954545454545454	-0.17469764984312364
0.7954545454545454	-0.17469764984312364
0.7954545454545454	-0.17469764984312364
0.7897727272727273	-0.17371759879782134
0.7897727272727273	-0.17371759879782134
0.7897727272727273	-0.17371759879782134
0.7897727272727273	-0.17371759879782134
0.7954545454545454	-0.17469764984312364
0.7954545454545454	-0.17469764984312364
0.7954545454545454	-0.17469764984312364
0.7840909090909091	-0.17247681844848112
0.7954545454545454	-0.17469764984312364
0.7897727272727273	-0.17371759879782134
0.7897727272727273	-0.17371759879782134
0.7897727272727273	-0.17371759879782134
0.7897727272727273	-0.17371759879782134
0.7897727272727273	-0.17371759879782134
0.7954545454545454	-0.17469764984312364
0.7954545454545454	-0.17469764984312364
0.7954545454545454	-0.17469764984312364
0.7897727272727273	-0.17371759879782134
0.7897727272727273	-0.17371759879782134
0.7840909090909091	-0.17247681844848112
0.7954545454545454	-0.17469764984312364
0.7954545454545454	-0.17469764984312364
0.7897727272727273	-0.17371759879782134
0.7897727272727273	-0.17371759879782134
0.7897727272727273	-0.17371759879782134
0.7897727272727273	-0.17371759879782134
0.7897727272727273	-0.17371759879782134
0.7897727272727273	-0.17371759879782134
0.7954545454545454	-0.17469764984312364
0.7954545454545454	-0.17469764984312364
0.7954545454545454	-0.17469764984312364
0.7897727272727273	-0.17371759879782134
0.7840909090909091	-0.17247681844848112
0.8125	-0.18290012865346744
0.7897727272727273	-0.17371759879782134
0.7897727272727273	-0.17371759879782134
0.8125	-0.18290012865346744
0.7897727272727273	-0.17371759879782134
0.7897727272727273	-0.17371759879782134
0.7897727272727273	-0.17371759879782134
0.7840909090909091	-0.17247681844848112
0.7897727272727273	-0.17371759879782134
0.7897727272727273	-0.17371759879782134
0.7897727272727273	-0.17371759879782134
0.7897727272727273	-0.17371759879782134
0.7954545454545454	-0.17469764984312364
0.7897727272727273	-0.17371759879782134
0.7897727272727273	-0.17371759879782134
0.7897727272727273	-0.17371759879782134
0.7954545454545454	-0.17469764984312364
0.7897727272727273	-0.17371759879782134
0.7954545454545454	-0.17469764984312364
0.7897727272727273	-0.17371759879782134
0.7840909090909091	-0.17247681844848112
0.7840909090909091	-0.17247681844848112
0.7897727272727273	-0.17371759879782134
0.8068181818181818	-0.1761707104320768
0.7954545454545454	-0.17469764984312364
0.7840909090909091	-0.17247681844848112
0.7954545454545454	-0.17469764984312364
0.7954545454545454	-0.17469764984312364
0.7897727272727273	-0.17371759879782134
0.7897727272727273	-0.17371759879782134
0.7840909090909091	-0.17247681844848112
0.7954545454545454	-0.17469764984312364
0.7954545454545454	-0.17469764984312364
0.7954545454545454	-0.17469764984312364
0.7840909090909091	-0.17247681844848112
0.7897727272727273	-0.17371759879782134
0.7840909090909091	-0.17247681844848112
0.7954545454545454	-0.17469764984312364
0.7897727272727273	-0.17371759879782134
0.7897727272727273	-0.17371759879782134
0.7840909090909091	-0.17247681844848112
0.7897727272727273	-0.17371759879782134
0.7840909090909091	-0.17247681844848112
0.7897727272727273	-0.17371759879782134
0.7840909090909091	-0.17247681844848112
0.7897727272727273	-0.17371759879782134
0.7897727272727273	-0.17371759879782134
0.7954545454545454	-0.17469764984312364
0.7954545454545454	-0.17469764984312364
0.7840909090909091	-0.17247681844848112
0.8125	-0.18290012865346744
0.7897727272727273	-0.17371759879782134
0.7840909090909091	-0.17247681844848112
0.7897727272727273	-0.17371759879782134
0.7897727272727273	-0.17371759879782134
0.7840909090909091	-0.17247681844848112
0.7840909090909091	-0.17247681844848112
0.7897727272727273	-0.17371759879782134
0.7897727272727273	-0.17371759879782134
0.7954545454545454	-0.17469764984312364
0.8125	-0.18290012865346744
0.7897727272727273	-0.17371759879782134
0.7954545454545454	-0.17469764984312364
0.7840909090909091	-0.17247681844848112
0.7897727272727273	-0.17371759879782134
0.7897727272727273	-0.17371759879782134
0.7897727272727273	-0.17371759879782134
0.7954545454545454	-0.17469764984312364
0.8068181818181818	-0.1761707104320768
0.7897727272727273	-0.17371759879782134
0.7897727272727273	-0.17371759879782134
0.7897727272727273	-0.17371759879782134
0.7954545454545454	-0.17469764984312364
