0.7954545454545454	-0.1618153604962549
0.8238636363636364	-0.16450242687592592
0.8125	-0.1623005955381151
0.8181818181818182	-0.16331733912455787
0.8125	-0.1623005955381151
0.8125	-0.1623005955381151
0.7954545454545454	-0.1618153604962549
0.8125	-0.1623005955381151
0.7954545454545454	-0.1618153604962549
0.8238636363636364	-0.16450242687592592
0.8238636363636364	-0.16450242687592592
0.8125	-0.1623005955381151
0.8125	-0.1623005955381151
0.8125	-0.1623005955381151
0.8125	-0.1623005955381151
0.8125	-0.1623005955381151
0.8125	-0.1623005955381151
0.8125	-0.1623005955381151
0.8181818181818182	-0.16331733912455787
0.8181818181818182	-0.16331733912455787
0.8181818181818182	-0.16331733912455787
0.8181818181818182	-0.16331733912455787
0.8125	-0.1623005955381151
0.8181818181818182	-0.16331733912455787
0.8125	-0.1623005955381151
0.8125	-0.1623005955381151
0.8125	-0.1623005955381151
0.8125	-0.1623005955381151
0.8238636363636364	-0.16450242687592592
0.8125	-0.1623005955381151
0.8125	-0.1623005955381151
0.7954545454545454	-0.1618153604962549
0.8125	-0.1623005955381151
0.8125	-0.1623005955381151
0.8181818181818182	-0.16331733912455787
0.8125	-0.1623005955381151
0.7954545454545454	-0.1618153604962549
0.8125	-0.1623005955381151
0.8125	-0.1623005955381151
0.8125	-0.1623005955381151
0.8125	-0.1623005955381151
0.8125	-0.1623005955381151
0.8181818181818182	-0.16331733912455787
0.8125	-0.1623005955381151
0.8238636363636364	-0.16450242687592592
0.8181818181818182	-0.16331733912455787
0.8238636363636364	-0.16450242687592592
0.8181818181818182	-0.16331733912455787
0.8181818181818182	-0.16331733912455787
0.8125	-0.1623005955381151
0.8125	-0.1623005955381151
0.8125	-0.1623005955381151
0.7954545454545454	-0.1618153604962549
0.8181818181818182	-0.16331733912455787
0.8181818181818182	-0.16331733912455787
0.7954545454545454	-0.1618153604962549
0.7954545454545454	-0.1618153604962549
0.7954545454545454	-0.1618153604962549
0.8181818181818182	-0.16331733912455787
0.7954545454545454	-0.1618153604962549
0.8125	-0.1623005955381151
0.7954545454545454	-0.1618153604962549
0.8125	-0.1623005955381151
0.7954545454545454	-0.1618153604962549
0.7954545454545454	-0.1618153604962549
0.8181818181818182	-0.16331733912455787
0.8125	-0.1623005955381151
0.8125	-0.1623005955381151
0.8125	-0.1623005955381151
0.8181818181818182	-0.16331733912455787
0.8238636363636364	-0.16450242687592592
0.8181818181818182	-0.16331733912455787
0.8125	-0.1623005955381151
0.7954545454545454	-0.1618153604962549
0.8125	-0.1623005955381151
0.8125	-0.1623005955381151
0.8125	-0.1623005955381151
0.8125	-0.1623005955381151
0.8125	-0.1623005955381151
0.8125	-0.1623005955381151
0.8125	-0.1623005955381151
0.8125	-0.1623005955381151
0.8125	-0.1623005955381151
0.7954545454545454	-0.1618153604962549
0.8181818181818182	-0.16331733912455787
0.8125	-0.1623005955381151
0.8125	-0.1623005955381151
0.7954545454545454	-0.1618153604962549
0.8181818181818182	-0.16331733912455787
0.8125	-0.1623005955381151
0.7954545454545454	-0.1618153604962549
0.8125	-0.1623005955381151
0.8125	-0.1623005955381151
0.8125	-0.1623005955381151
0.8125	-0.1623005955381151
0.7954545454545454	-0.1618153604962549
0.8181818181818182	-0.16331733912455787
0.8125	-0.1623005955381151
0.8125	-0.1623005955381151
0.7954545454545454	-0.1618153604962549
0.8181818181818182	-0.16331733912455787
0.8181818181818182	-0.16331733912455787
0.8125	-0.1623005955381151
0.8125	-0.1623005955381151
0.8181818181818182	-0.16331733912455787
0.8125	-0.1623005955381151
0.8125	-0.1623005955381151
0.8125	-0.1623005955381151
0.8125	-0.1623005955381151
0.8125	-0.1623005955381151
0.8181818181818182	-0.16331733912455787
0.8125	-0.1623005955381151
0.8238636363636364	-0.16450242687592592
0.8125	-0.1623005955381151
0.8125	-0.1623005955381151
0.8125	-0.1623005955381151
0.8125	-0.1623005955381151
0.8125	-0.1623005955381151
0.7954545454545454	-0.1618153604962549
0.7954545454545454	-0.1618153604962549
0.8125	-0.1623005955381151
0.8125	-0.1623005955381151
0.8125	-0.1623005955381151
0.8125	-0.1623005955381151
0.8125	-0.1623005955381151
0.8125	-0.1623005955381151
0.8125	-0.1623005955381151
0.8125	-0.1623005955381151
0.8125	-0.1623005955381151
0.8125	-0.1623005955381151
0.8125	-0.1623005955381151
0.8125	-0.1623005955381151
0.8125	-0.1623005955381151
0.8125	-0.1623005955381151
0.8125	-0.1623005955381151
0.8181818181818182	-0.16331733912455787
0.8125	-0.1623005955381151
0.7954545454545454	-0.1618153604962549
0.7954545454545454	-0.1618153604962549
0.8125	-0.1623005955381151
0.8181818181818182	-0.16331733912455787
0.8125	-0.1623005955381151
0.8181818181818182	-0.16331733912455787
0.8125	-0.1623005955381151
0.8125	-0.1623005955381151
0.8181818181818182	-0.16331733912455787
0.7954545454545454	-0.1618153604962549
0.8125	-0.1623005955381151
0.8125	-0.1623005955381151
0.8125	-0.1623005955381151
0.8125	-0.1623005955381151
0.8125	-0.1623005955381151
0.8181818181818182	-0.16331733912455787
0.7954545454545454	-0.1618153604962549
0.8125	-0.1623005955381151
0.8125	-0.1623005955381151
0.8181818181818182	-0.16331733912455787
0.8125	-0.1623005955381151
0.8125	-0.1623005955381151
0.8125	-0.1623005955381151
0.8238636363636364	-0.16450242687592592
0.7954545454545454	-0.1618153604962549
0.8125	-0.1623005955381151
0.8125	-0.1623005955381151
0.8125	-0.1623005955381151
0.7954545454545454	-0.1618153604962549
0.8125	-0.1623005955381151
0.8125	-0.1623005955381151
0.8125	-0.1623005955381151
0.8125	-0.1623005955381151
0.8181818181818182	-0.16331733912455787
0.8238636363636364	-0.16450242687592592
0.7954545454545454	-0.1618153604962549
0.8238636363636364	-0.16450242687592592
0.7954545454545454	-0.1618153604962549
0.8181818181818182	-0.16331733912455787
0.8125	-0.1623005955381151
0.8238636363636364	-0.16450242687592592
0.8238636363636364	-0.16450242687592592
0.7954545454545454	-0.1618153604962549
0.8125	-0.1623005955381151
0.8181818181818182	-0.16331733912455787
0.8125	-0.1623005955381151
0.8125	-0.1623005955381151
0.8125	-0.1623005955381151
0.8181818181818182	-0.16331733912455787
0.8125	-0.1623005955381151
0.8125	-0.1623005955381151
0.8125	-0.1623005955381151
0.7954545454545454	-0.1618153604962549
0.7954545454545454	-0.1618153604962549
0.8181818181818182	-0.16331733912455787
0.7954545454545454	-0.1618153604962549
0.8181818181818182	-0.16331733912455787
0.8125	-0.1623005955381151
0.8125	-0.1623005955381151
0.8181818181818182	-0.16331733912455787
0.8125	-0.1623005955381151
0.8125	-0.1623005955381151
0.8125	-0.1623005955381151
