1.5300870658125032
2.0685352740858365
2.1512938910191264
2.1547150768049996
2.1547150768049996
2.1547150768049996
2.1547150768049996
2.1547150768049996
2.1547150768049996
2.1547150768049996
2.1547150768049996
2.1547150768049996
2.1547150768049996
2.1547150768049996
2.1547150768049996
2.1547150768049996
2.1547150768049996
2.1547150768049996
2.1547150768049996
2.1547150768049996
2.1547150768049996
2.1547150768049996
2.1547150768049996
2.1547150768049996
2.1547150768049996
1.5300870658125032
2.0591877383448276
2.16564723644878
2.1713397748536694
2.1713397748536694
2.1713397748536694
2.1713397748536694
2.1713397748536694
2.1713397748536694
2.1713397748536694
2.1713397748536694
2.1713397748536694
2.1713397748536694
2.1713397748536694
2.1713397748536694
2.1713397748536694
2.1713397748536694
2.1713397748536694
2.1713397748536694
2.1713397748536694
2.1713397748536694
2.1713397748536694
2.1713397748536694
2.1713397748536694
2.1713397748536694
1.5300870658125032
2.1132888409646795
2.1303416971228155
2.130344061238404
2.130344061238404
2.130344061238404
2.130344061238404
2.130344061238404
2.130344061238404
2.130344061238404
2.130344061238404
2.130344061238404
2.130344061238404
2.130344061238404
2.130344061238404
2.130344061238404
2.130344061238404
2.130344061238404
2.130344061238404
2.130344061238404
2.130344061238404
2.130344061238404
2.130344061238404
2.130344061238404
2.130344061238404
1.5300870658125032
2.1016789875561677
2.153293802392815
2.153357694440833
2.1533985290855893
2.1533985290855893
2.1544706893840777
2.1544706893840777
2.1544706893840777
2.1544706893840777
2.1544706893840777
2.1544706893840777
2.15447994467439
2.15447994467439
2.15447994467439
2.15447994467439
2.15447994467439
2.174045453056559
2.174045453056559
2.174045453056559
2.174045453056559
2.174045453056559
2.174045453056559
2.174045453056559
2.174045453056559
1.5300870658125032
2.0011081854432735
2.0463040931602112
2.0554318124282487
2.0554318124282487
2.0554318124282487
2.0554318124282487
2.0554318124282487
2.0554318124282487
2.0554318124282487
2.0554318124282487
2.0554318124282487
2.0554318124282487
2.0554318124282487
2.0554318124282487
2.0554318124282487
2.0554318124282487
2.0554318124282487
2.0554318124282487
2.0554318124282487
2.0554318124282487
2.0554318124282487
2.0554318124282487
2.0554318124282487
2.0554318124282487
1.5300870658125032
2.1147811569744843
2.152182419782427
2.174876802709664
2.174876802709664
2.174876802709664
2.174876802709664
2.174876802709664
2.174876802709664
2.174876802709664
2.174876802709664
2.174876802709664
2.174876802709664
2.174876802709664
2.174876802709664
2.174876802709664
2.174876802709664
2.174876802709664
2.174876802709664
2.174876802709664
2.174876802709664
2.174876802709664
2.174876802709664
2.174876802709664
2.174876802709664
1.5300870658125032
2.1046996805135736
2.1192771529039094
2.1244280447591786
2.133864088921744
2.133864088921744
2.133864088921744
2.133864088921744
2.133864088921744
2.133864088921744
2.133864088921744
2.133864088921744
2.133864088921744
2.133864088921744
2.133864088921744
2.133864088921744
2.133864088921744
2.133864088921744
2.133864088921744
2.133864088921744
2.133864088921744
2.133864088921744
2.133864088921744
2.133864088921744
2.133864088921744
1.5300870658125032
2.103889346563444
2.170052778602569
2.170052778602569
2.170052778602569
2.170052778602569
2.170052778602569
2.170052778602569
2.170052778602569
2.170052778602569
2.170052778602569
2.183934863999801
2.183934863999801
2.183934863999801
2.183934863999801
2.183934863999801
2.183934863999801
2.183934863999801
2.183934863999801
2.183934863999801
2.183934863999801
2.183934863999801
2.183934863999801
2.183934863999801
2.183934863999801
1.5300870658125032
2.0672296196455284
2.1363395204036
2.1421720678974694
2.1421720678974694
2.1421720678974694
2.1421720678974694
2.1421720678974694
2.1421720678974694
2.1421720678974694
2.1421720678974694
2.1421720678974694
2.1421720678974694
2.1421720678974694
2.1442767209144873
2.1442767209144873
2.1442767209144873
2.1442767209144873
2.1442767209144873
2.1442767209144873
2.1477994168881605
2.1477994168881605
2.1477994168881605
2.1477994168881605
2.1477994168881605
1.5300870658125032
2.0445931827185837
2.173480032409314
2.1829610185454866
2.1829610185454866
2.1829610185454866
2.1829610185454866
2.1829610185454866
2.1829610185454866
2.1829610185454866
2.1829610185454866
2.1829610185454866
2.1829610185454866
2.1835049633576955
2.1835049633576955
2.1835049633576955
2.1835049633576955
2.1835049633576955
2.1835049633576955
2.1835049633576955
2.1835049633576955
2.1835049633576955
2.1835049633576955
2.1835049633576955
2.1835049633576955
1.5300870658125032
2.05204681877407
2.0873609821827843
2.0873609821827843
2.0873609821827843
2.0873609821827843
2.0873609821827843
2.0873609821827843
2.0873609821827843
2.0873609821827843
2.0873609821827843
2.0873609821827843
2.0873609821827843
2.0873609821827843
2.0873609821827843
2.0873609821827843
2.0873609821827843
2.0873609821827843
2.0873609821827843
2.0873609821827843
2.0873609821827843
2.0873609821827843
2.0873609821827843
2.0873609821827843
2.0873609821827843
1.5300870658125032
2.0992946438221174
2.153370889936436
2.171168901968207
2.171168901968207
2.171168901968207
2.171168901968207
2.171168901968207
2.171168901968207
2.171168901968207
2.171168901968207
2.171168901968207
2.171168901968207
2.171168901968207
2.171168901968207
2.171168901968207
2.171168901968207
2.171168901968207
2.171168901968207
2.171168901968207
2.171168901968207
2.171168901968207
2.171168901968207
2.171168901968207
2.171168901968207
1.5300870658125032
2.1234932580412567
2.178746410508531
2.178746410508531
2.178746410508531
2.178746410508531
2.178746410508531
2.17876182911296
2.17876182911296
2.17876182911296
2.17876182911296
2.17876182911296
2.17876182911296
2.17876182911296
2.17876182911296
2.17876182911296
2.17876182911296
2.17876182911296
2.17876182911296
2.17876182911296
2.17876182911296
2.17876182911296
2.17876182911296
2.17876182911296
2.17876182911296
1.5300870658125032
2.064734262985098
2.144250270906671
2.144250270906671
2.1804835886291793
2.1804835886291793
2.1804835886291793
2.1804835886291793
2.1804835886291793
2.1804835886291793
2.1804835886291793
2.1804835886291793
2.1804835886291793
2.1804835886291793
2.1804835886291793
2.1804835886291793
2.1804835886291793
2.1804835886291793
2.1804835886291793
2.1804835886291793
2.1804835886291793
2.1804835886291793
2.1804835886291793
2.1804835886291793
2.1804835886291793
1.5300870658125032
2.058352443797099
2.147072975336369
2.1509323528940456
2.1509323528940456
2.1509323528940456
2.1509323528940456
2.1509323528940456
2.1509323528940456
2.1509323528940456
2.1509323528940456
2.1509323528940456
2.1657652909558287
2.1657652909558287
2.1657652909558287
2.1657652909558287
2.1657652909558287
2.1657652909558287
2.1657652909558287
2.1657652909558287
2.1657652909558287
2.1657652909558287
2.1657652909558287
2.1657652909558287
2.1657652909558287
1.5300870658125032
2.07753956311615
2.1057784153381642
2.145288802751563
2.147072975336369
2.147072975336369
2.147072975336369
2.147072975336369
2.147072975336369
2.147072975336369
2.150929721049911
2.1509323528940456
2.1657652909558287
2.1657652909558287
2.1657652909558287
2.1657652909558287
2.1657652909558287
2.1657652909558287
2.1657652909558287
2.1657652909558287
2.1657652909558287
2.1657652909558287
2.1657652909558287
2.1657652909558287
2.1657652909558287
1.5300870658125032
2.123250613049657
2.1657652909558287
2.1657652909558287
2.1657652909558287
2.1657652909558287
2.1657652909558287
2.1657652909558287
2.1657652909558287
2.1657652909558287
2.1657652909558287
2.1657652909558287
2.1657652909558287
2.1657652909558287
2.1657652909558287
2.1657652909558287
2.1657652909558287
2.1657652909558287
2.1657652909558287
2.1657652909558287
2.1657652909558287
2.1657652909558287
2.1657652909558287
2.1657652909558287
2.1657652909558287
