1.5300870658125032
2.0685352740858365
2.1512938910191264
2.1547150768049996
2.1547150768049996
2.1547150768049996
2.1547150768049996
2.1547150768049996
2.1547150768049996
2.1547150768049996
2.1547150768049996
2.1547150768049996
2.1547150768049996
2.1547150768049996
2.1547150768049996
2.1547150768049996
2.1547150768049996
2.1547150768049996
2.1547150768049996
2.1547150768049996
2.1547150768049996
2.1547150768049996
2.1547150768049996
2.1547150768049996
2.1547150768049996
1.5300870658125032
2.0591877383448276
2.16564723644878
2.1713397748536694
2.1713397748536694
2.1713397748536694
2.1713397748536694
2.1713397748536694
2.1713397748536694
2.1713397748536694
2.1713397748536694
2.1713397748536694
2.1713397748536694
2.1713397748536694
2.1713397748536694
2.1713397748536694
2.1713397748536694
2.1713397748536694
2.1713397748536694
2.1713397748536694
2.1713397748536694
2.1713397748536694
2.1713397748536694
2.1713397748536694
2.1713397748536694
1.5300870658125032
2.1132888409646795
2.1303416971228155
2.130344061238404
2.130344061238404
2.130344061238404
2.130344061238404
2.130344061238404
2.130344061238404
2.130344061238404
2.130344061238404
2.130344061238404
2.130344061238404
2.130344061238404
2.130344061238404
2.130344061238404
2.130344061238404
2.130344061238404
2.130344061238404
2.130344061238404
2.130344061238404
2.130344061238404
2.130344061238404
2.130344061238404
2.130344061238404
