1.9216653274329334
2.266758740638031
2.364641014150583
2.364641014150583
2.364641014150583
2.364641014150583
2.364641014150583
2.364641014150583
2.364641014150583
2.364641014150583
2.364641014150583
2.364641014150583
2.364641014150583
2.364641014150583
2.364641014150583
2.364641014150583
2.364641014150583
2.364641014150583
2.364641014150583
2.364641014150583
2.364641014150583
2.364641014150583
2.364641014150583
2.364641014150583
2.364641014150583
1.9216653274329334
2.2586823617628875
2.3113627635315876
2.3113627635315876
2.3113627635315876
2.3113627635315876
2.3113627635315876
2.3113627635315876
2.3113627635315876
2.3113627635315876
2.3113627635315876
2.3113627635315876
2.3113627635315876
2.3113627635315876
2.3113627635315876
2.3113627635315876
2.3113627635315876
2.3113627635315876
2.3113627635315876
2.3113627635315876
2.3113627635315876
2.3113627635315876
2.3113627635315876
2.3113627635315876
2.3113627635315876
