1.9216653274329334
2.266758740638031
2.364641014150583
2.364641014150583
2.364641014150583
2.364641014150583
2.364641014150583
2.364641014150583
2.364641014150583
2.364641014150583
2.364641014150583
2.364641014150583
2.364641014150583
2.364641014150583
2.364641014150583
2.364641014150583
2.364641014150583
2.364641014150583
2.364641014150583
2.364641014150583
2.364641014150583
2.364641014150583
2.364641014150583
2.364641014150583
2.364641014150583
1.9216653274329334
2.2586823617628875
2.3113627635315876
2.3113627635315876
2.3113627635315876
2.3113627635315876
2.3113627635315876
2.3113627635315876
2.3113627635315876
2.3113627635315876
2.3113627635315876
2.3113627635315876
2.3113627635315876
2.3113627635315876
2.3113627635315876
2.3113627635315876
2.3113627635315876
2.3113627635315876
2.3113627635315876
2.3113627635315876
2.3113627635315876
2.3113627635315876
2.3113627635315876
2.3113627635315876
2.3113627635315876
1.9216653274329334
2.274835119513174
2.31952105294299
2.31952105294299
2.31952105294299
2.31952105294299
2.31952105294299
2.31952105294299
2.31952105294299
2.31952105294299
2.31952105294299
2.31952105294299
2.31952105294299
2.31952105294299
2.31952105294299
2.31952105294299
2.31952105294299
2.31952105294299
2.31952105294299
2.31952105294299
2.31952105294299
2.31952105294299
2.31952105294299
2.31952105294299
2.31952105294299
1.9216653274329334
2.2145942771833678
2.3113627635315876
2.3113627635315876
2.3113627635315876
2.3113627635315876
2.3113627635315876
2.3113627635315876
2.3113627635315876
2.3113627635315876
2.3113627635315876
2.3113627635315876
2.3113627635315876
2.3113627635315876
2.3113627635315876
2.3113627635315876
2.3113627635315876
2.3113627635315876
2.3113627635315876
2.3113627635315876
2.3113627635315876
2.3113627635315876
2.3113627635315876
2.3113627635315876
2.3113627635315876
1.9216653274329334
2.266758740638031
2.3113627635315876
2.3113627635315876
2.3113627635315876
2.3113627635315876
2.3113627635315876
2.3113627635315876
2.3113627635315876
2.3113627635315876
2.3113627635315876
2.3113627635315876
2.3113627635315876
2.3113627635315876
2.3113627635315876
2.3113627635315876
2.3113627635315876
2.3113627635315876
2.3113627635315876
2.3113627635315876
2.3113627635315876
2.3113627635315876
2.3113627635315876
2.3113627635315876
2.3113627635315876
1.9216653274329334
2.3113627635315876
2.3113627635315876
2.3113627635315876
2.3113627635315876
2.3113627635315876
2.3113627635315876
2.3113627635315876
2.3113627635315876
2.3113627635315876
2.3113627635315876
2.3113627635315876
2.3113627635315876
2.3113627635315876
2.3113627635315876
2.3113627635315876
2.3113627635315876
2.3113627635315876
2.3113627635315876
2.3113627635315876
2.3113627635315876
2.3113627635315876
2.3113627635315876
2.3113627635315876
2.3113627635315876
1.9216653274329334
2.274835119513174
2.3113627635315876
2.3113627635315876
2.3113627635315876
2.3113627635315876
2.3113627635315876
2.3113627635315876
2.3113627635315876
2.3113627635315876
2.3113627635315876
2.3113627635315876
2.3113627635315876
2.3113627635315876
2.3113627635315876
2.3113627635315876
2.3113627635315876
2.3113627635315876
2.3113627635315876
2.3113627635315876
2.3113627635315876
2.3113627635315876
2.3113627635315876
2.3113627635315876
2.3113627635315876
1.9216653274329334
2.2145942771833678
2.418517113619875
2.418517113619875
2.418517113619875
2.418517113619875
2.418517113619875
2.418517113619875
2.418517113619875
2.418517113619875
2.418517113619875
2.418517113619875
2.418517113619875
2.418517113619875
2.418517113619875
2.418517113619875
2.418517113619875
2.418517113619875
2.418517113619875
2.418517113619875
2.418517113619875
2.418517113619875
2.418517113619875
2.418517113619875
2.418517113619875
1.9216653274329334
2.31952105294299
2.31952105294299
2.364641014150583
2.364641014150583
2.364641014150583
2.364641014150583
2.364641014150583
2.364641014150583
2.364641014150583
2.364641014150583
2.364641014150583
2.364641014150583
2.364641014150583
2.364641014150583
2.364641014150583
2.364641014150583
2.364641014150583
2.364641014150583
2.364641014150583
2.364641014150583
2.364641014150583
2.364641014150583
2.364641014150583
2.364641014150583
1.9216653274329334
2.2586823617628875
2.3113627635315876
2.3113627635315876
2.31952105294299
2.31952105294299
2.31952105294299
2.31952105294299
2.31952105294299
2.31952105294299
2.31952105294299
2.31952105294299
2.31952105294299
2.31952105294299
2.31952105294299
2.31952105294299
2.31952105294299
2.31952105294299
2.31952105294299
2.31952105294299
2.31952105294299
2.31952105294299
2.31952105294299
2.31952105294299
2.31952105294299
1.9216653274329334
2.266758740638031
2.3113627635315876
2.3113627635315876
2.3113627635315876
2.3113627635315876
2.3113627635315876
2.3113627635315876
2.3113627635315876
2.3113627635315876
2.3113627635315876
2.3113627635315876
2.3113627635315876
2.3113627635315876
2.3113627635315876
2.3113627635315876
2.3113627635315876
2.3113627635315876
2.3113627635315876
2.3113627635315876
2.3113627635315876
2.3113627635315876
2.3113627635315876
2.3113627635315876
2.3113627635315876
1.9216653274329334
2.372881214098244
2.372881214098244
2.418517113619875
2.418517113619875
2.418517113619875
2.418517113619875
2.418517113619875
2.418517113619875
2.418517113619875
2.418517113619875
2.418517113619875
2.418517113619875
2.418517113619875
2.418517113619875
2.418517113619875
2.418517113619875
2.418517113619875
2.418517113619875
2.418517113619875
2.418517113619875
2.418517113619875
2.418517113619875
2.418517113619875
2.418517113619875
1.9216653274329334
2.266758740638031
2.266758740638031
2.3113627635315876
2.3113627635315876
2.3113627635315876
2.3113627635315876
2.3113627635315876
2.3113627635315876
2.3113627635315876
2.3113627635315876
2.3113627635315876
2.3113627635315876
2.3113627635315876
2.3113627635315876
2.3113627635315876
2.3113627635315876
2.3113627635315876
2.3113627635315876
2.3113627635315876
2.3113627635315876
2.3113627635315876
2.3113627635315876
2.3113627635315876
2.3113627635315876
1.9216653274329334
2.266758740638031
2.31952105294299
2.31952105294299
2.364641014150583
2.364641014150583
2.364641014150583
2.364641014150583
2.364641014150583
2.364641014150583
2.364641014150583
2.364641014150583
2.364641014150583
2.364641014150583
2.364641014150583
2.364641014150583
2.364641014150583
2.364641014150583
2.364641014150583
2.364641014150583
2.364641014150583
2.364641014150583
2.364641014150583
2.364641014150583
2.364641014150583
1.9216653274329334
2.266758740638031
2.364641014150583
2.364641014150583
2.364641014150583
2.364641014150583
2.364641014150583
2.364641014150583
2.364641014150583
2.364641014150583
2.364641014150583
2.364641014150583
2.364641014150583
2.364641014150583
2.364641014150583
2.364641014150583
2.364641014150583
2.364641014150583
2.364641014150583
2.364641014150583
2.364641014150583
2.364641014150583
2.364641014150583
2.364641014150583
2.364641014150583
1.9216653274329334
2.266758740638031
2.3113627635315876
2.3113627635315876
2.3113627635315876
2.3113627635315876
2.3113627635315876
2.3113627635315876
2.3113627635315876
2.3113627635315876
2.3113627635315876
2.3113627635315876
2.3113627635315876
2.3113627635315876
2.3113627635315876
2.3113627635315876
2.3113627635315876
2.3113627635315876
2.3113627635315876
2.3113627635315876
2.3113627635315876
2.3113627635315876
2.3113627635315876
2.3113627635315876
2.3113627635315876
1.9216653274329334
2.3113627635315876
2.3113627635315876
2.3113627635315876
2.3113627635315876
2.3113627635315876
2.3113627635315876
2.3113627635315876
2.3113627635315876
2.3113627635315876
2.3113627635315876
2.3113627635315876
2.3113627635315876
2.3113627635315876
2.3113627635315876
2.3113627635315876
2.3113627635315876
2.3113627635315876
2.3113627635315876
2.3113627635315876
2.3113627635315876
2.3113627635315876
2.3113627635315876
2.3113627635315876
2.3113627635315876
1.9216653274329334
2.266758740638031
2.364641014150583
2.364641014150583
2.364641014150583
2.364641014150583
2.364641014150583
2.364641014150583
2.364641014150583
2.364641014150583
2.364641014150583
2.364641014150583
2.364641014150583
2.364641014150583
2.364641014150583
2.364641014150583
2.364641014150583
2.364641014150583
2.364641014150583
2.364641014150583
2.364641014150583
2.364641014150583
2.364641014150583
2.364641014150583
2.364641014150583
1.9216653274329334
2.266758740638031
2.372881214098244
2.418517113619875
2.418517113619875
2.418517113619875
2.418517113619875
2.418517113619875
2.418517113619875
2.418517113619875
2.418517113619875
2.418517113619875
2.418517113619875
2.418517113619875
2.418517113619875
2.418517113619875
2.418517113619875
2.418517113619875
2.418517113619875
2.418517113619875
2.418517113619875
2.418517113619875
2.418517113619875
2.418517113619875
2.418517113619875
1.9216653274329334
2.2586823617628875
2.2586823617628875
2.3113627635315876
2.3113627635315876
2.3113627635315876
2.3113627635315876
2.3113627635315876
2.3113627635315876
2.3113627635315876
2.3113627635315876
2.3113627635315876
2.3113627635315876
2.3113627635315876
2.3113627635315876
2.3113627635315876
2.3113627635315876
2.3113627635315876
2.3113627635315876
2.3113627635315876
2.3113627635315876
2.3113627635315876
2.3113627635315876
2.3113627635315876
2.3113627635315876
