1.8078151966597575
2.0430116137680323
2.0904316165154064
2.151876041361812
2.1714525171578747
2.1714525171578747
2.1714525171578747
2.1714525171578747
2.1714525171578747
2.1714525171578747
2.1714525171578747
2.1714525171578747
2.1714525171578747
2.1714525171578747
2.1714525171578747
2.1714525171578747
2.188083633644395
2.188083633644395
2.188083633644395
2.188083633644395
2.188083633644395
2.188083633644395
2.188083633644395
2.188083633644395
2.188083633644395
1.8078151966597575
2.060341732244709
2.1292805855641146
2.145865627373989
2.145865627373989
2.145865627373989
2.145865627373989
2.145865627373989
2.145865627373989
2.145865627373989
2.145865627373989
2.145865627373989
2.145865627373989
2.145865627373989
2.145865627373989
2.145865627373989
2.145865627373989
2.145865627373989
2.145865627373989
2.145865627373989
2.145865627373989
2.145865627373989
2.145865627373989
2.145865627373989
2.145865627373989
1.8078151966597575
1.984127166558492
2.056547754617063
2.0904316165154064
2.1706799060075297
2.1706799060075297
2.1706799060075297
2.1706799060075297
2.1706799060075297
2.1706799060075297
2.1706799060075297
2.1706799060075297
2.1706799060075297
2.1706799060075297
2.178327703181238
2.178327703181238
2.178327703181238
2.178327703181238
2.178327703181238
2.178327703181238
2.190408373075301
2.190408373075301
2.190408373075301
2.190408373075301
2.190408373075301
1.8078151966597575
2.0228206569417604
2.197343401017081
2.201257062481561
2.2111212960154467
2.2111212960154467
2.2111212960154467
2.2111212960154467
2.2111212960154467
2.2111212960154467
2.2111212960154467
2.2111212960154467
2.2111212960154467
2.2111212960154467
2.2111212960154467
2.2111212960154467
2.2111212960154467
2.2111212960154467
2.2111212960154467
2.2111212960154467
2.2111212960154467
2.2111212960154467
2.2111212960154467
2.2111212960154467
2.2111212960154467
1.8078151966597575
1.9899072071630863
2.133936948751635
2.133936948751635
2.133936948751635
2.1339668697108434
2.1436791119730207
2.145865627373989
2.145865627373989
2.145865627373989
2.145865627373989
2.145865627373989
2.145865627373989
2.145865627373989
2.145865627373989
2.145865627373989
2.145865627373989
2.145865627373989
2.145865627373989
2.145865627373989
2.145865627373989
2.145865627373989
2.145865627373989
2.145865627373989
2.145865627373989
1.8078151966597575
2.083710808239418
2.1882356249161035
2.2172238593565607
2.2172238593565607
2.2172238593565607
2.2172238593565607
2.2172238593565607
2.2172238593565607
2.2172238593565607
2.2172238593565607
2.2172238593565607
2.2172238593565607
2.2172238593565607
2.2172238593565607
2.2172238593565607
2.2172238593565607
2.2172238593565607
2.2172238593565607
2.2172238593565607
2.2172238593565607
2.2172238593565607
2.2172238593565607
2.2172238593565607
2.2172238593565607
1.8078151966597575
2.2050510401092063
2.2051108820276237
2.2051108820276237
2.2051108820276237
2.2051108820276237
2.2111212960154467
2.2111212960154467
2.2111212960154467
2.2111212960154467
2.2111212960154467
2.2111212960154467
2.2111212960154467
2.2111212960154467
2.2111212960154467
2.2111212960154467
2.2111212960154467
2.2111212960154467
2.2111212960154467
2.2111212960154467
2.2111212960154467
2.2111212960154467
2.2111212960154467
2.2111212960154467
2.2111212960154467
1.8078151966597575
2.0882911757910834
2.145865627373989
2.174563646512801
2.174563646512801
2.174563646512801
2.2051108820276237
2.2051108820276237
2.2051108820276237
2.2051108820276237
2.2051108820276237
2.2051108820276237
2.2111212960154467
2.2111212960154467
2.2111212960154467
2.2111212960154467
2.2111212960154467
2.2111212960154467
2.2111212960154467
2.2111212960154467
2.2111212960154467
2.2111212960154467
2.2111212960154467
2.2111212960154467
2.2111212960154467
1.8078151966597575
2.151876041361812
2.2111212960154467
2.2111212960154467
2.2111212960154467
2.2111212960154467
2.2111212960154467
2.2111212960154467
2.2111212960154467
2.2111212960154467
2.2111212960154467
2.2111212960154467
2.2111212960154467
2.2331906562315607
2.2331906562315607
2.2331906562315607
2.2331906562315607
2.2331906562315607
2.2331906562315607
2.2331906562315607
2.2331906562315607
2.2331906562315607
2.2331906562315607
2.2331906562315607
2.2331906562315607
1.8078151966597575
2.072026270242063
2.117503898213469
2.133936948751635
2.133936948751635
2.134059019064135
2.151876041361812
2.151876041361812
2.151876041361812
2.151876041361812
2.151876041361812
2.201257062481561
2.2051108820276237
2.2111212960154467
2.2111212960154467
2.2149451946023007
2.2149451946023007
2.2149451946023007
2.2149451946023007
2.2331906562315607
2.2795747364684127
2.2795747364684127
2.2795747364684127
2.2795747364684127
2.2795747364684127
1.8078151966597575
2.0307686727542205
2.0851985866292604
2.0853804988601774
2.0853804988601774
2.0853804988601774
2.0853804988601774
2.101875777792426
2.117503898213469
2.145805785455572
2.145805785455572
2.145805785455572
2.151876041361812
2.151876041361812
2.151876041361812
2.151876041361812
2.151876041361812
2.151876041361812
2.168507157848332
2.168507157848332
2.168507157848332
2.188083633644395
2.188083633644395
2.188083633644395
2.188083633644395
1.8078151966597575
2.028600697546355
2.1136799996266147
2.1136799996266147
2.151876041361812
2.151876041361812
2.151876041361812
2.151876041361812
2.151876041361812
2.151876041361812
2.151876041361812
2.151876041361812
2.151876041361812
2.151876041361812
2.151876041361812
2.151876041361812
2.151876041361812
2.151876041361812
2.151876041361812
2.151876041361812
2.151876041361812
2.1714525171578747
2.1714525171578747
2.1714525171578747
2.1714525171578747
1.8078151966597575
2.0307686727542205
2.1480222218157494
2.190408373075301
2.2072375555101758
2.2072375555101758
2.2072375555101758
2.2072375555101758
2.2148853526838836
2.2148853526838836
2.2148853526838836
2.2148853526838836
2.2148853526838836
2.2148853526838836
2.2148853526838836
2.2148853526838836
2.2149451946023007
2.2149451946023007
2.2149451946023007
2.2149451946023007
2.2149451946023007
2.2149451946023007
2.2150696513904666
2.2150696513904666
2.256336621673341
1.8078151966597575
2.0796142254973544
2.1233162462529376
2.139947362739458
2.139947362739458
2.139947362739458
2.139947362739458
2.139947362739458
2.145865627373989
2.145865627373989
2.145865627373989
2.145865627373989
2.145865627373989
2.145865627373989
2.145865627373989
2.145865627373989
2.145865627373989
2.145865627373989
2.145865627373989
2.145865627373989
2.145865627373989
2.145865627373989
2.145865627373989
2.145865627373989
2.145865627373989
1.8078151966597575
2.0382967860910948
2.075820247869709
2.075820247869709
2.075820247869709
2.0980794136891148
2.1322995655657495
2.1322995655657495
2.1322995655657495
2.136093543193395
2.1458357064147804
2.1458357064147804
2.1458357064147804
2.1458357064147804
2.1458357064147804
2.1458357064147804
2.1458357064147804
2.1458357064147804
2.1458357064147804
2.1458357064147804
2.1458357064147804
2.1458357064147804
2.1458357064147804
2.1458357064147804
2.1458357064147804
1.8078151966597575
2.197343401017081
2.2051108820276237
2.2051108820276237
2.2051108820276237
2.2051108820276237
2.2051108820276237
2.2111212960154467
2.2111212960154467
2.2111212960154467
2.2111212960154467
2.2111212960154467
2.2111212960154467
2.2111212960154467
2.2111212960154467
2.2111212960154467
2.2111212960154467
2.2133101978920813
2.2133101978920813
2.2133101978920813
2.2133101978920813
2.2133101978920813
2.2133101978920813
2.2133101978920813
2.2133101978920813
