1.8078151966597575
2.0430116137680323
2.0904316165154064
2.151876041361812
2.1714525171578747
2.1714525171578747
2.1714525171578747
2.1714525171578747
2.1714525171578747
2.1714525171578747
2.1714525171578747
2.1714525171578747
2.1714525171578747
2.1714525171578747
2.1714525171578747
2.1714525171578747
2.188083633644395
2.188083633644395
2.188083633644395
2.188083633644395
2.188083633644395
2.188083633644395
2.188083633644395
2.188083633644395
2.188083633644395
1.8078151966597575
2.060341732244709
2.1292805855641146
2.145865627373989
2.145865627373989
2.145865627373989
2.145865627373989
2.145865627373989
2.145865627373989
2.145865627373989
2.145865627373989
2.145865627373989
2.145865627373989
2.145865627373989
2.145865627373989
2.145865627373989
2.145865627373989
2.145865627373989
2.145865627373989
2.145865627373989
2.145865627373989
2.145865627373989
2.145865627373989
2.145865627373989
2.145865627373989
