1.8078151966597575
2.0430116137680323
2.0904316165154064
2.151876041361812
2.1714525171578747
2.1714525171578747
2.1714525171578747
2.1714525171578747
2.1714525171578747
2.1714525171578747
2.1714525171578747
2.1714525171578747
2.1714525171578747
2.1714525171578747
2.1714525171578747
2.1714525171578747
2.188083633644395
2.188083633644395
2.188083633644395
2.188083633644395
2.188083633644395
2.188083633644395
2.188083633644395
2.188083633644395
2.188083633644395
1.8078151966597575
2.060341732244709
2.1292805855641146
2.145865627373989
2.145865627373989
2.145865627373989
2.145865627373989
2.145865627373989
2.145865627373989
2.145865627373989
2.145865627373989
2.145865627373989
2.145865627373989
2.145865627373989
2.145865627373989
2.145865627373989
2.145865627373989
2.145865627373989
2.145865627373989
2.145865627373989
2.145865627373989
2.145865627373989
2.145865627373989
2.145865627373989
2.145865627373989
1.8078151966597575
1.984127166558492
2.056547754617063
2.0904316165154064
2.1706799060075297
2.1706799060075297
2.1706799060075297
2.1706799060075297
2.1706799060075297
2.1706799060075297
2.1706799060075297
2.1706799060075297
2.1706799060075297
2.1706799060075297
2.178327703181238
2.178327703181238
2.178327703181238
2.178327703181238
2.178327703181238
2.178327703181238
2.190408373075301
2.190408373075301
2.190408373075301
2.190408373075301
2.190408373075301
