1.8078151966597575
2.0430116137680323
2.0904316165154064
2.151876041361812
2.1714525171578747
2.1714525171578747
2.1714525171578747
2.1714525171578747
2.1714525171578747
2.1714525171578747
2.1714525171578747
2.1714525171578747
2.1714525171578747
2.1714525171578747
2.1714525171578747
2.1714525171578747
2.188083633644395
2.188083633644395
2.188083633644395
2.188083633644395
2.188083633644395
2.188083633644395
2.188083633644395
2.188083633644395
2.188083633644395
1.8078151966597575
2.060341732244709
2.1292805855641146
2.145865627373989
2.145865627373989
2.145865627373989
2.145865627373989
2.145865627373989
2.145865627373989
2.145865627373989
2.145865627373989
2.145865627373989
2.145865627373989
2.145865627373989
2.145865627373989
2.145865627373989
2.145865627373989
2.145865627373989
2.145865627373989
2.145865627373989
2.145865627373989
2.145865627373989
2.145865627373989
2.145865627373989
2.145865627373989
1.8078151966597575
1.984127166558492
2.056547754617063
2.0904316165154064
2.1706799060075297
2.1706799060075297
2.1706799060075297
2.1706799060075297
2.1706799060075297
2.1706799060075297
2.1706799060075297
2.1706799060075297
2.1706799060075297
2.1706799060075297
2.178327703181238
2.178327703181238
2.178327703181238
2.178327703181238
2.178327703181238
2.178327703181238
2.190408373075301
2.190408373075301
2.190408373075301
2.190408373075301
2.190408373075301
1.8078151966597575
2.0228206569417604
2.197343401017081
2.201257062481561
2.2111212960154467
2.2111212960154467
2.2111212960154467
2.2111212960154467
2.2111212960154467
2.2111212960154467
2.2111212960154467
2.2111212960154467
2.2111212960154467
2.2111212960154467
2.2111212960154467
2.2111212960154467
2.2111212960154467
2.2111212960154467
2.2111212960154467
2.2111212960154467
2.2111212960154467
2.2111212960154467
2.2111212960154467
2.2111212960154467
2.2111212960154467
1.8078151966597575
1.9899072071630863
2.133936948751635
2.133936948751635
2.133936948751635
2.1339668697108434
2.1436791119730207
2.145865627373989
2.145865627373989
2.145865627373989
2.145865627373989
2.145865627373989
2.145865627373989
2.145865627373989
2.145865627373989
2.145865627373989
2.145865627373989
2.145865627373989
2.145865627373989
2.145865627373989
2.145865627373989
2.145865627373989
2.145865627373989
2.145865627373989
2.145865627373989
