0.7318181818181818	-0.2482816513418878
0.7181818181818181	-0.23648788633276482
0.7272727272727273	-0.24147381310879276
0.7227272727272728	-0.2399167019349293
0.7227272727272728	-0.2399167019349293
0.7227272727272728	-0.2399167019349293
0.7227272727272728	-0.2399167019349293
0.7227272727272728	-0.2399167019349293
0.7227272727272728	-0.2399167019349293
0.7227272727272728	-0.2399167019349293
0.7227272727272728	-0.2399167019349293
0.7227272727272728	-0.2399167019349293
0.7227272727272728	-0.2399167019349293
0.7227272727272728	-0.2399167019349293
0.7227272727272728	-0.2399167019349293
0.7227272727272728	-0.2399167019349293
0.7227272727272728	-0.2399167019349293
0.7227272727272728	-0.2399167019349293
0.7227272727272728	-0.2399167019349293
0.7227272727272728	-0.2399167019349293
0.7181818181818181	-0.23648788633276482
0.7227272727272728	-0.2399167019349293
0.7181818181818181	-0.23648788633276482
0.7227272727272728	-0.2399167019349293
0.7227272727272728	-0.2399167019349293
0.7227272727272728	-0.2399167019349293
0.7227272727272728	-0.2399167019349293
0.7181818181818181	-0.23648788633276482
0.7227272727272728	-0.2399167019349293
0.7227272727272728	-0.2399167019349293
0.7227272727272728	-0.2399167019349293
0.7227272727272728	-0.2399167019349293
0.7227272727272728	-0.2399167019349293
0.7227272727272728	-0.2399167019349293
0.7227272727272728	-0.2399167019349293
0.7227272727272728	-0.2399167019349293
0.7227272727272728	-0.2399167019349293
0.7227272727272728	-0.2399167019349293
0.7227272727272728	-0.2399167019349293
0.7227272727272728	-0.2399167019349293
0.7227272727272728	-0.2399167019349293
0.7227272727272728	-0.2399167019349293
0.7227272727272728	-0.2399167019349293
0.7227272727272728	-0.2399167019349293
0.7227272727272728	-0.2399167019349293
0.7227272727272728	-0.2399167019349293
0.7181818181818181	-0.23648788633276482
0.7227272727272728	-0.2399167019349293
0.7227272727272728	-0.2399167019349293
0.7227272727272728	-0.2399167019349293
0.7227272727272728	-0.2399167019349293
0.7227272727272728	-0.2399167019349293
0.7227272727272728	-0.2399167019349293
0.7227272727272728	-0.2399167019349293
0.7181818181818181	-0.23648788633276482
0.7227272727272728	-0.2399167019349293
0.7227272727272728	-0.2399167019349293
0.7227272727272728	-0.2399167019349293
0.7227272727272728	-0.2399167019349293
0.7227272727272728	-0.2399167019349293
0.7227272727272728	-0.2399167019349293
0.7227272727272728	-0.2399167019349293
0.7227272727272728	-0.2399167019349293
0.7227272727272728	-0.2399167019349293
0.7227272727272728	-0.2399167019349293
0.7227272727272728	-0.2399167019349293
0.7227272727272728	-0.2399167019349293
0.7227272727272728	-0.2399167019349293
0.7227272727272728	-0.2399167019349293
0.7227272727272728	-0.2399167019349293
0.7227272727272728	-0.2399167019349293
0.7227272727272728	-0.2399167019349293
0.7227272727272728	-0.2399167019349293
0.7227272727272728	-0.2399167019349293
0.7227272727272728	-0.2399167019349293
0.7227272727272728	-0.2399167019349293
0.7227272727272728	-0.2399167019349293
0.7227272727272728	-0.2399167019349293
0.7227272727272728	-0.2399167019349293
0.7227272727272728	-0.2399167019349293
0.7227272727272728	-0.2399167019349293
0.7227272727272728	-0.2399167019349293
0.7227272727272728	-0.2399167019349293
0.7227272727272728	-0.2399167019349293
0.7227272727272728	-0.2399167019349293
0.7227272727272728	-0.2399167019349293
0.7227272727272728	-0.2399167019349293
0.7227272727272728	-0.2399167019349293
0.7227272727272728	-0.2399167019349293
0.7227272727272728	-0.2399167019349293
0.7227272727272728	-0.2399167019349293
0.7227272727272728	-0.2399167019349293
0.7227272727272728	-0.2399167019349293
0.7227272727272728	-0.2399167019349293
0.7227272727272728	-0.2399167019349293
0.7227272727272728	-0.2399167019349293
0.7227272727272728	-0.2399167019349293
0.7227272727272728	-0.2399167019349293
0.7227272727272728	-0.2399167019349293
0.7227272727272728	-0.2399167019349293
0.7227272727272728	-0.2399167019349293
0.7227272727272728	-0.2399167019349293
0.7227272727272728	-0.2399167019349293
0.7227272727272728	-0.2399167019349293
0.7181818181818181	-0.23648788633276482
0.7227272727272728	-0.2399167019349293
0.7227272727272728	-0.2399167019349293
0.7227272727272728	-0.2399167019349293
0.7227272727272728	-0.2399167019349293
0.7227272727272728	-0.2399167019349293
0.7181818181818181	-0.23648788633276482
0.7227272727272728	-0.2399167019349293
0.7181818181818181	-0.23648788633276482
0.7227272727272728	-0.2399167019349293
0.7227272727272728	-0.2399167019349293
0.7227272727272728	-0.2399167019349293
0.7227272727272728	-0.2399167019349293
0.7227272727272728	-0.2399167019349293
0.7227272727272728	-0.2399167019349293
0.7227272727272728	-0.2399167019349293
0.7227272727272728	-0.2399167019349293
0.7227272727272728	-0.2399167019349293
0.7227272727272728	-0.2399167019349293
0.7227272727272728	-0.2399167019349293
0.7181818181818181	-0.23648788633276482
0.7227272727272728	-0.2399167019349293
0.7227272727272728	-0.2399167019349293
0.7227272727272728	-0.2399167019349293
0.7227272727272728	-0.2399167019349293
0.7227272727272728	-0.2399167019349293
0.7227272727272728	-0.2399167019349293
0.7181818181818181	-0.23648788633276482
0.7227272727272728	-0.2399167019349293
0.7181818181818181	-0.23648788633276482
0.7227272727272728	-0.2399167019349293
0.7227272727272728	-0.2399167019349293
0.7227272727272728	-0.2399167019349293
0.7227272727272728	-0.2399167019349293
0.7227272727272728	-0.2399167019349293
0.7227272727272728	-0.2399167019349293
0.7227272727272728	-0.2399167019349293
0.7227272727272728	-0.2399167019349293
0.7227272727272728	-0.2399167019349293
0.7227272727272728	-0.2399167019349293
0.7227272727272728	-0.2399167019349293
0.7227272727272728	-0.2399167019349293
0.7227272727272728	-0.2399167019349293
0.7227272727272728	-0.2399167019349293
0.7227272727272728	-0.2399167019349293
0.7227272727272728	-0.2399167019349293
0.7227272727272728	-0.2399167019349293
0.7227272727272728	-0.2399167019349293
0.7227272727272728	-0.2399167019349293
0.7227272727272728	-0.2399167019349293
0.7181818181818181	-0.23648788633276482
0.7227272727272728	-0.2399167019349293
0.7227272727272728	-0.2399167019349293
0.7227272727272728	-0.2399167019349293
0.7227272727272728	-0.2399167019349293
0.7227272727272728	-0.2399167019349293
0.7227272727272728	-0.2399167019349293
0.7227272727272728	-0.2399167019349293
0.7227272727272728	-0.2399167019349293
0.7181818181818181	-0.23648788633276482
0.7227272727272728	-0.2399167019349293
0.7227272727272728	-0.2399167019349293
0.7227272727272728	-0.2399167019349293
0.7227272727272728	-0.2399167019349293
0.7227272727272728	-0.2399167019349293
0.7227272727272728	-0.2399167019349293
0.7227272727272728	-0.2399167019349293
0.7181818181818181	-0.23648788633276482
0.7227272727272728	-0.2399167019349293
0.7227272727272728	-0.2399167019349293
0.7227272727272728	-0.2399167019349293
0.7318181818181818	-0.2482816513418878
0.7227272727272728	-0.2399167019349293
0.7227272727272728	-0.2399167019349293
0.7227272727272728	-0.2399167019349293
0.7227272727272728	-0.2399167019349293
0.7227272727272728	-0.2399167019349293
0.7227272727272728	-0.2399167019349293
0.7227272727272728	-0.2399167019349293
0.7227272727272728	-0.2399167019349293
0.7227272727272728	-0.2399167019349293
0.7227272727272728	-0.2399167019349293
0.7227272727272728	-0.2399167019349293
0.7227272727272728	-0.2399167019349293
0.7227272727272728	-0.2399167019349293
0.7227272727272728	-0.2399167019349293
0.7227272727272728	-0.2399167019349293
0.7227272727272728	-0.2399167019349293
0.7227272727272728	-0.2399167019349293
0.7227272727272728	-0.2399167019349293
0.7227272727272728	-0.2399167019349293
0.7227272727272728	-0.2399167019349293
0.7272727272727273	-0.24147381310879276
0.7227272727272728	-0.2399167019349293
0.7227272727272728	-0.2399167019349293
0.7227272727272728	-0.2399167019349293
