0.7272727272727273	-0.2533153156851201
0.7045454545454546	-0.24130325056121374
0.7227272727272728	-0.2472070136524782
0.7181818181818181	-0.2451873016608311
0.7090909090909091	-0.24309729711774644
0.7136363636363636	-0.24343856208753356
0.7136363636363636	-0.24343856208753356
0.7136363636363636	-0.24343856208753356
0.7136363636363636	-0.24343856208753356
0.7136363636363636	-0.24343856208753356
0.7136363636363636	-0.24343856208753356
0.7136363636363636	-0.24343856208753356
0.7090909090909091	-0.24309729711774644
0.7136363636363636	-0.24343856208753356
0.7136363636363636	-0.24343856208753356
0.7136363636363636	-0.24343856208753356
0.7136363636363636	-0.24343856208753356
0.7136363636363636	-0.24343856208753356
0.7136363636363636	-0.24343856208753356
0.7136363636363636	-0.24343856208753356
0.7136363636363636	-0.24343856208753356
0.7136363636363636	-0.24343856208753356
0.7136363636363636	-0.24343856208753356
0.7136363636363636	-0.24343856208753356
0.7136363636363636	-0.24343856208753356
0.7136363636363636	-0.24343856208753356
0.7136363636363636	-0.24343856208753356
0.7136363636363636	-0.24343856208753356
0.7136363636363636	-0.24343856208753356
0.7136363636363636	-0.24343856208753356
0.7136363636363636	-0.24343856208753356
0.7136363636363636	-0.24343856208753356
0.7136363636363636	-0.24343856208753356
0.7136363636363636	-0.24343856208753356
0.7136363636363636	-0.24343856208753356
0.7136363636363636	-0.24343856208753356
0.7136363636363636	-0.24343856208753356
0.7136363636363636	-0.24343856208753356
0.7136363636363636	-0.24343856208753356
0.7136363636363636	-0.24343856208753356
0.7136363636363636	-0.24343856208753356
0.7136363636363636	-0.24343856208753356
0.7136363636363636	-0.24343856208753356
0.7136363636363636	-0.24343856208753356
0.7136363636363636	-0.24343856208753356
0.7136363636363636	-0.24343856208753356
0.7136363636363636	-0.24343856208753356
0.7136363636363636	-0.24343856208753356
0.7136363636363636	-0.24343856208753356
0.7136363636363636	-0.24343856208753356
0.7136363636363636	-0.24343856208753356
0.7090909090909091	-0.24309729711774644
0.7136363636363636	-0.24343856208753356
0.7136363636363636	-0.24343856208753356
0.7136363636363636	-0.24343856208753356
0.7181818181818181	-0.2451873016608311
0.7136363636363636	-0.24343856208753356
0.7227272727272728	-0.2472070136524782
0.7136363636363636	-0.24343856208753356
0.7136363636363636	-0.24343856208753356
0.7136363636363636	-0.24343856208753356
0.7136363636363636	-0.24343856208753356
0.7136363636363636	-0.24343856208753356
0.7136363636363636	-0.24343856208753356
0.7136363636363636	-0.24343856208753356
0.7136363636363636	-0.24343856208753356
0.7136363636363636	-0.24343856208753356
0.7136363636363636	-0.24343856208753356
0.7136363636363636	-0.24343856208753356
0.7136363636363636	-0.24343856208753356
0.7136363636363636	-0.24343856208753356
0.7136363636363636	-0.24343856208753356
0.7136363636363636	-0.24343856208753356
0.7136363636363636	-0.24343856208753356
0.7136363636363636	-0.24343856208753356
0.7136363636363636	-0.24343856208753356
0.7136363636363636	-0.24343856208753356
0.7136363636363636	-0.24343856208753356
0.7136363636363636	-0.24343856208753356
0.7136363636363636	-0.24343856208753356
0.7136363636363636	-0.24343856208753356
0.7136363636363636	-0.24343856208753356
0.7136363636363636	-0.24343856208753356
0.7136363636363636	-0.24343856208753356
0.7136363636363636	-0.24343856208753356
0.7090909090909091	-0.24309729711774644
0.7136363636363636	-0.24343856208753356
0.7136363636363636	-0.24343856208753356
0.7136363636363636	-0.24343856208753356
0.7136363636363636	-0.24343856208753356
0.7136363636363636	-0.24343856208753356
0.7136363636363636	-0.24343856208753356
0.7136363636363636	-0.24343856208753356
0.7136363636363636	-0.24343856208753356
0.7136363636363636	-0.24343856208753356
0.7136363636363636	-0.24343856208753356
0.7136363636363636	-0.24343856208753356
0.7136363636363636	-0.24343856208753356
0.7136363636363636	-0.24343856208753356
0.7136363636363636	-0.24343856208753356
0.7136363636363636	-0.24343856208753356
0.7136363636363636	-0.24343856208753356
0.7136363636363636	-0.24343856208753356
0.7136363636363636	-0.24343856208753356
0.7136363636363636	-0.24343856208753356
0.7136363636363636	-0.24343856208753356
0.7136363636363636	-0.24343856208753356
0.7136363636363636	-0.24343856208753356
0.7136363636363636	-0.24343856208753356
0.7136363636363636	-0.24343856208753356
0.7136363636363636	-0.24343856208753356
0.7136363636363636	-0.24343856208753356
0.7136363636363636	-0.24343856208753356
0.7045454545454546	-0.24130325056121374
0.7136363636363636	-0.24343856208753356
0.7136363636363636	-0.24343856208753356
0.7136363636363636	-0.24343856208753356
0.7136363636363636	-0.24343856208753356
0.7136363636363636	-0.24343856208753356
0.7136363636363636	-0.24343856208753356
0.7136363636363636	-0.24343856208753356
0.7136363636363636	-0.24343856208753356
0.7136363636363636	-0.24343856208753356
0.7136363636363636	-0.24343856208753356
0.7136363636363636	-0.24343856208753356
0.7136363636363636	-0.24343856208753356
0.7272727272727273	-0.2533153156851201
0.7136363636363636	-0.24343856208753356
0.7136363636363636	-0.24343856208753356
0.7090909090909091	-0.24309729711774644
0.7136363636363636	-0.24343856208753356
0.7136363636363636	-0.24343856208753356
0.7136363636363636	-0.24343856208753356
0.7136363636363636	-0.24343856208753356
0.7136363636363636	-0.24343856208753356
0.7136363636363636	-0.24343856208753356
0.7136363636363636	-0.24343856208753356
0.7136363636363636	-0.24343856208753356
0.7136363636363636	-0.24343856208753356
0.7136363636363636	-0.24343856208753356
0.7136363636363636	-0.24343856208753356
0.7136363636363636	-0.24343856208753356
0.7136363636363636	-0.24343856208753356
0.7181818181818181	-0.2451873016608311
0.7136363636363636	-0.24343856208753356
0.7136363636363636	-0.24343856208753356
0.7136363636363636	-0.24343856208753356
0.7136363636363636	-0.24343856208753356
0.7136363636363636	-0.24343856208753356
0.7136363636363636	-0.24343856208753356
0.7136363636363636	-0.24343856208753356
0.7045454545454546	-0.24130325056121374
0.7136363636363636	-0.24343856208753356
0.7136363636363636	-0.24343856208753356
0.7136363636363636	-0.24343856208753356
0.7136363636363636	-0.24343856208753356
0.7136363636363636	-0.24343856208753356
0.7136363636363636	-0.24343856208753356
0.7136363636363636	-0.24343856208753356
0.7136363636363636	-0.24343856208753356
0.7136363636363636	-0.24343856208753356
0.7136363636363636	-0.24343856208753356
0.7136363636363636	-0.24343856208753356
0.7136363636363636	-0.24343856208753356
0.7136363636363636	-0.24343856208753356
0.7136363636363636	-0.24343856208753356
0.7136363636363636	-0.24343856208753356
0.7136363636363636	-0.24343856208753356
0.7136363636363636	-0.24343856208753356
0.7136363636363636	-0.24343856208753356
0.7136363636363636	-0.24343856208753356
0.7136363636363636	-0.24343856208753356
0.7136363636363636	-0.24343856208753356
0.7136363636363636	-0.24343856208753356
0.7136363636363636	-0.24343856208753356
0.7136363636363636	-0.24343856208753356
0.7136363636363636	-0.24343856208753356
0.7136363636363636	-0.24343856208753356
0.7181818181818181	-0.2451873016608311
0.7136363636363636	-0.24343856208753356
0.7136363636363636	-0.24343856208753356
0.7136363636363636	-0.24343856208753356
0.7136363636363636	-0.24343856208753356
0.7136363636363636	-0.24343856208753356
0.7136363636363636	-0.24343856208753356
0.7136363636363636	-0.24343856208753356
0.7136363636363636	-0.24343856208753356
0.7136363636363636	-0.24343856208753356
0.7136363636363636	-0.24343856208753356
0.7136363636363636	-0.24343856208753356
0.7136363636363636	-0.24343856208753356
0.7136363636363636	-0.24343856208753356
0.7136363636363636	-0.24343856208753356
0.7136363636363636	-0.24343856208753356
0.7136363636363636	-0.24343856208753356
0.7136363636363636	-0.24343856208753356
0.7136363636363636	-0.24343856208753356
0.7136363636363636	-0.24343856208753356
0.7136363636363636	-0.24343856208753356
0.7136363636363636	-0.24343856208753356
