0.7181818181818181	-0.23980633658555303
0.7318181818181818	-0.24993467697372374
0.7272727272727273	-0.24445430412114852
0.7227272727272728	-0.24018910284377493
0.7227272727272728	-0.24018910284377493
0.7227272727272728	-0.24018910284377493
0.7227272727272728	-0.24018910284377493
0.7227272727272728	-0.24018910284377493
0.7227272727272728	-0.24018910284377493
0.7227272727272728	-0.24018910284377493
0.7227272727272728	-0.24018910284377493
0.7227272727272728	-0.24018910284377493
0.7227272727272728	-0.24018910284377493
0.7227272727272728	-0.24018910284377493
0.7227272727272728	-0.24018910284377493
0.7227272727272728	-0.24018910284377493
0.7227272727272728	-0.24018910284377493
0.7227272727272728	-0.24018910284377493
0.7227272727272728	-0.24018910284377493
0.7227272727272728	-0.24018910284377493
0.7227272727272728	-0.24018910284377493
0.7227272727272728	-0.24018910284377493
0.7227272727272728	-0.24018910284377493
0.7227272727272728	-0.24018910284377493
0.7227272727272728	-0.24018910284377493
0.7227272727272728	-0.24018910284377493
0.7227272727272728	-0.24018910284377493
0.7227272727272728	-0.24018910284377493
0.7227272727272728	-0.24018910284377493
0.7227272727272728	-0.24018910284377493
0.7227272727272728	-0.24018910284377493
0.7227272727272728	-0.24018910284377493
0.7227272727272728	-0.24018910284377493
0.7227272727272728	-0.24018910284377493
0.7227272727272728	-0.24018910284377493
0.7227272727272728	-0.24018910284377493
0.7227272727272728	-0.24018910284377493
0.7227272727272728	-0.24018910284377493
0.7227272727272728	-0.24018910284377493
0.7227272727272728	-0.24018910284377493
0.7227272727272728	-0.24018910284377493
0.7227272727272728	-0.24018910284377493
0.7227272727272728	-0.24018910284377493
0.7227272727272728	-0.24018910284377493
0.7227272727272728	-0.24018910284377493
0.7227272727272728	-0.24018910284377493
0.7227272727272728	-0.24018910284377493
0.7227272727272728	-0.24018910284377493
0.7227272727272728	-0.24018910284377493
0.7227272727272728	-0.24018910284377493
0.7227272727272728	-0.24018910284377493
0.7227272727272728	-0.24018910284377493
0.7227272727272728	-0.24018910284377493
0.7227272727272728	-0.24018910284377493
0.7227272727272728	-0.24018910284377493
0.7227272727272728	-0.24018910284377493
0.7227272727272728	-0.24018910284377493
0.7227272727272728	-0.24018910284377493
0.7227272727272728	-0.24018910284377493
0.7227272727272728	-0.24018910284377493
0.7227272727272728	-0.24018910284377493
0.7227272727272728	-0.24018910284377493
0.7227272727272728	-0.24018910284377493
0.7227272727272728	-0.24018910284377493
0.7227272727272728	-0.24018910284377493
0.7227272727272728	-0.24018910284377493
0.7227272727272728	-0.24018910284377493
0.7227272727272728	-0.24018910284377493
0.7227272727272728	-0.24018910284377493
0.7227272727272728	-0.24018910284377493
0.7227272727272728	-0.24018910284377493
0.7227272727272728	-0.24018910284377493
0.7227272727272728	-0.24018910284377493
0.7227272727272728	-0.24018910284377493
0.7227272727272728	-0.24018910284377493
0.7227272727272728	-0.24018910284377493
0.7227272727272728	-0.24018910284377493
0.7227272727272728	-0.24018910284377493
0.7227272727272728	-0.24018910284377493
0.7227272727272728	-0.24018910284377493
0.7227272727272728	-0.24018910284377493
0.7227272727272728	-0.24018910284377493
0.7227272727272728	-0.24018910284377493
0.7227272727272728	-0.24018910284377493
0.7227272727272728	-0.24018910284377493
0.7227272727272728	-0.24018910284377493
0.7227272727272728	-0.24018910284377493
0.7227272727272728	-0.24018910284377493
0.7227272727272728	-0.24018910284377493
0.7227272727272728	-0.24018910284377493
0.7227272727272728	-0.24018910284377493
0.7227272727272728	-0.24018910284377493
0.7227272727272728	-0.24018910284377493
0.7227272727272728	-0.24018910284377493
0.7227272727272728	-0.24018910284377493
0.7227272727272728	-0.24018910284377493
0.7227272727272728	-0.24018910284377493
0.7227272727272728	-0.24018910284377493
0.7227272727272728	-0.24018910284377493
0.7227272727272728	-0.24018910284377493
0.7318181818181818	-0.24993467697372374
0.7227272727272728	-0.24018910284377493
0.7227272727272728	-0.24018910284377493
0.7227272727272728	-0.24018910284377493
0.7227272727272728	-0.24018910284377493
0.7227272727272728	-0.24018910284377493
0.7227272727272728	-0.24018910284377493
0.7227272727272728	-0.24018910284377493
0.7272727272727273	-0.24445430412114852
0.7227272727272728	-0.24018910284377493
0.7227272727272728	-0.24018910284377493
0.7227272727272728	-0.24018910284377493
0.7227272727272728	-0.24018910284377493
0.7227272727272728	-0.24018910284377493
0.7227272727272728	-0.24018910284377493
0.7227272727272728	-0.24018910284377493
0.7227272727272728	-0.24018910284377493
0.7227272727272728	-0.24018910284377493
0.7227272727272728	-0.24018910284377493
0.7227272727272728	-0.24018910284377493
0.7227272727272728	-0.24018910284377493
0.7227272727272728	-0.24018910284377493
0.7227272727272728	-0.24018910284377493
0.7227272727272728	-0.24018910284377493
0.7227272727272728	-0.24018910284377493
0.7227272727272728	-0.24018910284377493
0.7227272727272728	-0.24018910284377493
0.7227272727272728	-0.24018910284377493
0.7227272727272728	-0.24018910284377493
0.7227272727272728	-0.24018910284377493
0.7227272727272728	-0.24018910284377493
0.7227272727272728	-0.24018910284377493
0.7227272727272728	-0.24018910284377493
0.7227272727272728	-0.24018910284377493
0.7227272727272728	-0.24018910284377493
0.7227272727272728	-0.24018910284377493
0.7227272727272728	-0.24018910284377493
0.7227272727272728	-0.24018910284377493
0.7227272727272728	-0.24018910284377493
0.7227272727272728	-0.24018910284377493
0.7227272727272728	-0.24018910284377493
0.7227272727272728	-0.24018910284377493
0.7227272727272728	-0.24018910284377493
0.7227272727272728	-0.24018910284377493
0.7227272727272728	-0.24018910284377493
0.7227272727272728	-0.24018910284377493
0.7227272727272728	-0.24018910284377493
0.7227272727272728	-0.24018910284377493
0.7227272727272728	-0.24018910284377493
0.7227272727272728	-0.24018910284377493
0.7227272727272728	-0.24018910284377493
0.7227272727272728	-0.24018910284377493
0.7227272727272728	-0.24018910284377493
0.7227272727272728	-0.24018910284377493
0.7227272727272728	-0.24018910284377493
0.7227272727272728	-0.24018910284377493
0.7227272727272728	-0.24018910284377493
0.7227272727272728	-0.24018910284377493
0.7227272727272728	-0.24018910284377493
0.7227272727272728	-0.24018910284377493
0.7227272727272728	-0.24018910284377493
0.7227272727272728	-0.24018910284377493
0.7227272727272728	-0.24018910284377493
0.7227272727272728	-0.24018910284377493
0.7227272727272728	-0.24018910284377493
0.7227272727272728	-0.24018910284377493
0.7227272727272728	-0.24018910284377493
0.7227272727272728	-0.24018910284377493
0.7227272727272728	-0.24018910284377493
0.7227272727272728	-0.24018910284377493
0.7272727272727273	-0.24445430412114852
0.7227272727272728	-0.24018910284377493
0.7227272727272728	-0.24018910284377493
0.7227272727272728	-0.24018910284377493
0.7227272727272728	-0.24018910284377493
0.7227272727272728	-0.24018910284377493
0.7227272727272728	-0.24018910284377493
0.7227272727272728	-0.24018910284377493
0.7227272727272728	-0.24018910284377493
0.7227272727272728	-0.24018910284377493
0.7227272727272728	-0.24018910284377493
0.7227272727272728	-0.24018910284377493
0.7227272727272728	-0.24018910284377493
0.7227272727272728	-0.24018910284377493
0.7227272727272728	-0.24018910284377493
0.7227272727272728	-0.24018910284377493
0.7227272727272728	-0.24018910284377493
0.7227272727272728	-0.24018910284377493
0.7227272727272728	-0.24018910284377493
0.7227272727272728	-0.24018910284377493
0.7227272727272728	-0.24018910284377493
0.7227272727272728	-0.24018910284377493
0.7227272727272728	-0.24018910284377493
0.7227272727272728	-0.24018910284377493
0.7227272727272728	-0.24018910284377493
0.7227272727272728	-0.24018910284377493
0.7227272727272728	-0.24018910284377493
0.7227272727272728	-0.24018910284377493
0.7227272727272728	-0.24018910284377493
0.7227272727272728	-0.24018910284377493
