0.7045454545454546	-0.23554817316391147
0.7272727272727273	-0.24202035579245545
0.7090909090909091	-0.23747490124700088
0.7181818181818181	-0.23970007854249353
0.7136363636363636	-0.2394731115649712
0.7181818181818181	-0.23970007854249353
0.7181818181818181	-0.23970007854249353
0.7181818181818181	-0.23970007854249353
0.7181818181818181	-0.23970007854249353
0.7181818181818181	-0.23970007854249353
0.7181818181818181	-0.23970007854249353
0.7181818181818181	-0.23970007854249353
0.7181818181818181	-0.23970007854249353
0.7181818181818181	-0.23970007854249353
0.7136363636363636	-0.2394731115649712
0.7181818181818181	-0.23970007854249353
0.7181818181818181	-0.23970007854249353
0.7181818181818181	-0.23970007854249353
0.7181818181818181	-0.23970007854249353
0.7181818181818181	-0.23970007854249353
0.7181818181818181	-0.23970007854249353
0.7181818181818181	-0.23970007854249353
0.7181818181818181	-0.23970007854249353
0.7272727272727273	-0.24202035579245545
0.7090909090909091	-0.23747490124700088
0.7181818181818181	-0.23970007854249353
0.7181818181818181	-0.23970007854249353
0.7181818181818181	-0.23970007854249353
0.7181818181818181	-0.23970007854249353
0.7181818181818181	-0.23970007854249353
0.7181818181818181	-0.23970007854249353
0.7181818181818181	-0.23970007854249353
0.7181818181818181	-0.23970007854249353
0.7181818181818181	-0.23970007854249353
0.7181818181818181	-0.23970007854249353
0.7181818181818181	-0.23970007854249353
0.7181818181818181	-0.23970007854249353
0.7181818181818181	-0.23970007854249353
0.7181818181818181	-0.23970007854249353
0.7181818181818181	-0.23970007854249353
0.7181818181818181	-0.23970007854249353
0.7181818181818181	-0.23970007854249353
0.7181818181818181	-0.23970007854249353
0.7090909090909091	-0.23747490124700088
0.7090909090909091	-0.23747490124700088
0.7181818181818181	-0.23970007854249353
0.7181818181818181	-0.23970007854249353
0.7181818181818181	-0.23970007854249353
0.7181818181818181	-0.23970007854249353
0.7090909090909091	-0.23747490124700088
0.7181818181818181	-0.23970007854249353
0.7181818181818181	-0.23970007854249353
0.7181818181818181	-0.23970007854249353
0.7181818181818181	-0.23970007854249353
0.7181818181818181	-0.23970007854249353
0.7181818181818181	-0.23970007854249353
0.7181818181818181	-0.23970007854249353
0.7090909090909091	-0.23747490124700088
0.7181818181818181	-0.23970007854249353
0.7181818181818181	-0.23970007854249353
0.7181818181818181	-0.23970007854249353
0.7181818181818181	-0.23970007854249353
0.7181818181818181	-0.23970007854249353
0.7181818181818181	-0.23970007854249353
0.7181818181818181	-0.23970007854249353
0.7181818181818181	-0.23970007854249353
0.7181818181818181	-0.23970007854249353
0.7181818181818181	-0.23970007854249353
0.7181818181818181	-0.23970007854249353
0.7181818181818181	-0.23970007854249353
0.7181818181818181	-0.23970007854249353
0.7181818181818181	-0.23970007854249353
0.7181818181818181	-0.23970007854249353
0.7181818181818181	-0.23970007854249353
0.7181818181818181	-0.23970007854249353
0.7181818181818181	-0.23970007854249353
0.7181818181818181	-0.23970007854249353
0.7090909090909091	-0.23747490124700088
0.7181818181818181	-0.23970007854249353
0.7181818181818181	-0.23970007854249353
0.7181818181818181	-0.23970007854249353
0.7181818181818181	-0.23970007854249353
0.7181818181818181	-0.23970007854249353
0.7090909090909091	-0.23747490124700088
0.7181818181818181	-0.23970007854249353
0.7181818181818181	-0.23970007854249353
0.7272727272727273	-0.24202035579245545
0.7181818181818181	-0.23970007854249353
0.7181818181818181	-0.23970007854249353
0.7090909090909091	-0.23747490124700088
0.7181818181818181	-0.23970007854249353
0.7181818181818181	-0.23970007854249353
0.7181818181818181	-0.23970007854249353
0.7181818181818181	-0.23970007854249353
0.7181818181818181	-0.23970007854249353
0.7181818181818181	-0.23970007854249353
0.7181818181818181	-0.23970007854249353
0.7181818181818181	-0.23970007854249353
0.7181818181818181	-0.23970007854249353
0.7181818181818181	-0.23970007854249353
0.7181818181818181	-0.23970007854249353
0.7181818181818181	-0.23970007854249353
0.7181818181818181	-0.23970007854249353
0.7181818181818181	-0.23970007854249353
0.7181818181818181	-0.23970007854249353
0.7181818181818181	-0.23970007854249353
0.7181818181818181	-0.23970007854249353
0.7181818181818181	-0.23970007854249353
0.7181818181818181	-0.23970007854249353
0.7181818181818181	-0.23970007854249353
0.7181818181818181	-0.23970007854249353
0.7181818181818181	-0.23970007854249353
0.7272727272727273	-0.24202035579245545
0.7090909090909091	-0.23747490124700088
0.7181818181818181	-0.23970007854249353
0.7181818181818181	-0.23970007854249353
0.7181818181818181	-0.23970007854249353
0.7181818181818181	-0.23970007854249353
0.7181818181818181	-0.23970007854249353
0.7181818181818181	-0.23970007854249353
0.7181818181818181	-0.23970007854249353
0.7181818181818181	-0.23970007854249353
0.7181818181818181	-0.23970007854249353
0.7181818181818181	-0.23970007854249353
0.7181818181818181	-0.23970007854249353
0.7181818181818181	-0.23970007854249353
0.7181818181818181	-0.23970007854249353
0.7181818181818181	-0.23970007854249353
0.7181818181818181	-0.23970007854249353
0.7181818181818181	-0.23970007854249353
0.7090909090909091	-0.23747490124700088
0.7181818181818181	-0.23970007854249353
0.7090909090909091	-0.23747490124700088
0.7181818181818181	-0.23970007854249353
0.7181818181818181	-0.23970007854249353
0.7272727272727273	-0.24202035579245545
0.7181818181818181	-0.23970007854249353
0.7181818181818181	-0.23970007854249353
0.7181818181818181	-0.23970007854249353
0.7181818181818181	-0.23970007854249353
0.7090909090909091	-0.23747490124700088
0.7181818181818181	-0.23970007854249353
0.7181818181818181	-0.23970007854249353
0.7181818181818181	-0.23970007854249353
0.7181818181818181	-0.23970007854249353
0.7181818181818181	-0.23970007854249353
0.7181818181818181	-0.23970007854249353
0.7181818181818181	-0.23970007854249353
0.7181818181818181	-0.23970007854249353
0.7181818181818181	-0.23970007854249353
0.7181818181818181	-0.23970007854249353
0.7181818181818181	-0.23970007854249353
0.7181818181818181	-0.23970007854249353
0.7181818181818181	-0.23970007854249353
0.7181818181818181	-0.23970007854249353
0.7181818181818181	-0.23970007854249353
0.7181818181818181	-0.23970007854249353
0.7181818181818181	-0.23970007854249353
0.7181818181818181	-0.23970007854249353
0.7181818181818181	-0.23970007854249353
0.7181818181818181	-0.23970007854249353
0.7181818181818181	-0.23970007854249353
0.7181818181818181	-0.23970007854249353
0.7181818181818181	-0.23970007854249353
0.7181818181818181	-0.23970007854249353
0.7090909090909091	-0.23747490124700088
0.7181818181818181	-0.23970007854249353
0.7181818181818181	-0.23970007854249353
0.7181818181818181	-0.23970007854249353
0.7181818181818181	-0.23970007854249353
0.7181818181818181	-0.23970007854249353
0.7181818181818181	-0.23970007854249353
0.7181818181818181	-0.23970007854249353
0.7181818181818181	-0.23970007854249353
0.7181818181818181	-0.23970007854249353
0.7090909090909091	-0.23747490124700088
0.7181818181818181	-0.23970007854249353
0.7181818181818181	-0.23970007854249353
0.7090909090909091	-0.23747490124700088
0.7181818181818181	-0.23970007854249353
0.7181818181818181	-0.23970007854249353
0.7181818181818181	-0.23970007854249353
0.7181818181818181	-0.23970007854249353
0.7181818181818181	-0.23970007854249353
0.7181818181818181	-0.23970007854249353
0.7181818181818181	-0.23970007854249353
0.7181818181818181	-0.23970007854249353
0.7181818181818181	-0.23970007854249353
0.7181818181818181	-0.23970007854249353
0.7181818181818181	-0.23970007854249353
0.7181818181818181	-0.23970007854249353
0.7181818181818181	-0.23970007854249353
0.7181818181818181	-0.23970007854249353
0.7181818181818181	-0.23970007854249353
0.7181818181818181	-0.23970007854249353
0.7181818181818181	-0.23970007854249353
0.7181818181818181	-0.23970007854249353
0.7181818181818181	-0.23970007854249353
0.7181818181818181	-0.23970007854249353
0.7181818181818181	-0.23970007854249353
