0.7136363636363636	-0.23277153137493556
0.7318181818181818	-0.2442194847843906
0.7272727272727273	-0.2329930765771917
0.7227272727272728	-0.23293748665075184
0.7272727272727273	-0.2329930765771917
0.7272727272727273	-0.2329930765771917
0.7272727272727273	-0.2329930765771917
0.7272727272727273	-0.2329930765771917
0.7272727272727273	-0.2329930765771917
0.7272727272727273	-0.2329930765771917
0.7272727272727273	-0.2329930765771917
0.7272727272727273	-0.2329930765771917
0.7272727272727273	-0.2329930765771917
0.7272727272727273	-0.2329930765771917
0.7272727272727273	-0.2329930765771917
0.7272727272727273	-0.2329930765771917
0.7272727272727273	-0.2329930765771917
0.7272727272727273	-0.2329930765771917
0.7272727272727273	-0.2329930765771917
0.7272727272727273	-0.2329930765771917
0.7272727272727273	-0.2329930765771917
0.7272727272727273	-0.2329930765771917
0.7272727272727273	-0.2329930765771917
0.7272727272727273	-0.2329930765771917
0.7272727272727273	-0.2329930765771917
0.7272727272727273	-0.2329930765771917
0.7272727272727273	-0.2329930765771917
0.7272727272727273	-0.2329930765771917
0.7272727272727273	-0.2329930765771917
0.7272727272727273	-0.2329930765771917
0.7272727272727273	-0.2329930765771917
0.7272727272727273	-0.2329930765771917
0.7272727272727273	-0.2329930765771917
0.7272727272727273	-0.2329930765771917
0.7272727272727273	-0.2329930765771917
0.7272727272727273	-0.2329930765771917
0.7272727272727273	-0.2329930765771917
0.7272727272727273	-0.2329930765771917
0.7272727272727273	-0.2329930765771917
0.7272727272727273	-0.2329930765771917
0.7272727272727273	-0.2329930765771917
0.7272727272727273	-0.2329930765771917
0.7272727272727273	-0.2329930765771917
0.7272727272727273	-0.2329930765771917
0.7272727272727273	-0.2329930765771917
0.7272727272727273	-0.2329930765771917
0.7272727272727273	-0.2329930765771917
0.7272727272727273	-0.2329930765771917
0.7272727272727273	-0.2329930765771917
0.7272727272727273	-0.2329930765771917
0.7272727272727273	-0.2329930765771917
0.7272727272727273	-0.2329930765771917
0.7272727272727273	-0.2329930765771917
0.7272727272727273	-0.2329930765771917
0.7272727272727273	-0.2329930765771917
0.7272727272727273	-0.2329930765771917
0.7272727272727273	-0.2329930765771917
0.7136363636363636	-0.23277153137493556
0.7272727272727273	-0.2329930765771917
0.7272727272727273	-0.2329930765771917
0.7272727272727273	-0.2329930765771917
0.7272727272727273	-0.2329930765771917
0.7272727272727273	-0.2329930765771917
0.7272727272727273	-0.2329930765771917
0.7272727272727273	-0.2329930765771917
0.7272727272727273	-0.2329930765771917
0.7272727272727273	-0.2329930765771917
0.7272727272727273	-0.2329930765771917
0.7272727272727273	-0.2329930765771917
0.7272727272727273	-0.2329930765771917
0.7272727272727273	-0.2329930765771917
0.7272727272727273	-0.2329930765771917
0.7272727272727273	-0.2329930765771917
0.7272727272727273	-0.2329930765771917
0.7272727272727273	-0.2329930765771917
0.7272727272727273	-0.2329930765771917
0.7272727272727273	-0.2329930765771917
0.7272727272727273	-0.2329930765771917
0.7272727272727273	-0.2329930765771917
0.7272727272727273	-0.2329930765771917
0.7272727272727273	-0.2329930765771917
0.7272727272727273	-0.2329930765771917
0.7272727272727273	-0.2329930765771917
0.7272727272727273	-0.2329930765771917
0.7272727272727273	-0.2329930765771917
0.7272727272727273	-0.2329930765771917
0.7272727272727273	-0.2329930765771917
0.7272727272727273	-0.2329930765771917
0.7272727272727273	-0.2329930765771917
0.7272727272727273	-0.2329930765771917
0.7136363636363636	-0.23277153137493556
0.7272727272727273	-0.2329930765771917
0.7272727272727273	-0.2329930765771917
0.7272727272727273	-0.2329930765771917
0.7272727272727273	-0.2329930765771917
0.7272727272727273	-0.2329930765771917
0.7272727272727273	-0.2329930765771917
0.7272727272727273	-0.2329930765771917
0.7272727272727273	-0.2329930765771917
0.7272727272727273	-0.2329930765771917
0.7272727272727273	-0.2329930765771917
0.7272727272727273	-0.2329930765771917
0.7272727272727273	-0.2329930765771917
0.7272727272727273	-0.2329930765771917
0.7272727272727273	-0.2329930765771917
0.7272727272727273	-0.2329930765771917
0.7272727272727273	-0.2329930765771917
0.7272727272727273	-0.2329930765771917
0.7272727272727273	-0.2329930765771917
0.7272727272727273	-0.2329930765771917
0.7272727272727273	-0.2329930765771917
0.7136363636363636	-0.23277153137493556
0.7272727272727273	-0.2329930765771917
0.7272727272727273	-0.2329930765771917
0.7272727272727273	-0.2329930765771917
0.7272727272727273	-0.2329930765771917
0.7272727272727273	-0.2329930765771917
0.7272727272727273	-0.2329930765771917
0.7272727272727273	-0.2329930765771917
0.7272727272727273	-0.2329930765771917
0.7272727272727273	-0.2329930765771917
0.7272727272727273	-0.2329930765771917
0.7272727272727273	-0.2329930765771917
0.7272727272727273	-0.2329930765771917
0.7272727272727273	-0.2329930765771917
0.7272727272727273	-0.2329930765771917
0.7272727272727273	-0.2329930765771917
0.7272727272727273	-0.2329930765771917
0.7272727272727273	-0.2329930765771917
0.7272727272727273	-0.2329930765771917
0.7272727272727273	-0.2329930765771917
0.7272727272727273	-0.2329930765771917
0.7272727272727273	-0.2329930765771917
0.7272727272727273	-0.2329930765771917
0.7272727272727273	-0.2329930765771917
0.7272727272727273	-0.2329930765771917
0.7272727272727273	-0.2329930765771917
0.7272727272727273	-0.2329930765771917
0.7272727272727273	-0.2329930765771917
0.7272727272727273	-0.2329930765771917
0.7272727272727273	-0.2329930765771917
0.7272727272727273	-0.2329930765771917
0.7272727272727273	-0.2329930765771917
0.7272727272727273	-0.2329930765771917
0.7272727272727273	-0.2329930765771917
0.7272727272727273	-0.2329930765771917
0.7272727272727273	-0.2329930765771917
0.7272727272727273	-0.2329930765771917
0.7272727272727273	-0.2329930765771917
0.7272727272727273	-0.2329930765771917
0.7272727272727273	-0.2329930765771917
0.7272727272727273	-0.2329930765771917
0.7272727272727273	-0.2329930765771917
0.7272727272727273	-0.2329930765771917
0.7272727272727273	-0.2329930765771917
0.7272727272727273	-0.2329930765771917
0.7272727272727273	-0.2329930765771917
0.7272727272727273	-0.2329930765771917
0.7272727272727273	-0.2329930765771917
0.7272727272727273	-0.2329930765771917
0.7272727272727273	-0.2329930765771917
0.7272727272727273	-0.2329930765771917
0.7272727272727273	-0.2329930765771917
0.7272727272727273	-0.2329930765771917
0.7272727272727273	-0.2329930765771917
0.7272727272727273	-0.2329930765771917
0.7272727272727273	-0.2329930765771917
0.7272727272727273	-0.2329930765771917
0.7272727272727273	-0.2329930765771917
0.7272727272727273	-0.2329930765771917
0.7272727272727273	-0.2329930765771917
0.7272727272727273	-0.2329930765771917
0.7272727272727273	-0.2329930765771917
0.7272727272727273	-0.2329930765771917
0.7272727272727273	-0.2329930765771917
0.7272727272727273	-0.2329930765771917
0.7272727272727273	-0.2329930765771917
0.7272727272727273	-0.2329930765771917
0.7272727272727273	-0.2329930765771917
0.7272727272727273	-0.2329930765771917
0.7272727272727273	-0.2329930765771917
0.7272727272727273	-0.2329930765771917
0.7272727272727273	-0.2329930765771917
0.7227272727272728	-0.23293748665075184
0.7272727272727273	-0.2329930765771917
0.7272727272727273	-0.2329930765771917
0.7272727272727273	-0.2329930765771917
0.7272727272727273	-0.2329930765771917
0.7272727272727273	-0.2329930765771917
0.7272727272727273	-0.2329930765771917
0.7272727272727273	-0.2329930765771917
0.7272727272727273	-0.2329930765771917
0.7272727272727273	-0.2329930765771917
0.7272727272727273	-0.2329930765771917
0.7272727272727273	-0.2329930765771917
0.7272727272727273	-0.2329930765771917
0.7272727272727273	-0.2329930765771917
0.7272727272727273	-0.2329930765771917
0.7272727272727273	-0.2329930765771917
0.7272727272727273	-0.2329930765771917
