1.4932646525081585
1.9642747813484096
2.0679350711778164
2.0679350711778164
2.0679350711778164
2.0679350711778164
2.0679350711778164
2.0679350711778164
2.0679350711778164
2.0679350711778164
2.0679350711778164
2.0679350711778164
2.0679350711778164
2.0679350711778164
2.0679350711778164
2.0679350711778164
2.0679350711778164
2.0679350711778164
2.0679350711778164
2.0679350711778164
2.0679350711778164
2.0679350711778164
2.0679350711778164
2.0679350711778164
2.0679350711778164
