1.4932646525081585
1.9642747813484096
2.0679350711778164
2.0679350711778164
2.0679350711778164
2.0679350711778164
2.0679350711778164
2.0679350711778164
2.0679350711778164
2.0679350711778164
2.0679350711778164
2.0679350711778164
2.0679350711778164
2.0679350711778164
2.0679350711778164
2.0679350711778164
2.0679350711778164
2.0679350711778164
2.0679350711778164
2.0679350711778164
2.0679350711778164
2.0679350711778164
2.0679350711778164
2.0679350711778164
2.0679350711778164
1.4932646525081585
1.9390676150902866
2.0498382722237793
2.0644899850547747
2.0644899850547747
2.087641203735657
2.087641203735657
2.087641203735657
2.087641203735657
2.087641203735657
2.087641203735657
2.087641203735657
2.087641203735657
2.087641203735657
2.087641203735657
2.087641203735657
2.087641203735657
2.087641203735657
2.087641203735657
2.087641203735657
2.087641203735657
2.087641203735657
2.087641203735657
2.087641203735657
2.087641203735657
1.4932646525081585
2.0079800562744046
2.0586132645352544
2.0636595814948273
2.0798512716832915
2.0798512716832915
2.0798512716832915
2.0798512716832915
2.0798512716832915
2.0798512716832915
2.0798512716832915
2.0798512716832915
2.0798512716832915
2.0798512716832915
2.0798512716832915
2.0843579355227075
2.0843579355227075
2.0843579355227075
2.0843579355227075
2.0843579355227075
2.0843579355227075
2.0843579355227075
2.0843579355227075
2.0843579355227075
2.0843579355227075
1.4932646525081585
1.9844833955971644
2.06834160091739
2.087641203735657
2.087641203735657
2.087641203735657
2.087641203735657
2.087641203735657
2.087641203735657
2.087641203735657
2.087641203735657
2.087641203735657
2.087641203735657
2.087641203735657
2.087641203735657
2.087641203735657
2.087641203735657
2.087641203735657
2.087641203735657
2.087641203735657
2.087641203735657
2.087641203735657
2.087641203735657
2.087641203735657
2.087641203735657
1.4932646525081585
2.0049053837818978
2.0766214323602177
2.0766214323602177
2.0766214323602177
2.0766214323602177
2.0766214323602177
2.0766214323602177
2.0766214323602177
2.0766214323602177
2.0766214323602177
2.0766214323602177
2.0766214323602177
2.0766214323602177
2.0766214323602177
2.0766214323602177
2.0766214323602177
2.0766214323602177
2.0766214323602177
2.0766214323602177
2.0766214323602177
2.0766214323602177
2.0766214323602177
2.0766214323602177
2.0766214323602177
1.4932646525081585
2.0057331715829436
2.0057331715829436
2.0168432558101093
2.0168432558101093
2.0168432558101093
2.0168432558101093
2.0168432558101093
2.0168432558101093
2.0168432558101093
2.0168432558101093
2.0168432558101093
2.0168432558101093
2.0168432558101093
2.0168432558101093
2.0168432558101093
2.0168432558101093
2.0168432558101093
2.0168432558101093
2.0294267691361245
2.0294267691361245
2.0294267691361245
2.0294267691361245
2.0294267691361245
2.0294267691361245
1.4932646525081585
2.0166424989580416
2.058186107321225
2.0610112521175528
2.0610112521175528
2.0610196069904108
2.061020880784672
2.061020880784672
2.061020880784672
2.061020880784672
2.061020880784672
2.061020880784672
2.061020880784672
2.061020880784672
2.061020880784672
2.061020880784672
2.061020880784672
2.061020880784672
2.061020880784672
2.061020880784672
2.061020880784672
2.061020880784672
2.061020880784672
2.061020880784672
2.061020880784672
1.4932646525081585
1.9996592785455367
2.0778685696763497
2.0798512716832915
2.0798512716832915
2.0798512716832915
2.0798512716832915
2.0798512716832915
2.0798512716832915
2.0798512716832915
2.0798512716832915
2.0798512716832915
2.0798512716832915
2.0798512716832915
2.0798512716832915
2.0798512716832915
2.0798512716832915
2.0798512716832915
2.0798512716832915
2.0798512716832915
2.0798512716832915
2.0798512716832915
2.0798512716832915
2.0798512716832915
2.0798512716832915
1.4932646525081585
1.98575351240405
2.05027582200362
2.0602456731202548
2.0731573324656942
2.0778685696763497
2.0778685696763497
2.0798512716832915
2.0798512716832915
2.0798512716832915
2.0798512716832915
2.0798512716832915
2.0798512716832915
2.0798512716832915
2.0798512716832915
2.0798512716832915
2.0798512716832915
2.0798512716832915
2.0798512716832915
2.0798512716832915
2.0798512716832915
2.0798512716832915
2.0798512716832915
2.0798512716832915
2.0798512716832915
1.4932646525081585
1.989474570915947
2.0474748531923965
2.087641203735657
2.087641203735657
2.087641203735657
2.087641203735657
2.087641203735657
2.087641203735657
2.087641203735657
2.087641203735657
2.087641203735657
2.087641203735657
2.087641203735657
2.087641203735657
2.087641203735657
2.087641203735657
2.087641203735657
2.087641203735657
2.087641203735657
2.087641203735657
2.087641203735657
2.087641203735657
2.087641203735657
2.087641203735657
1.4932646525081585
1.965951990253814
2.0158364938650464
2.0665185291183237
2.0849037863606408
2.0849037863606408
2.0849037863606408
2.0849037863606408
2.0849037863606408
2.0849037863606408
2.0849037863606408
2.0849037863606408
2.0849037863606408
2.0849037863606408
2.0849037863606408
2.0849037863606408
2.0849037863606408
2.0849037863606408
2.0849037863606408
2.0849037863606408
2.0849037863606408
2.0849037863606408
2.0849037863606408
2.0849037863606408
2.0849037863606408
1.4932646525081585
1.9745563892292328
2.0339728558088015
2.0526628868358245
2.0641447029228774
2.0641447029228774
2.0641447029228774
2.0641447029228774
2.0641447029228774
2.0641447029228774
2.0641447029228774
2.0641447029228774
2.0641447029228774
2.0641447029228774
2.0641447029228774
2.0641447029228774
2.0641447029228774
2.0641447029228774
2.0641447029228774
2.0641447029228774
2.0641447029228774
2.0641447029228774
2.0641447029228774
2.0641447029228774
2.0641447029228774
1.4932646525081585
1.9885211828584712
2.0669200752481665
2.0669799842534218
2.0669799842534218
2.0669799842534218
2.0669799842534218
2.0669799842534218
2.0669799842534218
2.0669799842534218
2.0669799842534218
2.0669799842534218
2.0669799842534218
2.0669799842534218
2.0669799842534218
2.0669799842534218
2.0669799842534218
2.0669799842534218
2.0669799842534218
2.0669799842534218
2.0669799842534218
2.0669799842534218
2.0669799842534218
2.0669799842534218
2.0669799842534218
1.4932646525081585
1.9661370388996515
2.008781697245462
2.009280572350322
2.057121524513853
2.0847957341566214
2.0847957341566214
2.0847957341566214
2.087641203735657
2.087641203735657
2.087641203735657
2.087641203735657
2.087641203735657
2.087641203735657
2.087641203735657
2.087641203735657
2.087641203735657
2.087641203735657
2.087641203735657
2.087641203735657
2.087641203735657
2.087641203735657
2.087641203735657
2.087641203735657
2.087641203735657
1.4932646525081585
2.0281744908913604
2.0684922547233704
2.0766214323602177
2.0766214323602177
2.0766214323602177
2.0766214323602177
2.0766214323602177
2.0766214323602177
2.0766214323602177
2.0766214323602177
2.0766214323602177
2.0766214323602177
2.0766214323602177
2.0766214323602177
2.0766214323602177
2.0766214323602177
2.0766214323602177
2.0766214323602177
2.0766214323602177
2.0766214323602177
2.0766214323602177
2.0766214323602177
2.0766214323602177
2.0766214323602177
1.4932646525081585
1.9704144227897646
2.00684496152045
2.00684496152045
2.0298158597554368
2.038717273616709
2.0572409488861076
2.0769367964887886
2.077882019726254
2.077882019726254
2.077882019726254
2.077882019726254
2.077882019726254
2.077882019726254
2.077882019726254
2.077882019726254
2.077882019726254
2.077882019726254
2.077882019726254
2.077882019726254
2.077882019726254
2.077882019726254
2.077882019726254
2.077882019726254
2.077882019726254
