1.4932646525081585
1.9642747813484096
2.0679350711778164
2.0679350711778164
2.0679350711778164
2.0679350711778164
2.0679350711778164
2.0679350711778164
2.0679350711778164
2.0679350711778164
2.0679350711778164
2.0679350711778164
2.0679350711778164
2.0679350711778164
2.0679350711778164
2.0679350711778164
2.0679350711778164
2.0679350711778164
2.0679350711778164
2.0679350711778164
2.0679350711778164
2.0679350711778164
2.0679350711778164
2.0679350711778164
2.0679350711778164
1.4932646525081585
1.9390676150902866
2.0498382722237793
2.0644899850547747
2.0644899850547747
2.087641203735657
2.087641203735657
2.087641203735657
2.087641203735657
2.087641203735657
2.087641203735657
2.087641203735657
2.087641203735657
2.087641203735657
2.087641203735657
2.087641203735657
2.087641203735657
2.087641203735657
2.087641203735657
2.087641203735657
2.087641203735657
2.087641203735657
2.087641203735657
2.087641203735657
2.087641203735657
1.4932646525081585
2.0079800562744046
2.0586132645352544
2.0636595814948273
2.0798512716832915
2.0798512716832915
2.0798512716832915
2.0798512716832915
2.0798512716832915
2.0798512716832915
2.0798512716832915
2.0798512716832915
2.0798512716832915
2.0798512716832915
2.0798512716832915
2.0843579355227075
2.0843579355227075
2.0843579355227075
2.0843579355227075
2.0843579355227075
2.0843579355227075
2.0843579355227075
2.0843579355227075
2.0843579355227075
2.0843579355227075
