1.4932646525081585
1.9642747813484096
2.0679350711778164
2.0679350711778164
2.0679350711778164
2.0679350711778164
2.0679350711778164
2.0679350711778164
2.0679350711778164
2.0679350711778164
2.0679350711778164
2.0679350711778164
2.0679350711778164
2.0679350711778164
2.0679350711778164
2.0679350711778164
2.0679350711778164
2.0679350711778164
2.0679350711778164
2.0679350711778164
2.0679350711778164
2.0679350711778164
2.0679350711778164
2.0679350711778164
2.0679350711778164
1.4932646525081585
1.9390676150902866
2.0498382722237793
2.0644899850547747
2.0644899850547747
2.087641203735657
2.087641203735657
2.087641203735657
2.087641203735657
2.087641203735657
2.087641203735657
2.087641203735657
2.087641203735657
2.087641203735657
2.087641203735657
2.087641203735657
2.087641203735657
2.087641203735657
2.087641203735657
2.087641203735657
2.087641203735657
2.087641203735657
2.087641203735657
2.087641203735657
2.087641203735657
1.4932646525081585
2.0079800562744046
2.0586132645352544
2.0636595814948273
2.0798512716832915
2.0798512716832915
2.0798512716832915
2.0798512716832915
2.0798512716832915
2.0798512716832915
2.0798512716832915
2.0798512716832915
2.0798512716832915
2.0798512716832915
2.0798512716832915
2.0843579355227075
2.0843579355227075
2.0843579355227075
2.0843579355227075
2.0843579355227075
2.0843579355227075
2.0843579355227075
2.0843579355227075
2.0843579355227075
2.0843579355227075
1.4932646525081585
1.9844833955971644
2.06834160091739
2.087641203735657
2.087641203735657
2.087641203735657
2.087641203735657
2.087641203735657
2.087641203735657
2.087641203735657
2.087641203735657
2.087641203735657
2.087641203735657
2.087641203735657
2.087641203735657
2.087641203735657
2.087641203735657
2.087641203735657
2.087641203735657
2.087641203735657
2.087641203735657
2.087641203735657
2.087641203735657
2.087641203735657
2.087641203735657
1.4932646525081585
2.0049053837818978
2.0766214323602177
2.0766214323602177
2.0766214323602177
2.0766214323602177
2.0766214323602177
2.0766214323602177
2.0766214323602177
2.0766214323602177
2.0766214323602177
2.0766214323602177
2.0766214323602177
2.0766214323602177
2.0766214323602177
2.0766214323602177
2.0766214323602177
2.0766214323602177
2.0766214323602177
2.0766214323602177
2.0766214323602177
2.0766214323602177
2.0766214323602177
2.0766214323602177
2.0766214323602177
1.4932646525081585
2.0057331715829436
2.0057331715829436
2.0168432558101093
2.0168432558101093
2.0168432558101093
2.0168432558101093
2.0168432558101093
2.0168432558101093
2.0168432558101093
2.0168432558101093
2.0168432558101093
2.0168432558101093
2.0168432558101093
2.0168432558101093
2.0168432558101093
2.0168432558101093
2.0168432558101093
2.0168432558101093
2.0294267691361245
2.0294267691361245
2.0294267691361245
2.0294267691361245
2.0294267691361245
2.0294267691361245
1.4932646525081585
2.0166424989580416
2.058186107321225
2.0610112521175528
2.0610112521175528
2.0610196069904108
2.061020880784672
2.061020880784672
2.061020880784672
2.061020880784672
2.061020880784672
2.061020880784672
2.061020880784672
2.061020880784672
2.061020880784672
2.061020880784672
2.061020880784672
2.061020880784672
2.061020880784672
2.061020880784672
2.061020880784672
2.061020880784672
2.061020880784672
2.061020880784672
2.061020880784672
1.4932646525081585
1.9996592785455367
2.0778685696763497
2.0798512716832915
2.0798512716832915
2.0798512716832915
2.0798512716832915
2.0798512716832915
2.0798512716832915
2.0798512716832915
2.0798512716832915
2.0798512716832915
2.0798512716832915
2.0798512716832915
2.0798512716832915
2.0798512716832915
2.0798512716832915
2.0798512716832915
2.0798512716832915
2.0798512716832915
2.0798512716832915
2.0798512716832915
2.0798512716832915
2.0798512716832915
2.0798512716832915
1.4932646525081585
1.98575351240405
2.05027582200362
2.0602456731202548
2.0731573324656942
2.0778685696763497
2.0778685696763497
2.0798512716832915
2.0798512716832915
2.0798512716832915
2.0798512716832915
2.0798512716832915
2.0798512716832915
2.0798512716832915
2.0798512716832915
2.0798512716832915
2.0798512716832915
2.0798512716832915
2.0798512716832915
2.0798512716832915
2.0798512716832915
2.0798512716832915
2.0798512716832915
2.0798512716832915
2.0798512716832915
