1.8078151966597575
2.0754402696904375
2.256336621673341
2.2795747364684127
2.2795747364684127
2.2795747364684127
2.2795747364684127
2.2795747364684127
2.2795747364684127
2.2795747364684127
2.2795747364684127
2.2795747364684127
2.2795747364684127
2.2795747364684127
2.2795747364684127
2.2795747364684127
2.2795747364684127
2.2795747364684127
2.2795747364684127
2.2795747364684127
2.2795747364684127
2.2795747364684127
2.2795747364684127
2.2795747364684127
2.2795747364684127
1.8078151966597575
2.1098561010397607
2.2331906562315607
2.2795747364684127
2.2795747364684127
2.2795747364684127
2.2795747364684127
2.2795747364684127
2.2795747364684127
2.2795747364684127
2.2795747364684127
2.2795747364684127
2.2795747364684127
2.2795747364684127
2.2795747364684127
2.2795747364684127
2.2795747364684127
2.2795747364684127
2.2795747364684127
2.2795747364684127
2.2795747364684127
2.2795747364684127
2.2795747364684127
2.2795747364684127
2.2795747364684127
1.8078151966597575
2.201257062481561
2.201257062481561
2.2051108820276237
2.2051108820276237
2.2051108820276237
2.2051108820276237
2.2051108820276237
2.2051108820276237
2.2051108820276237
2.2051108820276237
2.2051108820276237
2.2051108820276237
2.2051108820276237
2.2051108820276237
2.2051108820276237
2.2051108820276237
2.2051108820276237
2.2051108820276237
2.2051108820276237
2.2051108820276237
2.2051108820276237
2.2051108820276237
2.2051108820276237
2.2051108820276237
1.8078151966597575
2.201257062481561
2.2051108820276237
2.2051108820276237
2.2051108820276237
2.2051108820276237
2.2051108820276237
2.2051108820276237
2.2051108820276237
2.2051108820276237
2.2051108820276237
2.2051108820276237
2.2051108820276237
2.2051108820276237
2.2051108820276237
2.2051108820276237
2.2051108820276237
2.2051108820276237
2.2051108820276237
2.2051108820276237
2.2051108820276237
2.2051108820276237
2.2051108820276237
2.2051108820276237
2.2051108820276237
1.8078151966597575
2.094255515102261
2.2331906562315607
2.2331906562315607
2.256336621673341
2.2795747364684127
2.2795747364684127
2.2795747364684127
2.2795747364684127
2.2795747364684127
2.2795747364684127
2.2795747364684127
2.2795747364684127
2.2795747364684127
2.2795747364684127
2.2795747364684127
2.2795747364684127
2.2795747364684127
2.2795747364684127
2.2795747364684127
2.2795747364684127
2.2795747364684127
2.2795747364684127
2.2795747364684127
2.2795747364684127
1.8078151966597575
2.165412182210843
2.2133101978920813
2.256336621673341
2.256336621673341
2.2795747364684127
2.2795747364684127
2.2795747364684127
2.2795747364684127
2.2795747364684127
2.2795747364684127
2.2795747364684127
2.2795747364684127
2.2795747364684127
2.2795747364684127
2.2795747364684127
2.2795747364684127
2.2795747364684127
2.2795747364684127
2.2795747364684127
2.2795747364684127
2.2795747364684127
2.2795747364684127
2.2795747364684127
2.2795747364684127
1.8078151966597575
2.0345327294226574
2.1060322024529063
2.1060322024529063
2.1060322024529063
2.1060322024529063
2.1060322024529063
2.1060322024529063
2.1060322024529063
2.1060322024529063
2.1060322024529063
2.1060322024529063
2.1060322024529063
2.1060322024529063
2.1060322024529063
2.1060322024529063
2.1060322024529063
2.1060322024529063
2.1060322024529063
2.1060322024529063
2.1060322024529063
2.1060322024529063
2.1060322024529063
2.1060322024529063
2.1060322024529063
1.8078151966597575
2.2133101978920813
2.2150696513904666
2.2150696513904666
2.2150696513904666
2.2150696513904666
2.2150696513904666
2.2150696513904666
2.2150696513904666
2.2150696513904666
2.2150696513904666
2.2150696513904666
2.2150696513904666
2.2150696513904666
2.2150696513904666
2.2150696513904666
2.2150696513904666
2.2150696513904666
2.2150696513904666
2.2150696513904666
2.2150696513904666
2.2150696513904666
2.2150696513904666
2.2150696513904666
2.2150696513904666
1.8078151966597575
2.2331906562315607
2.2331906562315607
2.2331906562315607
2.256336621673341
2.2795747364684127
2.2795747364684127
2.2795747364684127
2.2795747364684127
2.2795747364684127
2.2795747364684127
2.2795747364684127
2.2795747364684127
2.2795747364684127
2.2795747364684127
2.2795747364684127
2.2795747364684127
2.2795747364684127
2.2795747364684127
2.2795747364684127
2.2795747364684127
2.2795747364684127
2.2795747364684127
2.2795747364684127
2.2795747364684127
1.8078151966597575
2.1977521877055923
2.1981160121674264
2.2150696513904666
2.2150696513904666
2.2150696513904666
2.2150696513904666
2.2150696513904666
2.2150696513904666
2.2150696513904666
2.2150696513904666
2.2150696513904666
2.2150696513904666
2.2150696513904666
2.2150696513904666
2.2150696513904666
2.2150696513904666
2.2150696513904666
2.2150696513904666
2.2150696513904666
2.2150696513904666
2.2150696513904666
2.2150696513904666
2.2150696513904666
2.2150696513904666
1.8078151966597575
2.136153385111812
2.2111212960154467
2.2111212960154467
2.2111212960154467
2.2111212960154467
2.2111212960154467
2.2111212960154467
2.2111212960154467
2.2111212960154467
2.2111212960154467
2.2111212960154467
2.2111212960154467
2.2111212960154467
2.2111212960154467
2.2111212960154467
2.2111212960154467
2.2111212960154467
2.2111212960154467
2.2111212960154467
2.2111212960154467
2.2111212960154467
2.2111212960154467
2.2111212960154467
2.2111212960154467
1.8078151966597575
2.190408373075301
2.2150696513904666
2.2150696513904666
2.2150696513904666
2.2150696513904666
2.2150696513904666
2.2150696513904666
2.2150696513904666
2.2150696513904666
2.2150696513904666
2.2150696513904666
2.2150696513904666
2.2150696513904666
2.2150696513904666
2.2150696513904666
2.2150696513904666
2.2150696513904666
2.2150696513904666
2.2150696513904666
2.2150696513904666
2.2150696513904666
2.2150696513904666
2.2150696513904666
2.2150696513904666
1.8078151966597575
2.0248964827963345
2.151876041361812
2.151876041361812
2.151876041361812
2.151876041361812
2.151876041361812
2.151876041361812
2.151876041361812
2.151876041361812
2.151876041361812
2.151876041361812
2.151876041361812
2.151876041361812
2.151876041361812
2.151876041361812
2.151876041361812
2.151876041361812
2.151876041361812
2.151876041361812
2.151876041361812
2.151876041361812
2.151876041361812
2.151876041361812
2.151876041361812
1.8078151966597575
2.1292805855641146
2.151876041361812
2.151876041361812
2.151876041361812
2.151876041361812
2.151876041361812
2.1714525171578747
2.1714525171578747
2.1714525171578747
2.1714525171578747
2.1714525171578747
2.1714525171578747
2.1714525171578747
2.1714525171578747
2.1714525171578747
2.1714525171578747
2.1714525171578747
2.1714525171578747
2.1714525171578747
2.1714525171578747
2.1714525171578747
2.1714525171578747
2.1714525171578747
2.1714525171578747
1.8078151966597575
2.069846914268092
2.208845017736852
2.2111212960154467
2.2111212960154467
2.2111212960154467
2.2111212960154467
2.2111212960154467
2.2111212960154467
2.2111212960154467
2.2111212960154467
2.2111212960154467
2.2111212960154467
2.2111212960154467
2.2111212960154467
2.2111212960154467
2.2111212960154467
2.2111212960154467
2.2111212960154467
2.2111212960154467
2.2111212960154467
2.2111212960154467
2.2111212960154467
2.2111212960154467
2.2111212960154467
1.8078151966597575
2.120430728861812
2.2051108820276237
2.2051108820276237
2.2051108820276237
2.2051108820276237
2.2051108820276237
2.2051108820276237
2.2051108820276237
2.2051108820276237
2.2051108820276237
2.2051108820276237
2.2051108820276237
2.2051108820276237
2.2051108820276237
2.2051108820276237
2.2051108820276237
2.2051108820276237
2.2051108820276237
2.2051108820276237
2.2051108820276237
2.2051108820276237
2.2051108820276237
2.2051108820276237
2.2051108820276237
1.8078151966597575
2.176336867252958
2.184351884410832
2.184351884410832
2.184351884410832
2.184351884410832
2.184351884410832
2.184351884410832
2.184351884410832
2.184351884410832
2.184351884410832
2.184351884410832
2.184351884410832
2.184351884410832
2.184351884410832
2.184351884410832
2.184351884410832
2.184351884410832
2.184351884410832
2.184351884410832
2.184351884410832
2.184351884410832
2.184351884410832
2.184351884410832
2.184351884410832
1.8078151966597575
2.117503898213469
2.151876041361812
2.1684772368891236
2.1684772368891236
2.1684772368891236
2.1684772368891236
2.1684772368891236
2.1684772368891236
2.1684772368891236
2.1684772368891236
2.1684772368891236
2.1684772368891236
2.1684772368891236
2.1684772368891236
2.1684772368891236
2.1684772368891236
2.1684772368891236
2.1684772368891236
2.1684772368891236
2.1684772368891236
2.1684772368891236
2.1684772368891236
2.1684772368891236
2.1684772368891236
1.8078151966597575
2.194292113580572
2.2795747364684127
2.2795747364684127
2.2795747364684127
2.2795747364684127
2.2795747364684127
2.2795747364684127
2.2795747364684127
2.2795747364684127
2.2795747364684127
2.2795747364684127
2.2795747364684127
2.2795747364684127
2.2795747364684127
2.2795747364684127
2.2795747364684127
2.2795747364684127
2.2795747364684127
2.2795747364684127
2.2795747364684127
2.2795747364684127
2.2795747364684127
2.2795747364684127
2.2795747364684127
1.8078151966597575
2.091298763494709
2.194292113580572
2.194292113580572
2.194292113580572
2.194292113580572
2.194292113580572
2.194292113580572
2.194292113580572
2.194292113580572
2.194292113580572
2.194292113580572
2.194292113580572
2.194292113580572
2.194292113580572
2.194292113580572
2.194292113580572
2.194292113580572
2.194292113580572
2.194292113580572
2.194292113580572
2.194292113580572
2.194292113580572
2.194292113580572
2.194292113580572
