1.8078151966597575
2.0754402696904375
2.256336621673341
2.2795747364684127
2.2795747364684127
2.2795747364684127
2.2795747364684127
2.2795747364684127
2.2795747364684127
2.2795747364684127
2.2795747364684127
2.2795747364684127
2.2795747364684127
2.2795747364684127
2.2795747364684127
2.2795747364684127
2.2795747364684127
2.2795747364684127
2.2795747364684127
2.2795747364684127
2.2795747364684127
2.2795747364684127
2.2795747364684127
2.2795747364684127
2.2795747364684127
1.8078151966597575
2.1098561010397607
2.2331906562315607
2.2795747364684127
2.2795747364684127
2.2795747364684127
2.2795747364684127
2.2795747364684127
2.2795747364684127
2.2795747364684127
2.2795747364684127
2.2795747364684127
2.2795747364684127
2.2795747364684127
2.2795747364684127
2.2795747364684127
2.2795747364684127
2.2795747364684127
2.2795747364684127
2.2795747364684127
2.2795747364684127
2.2795747364684127
2.2795747364684127
2.2795747364684127
2.2795747364684127
