1.8078151966597575
2.0754402696904375
2.256336621673341
2.2795747364684127
2.2795747364684127
2.2795747364684127
2.2795747364684127
2.2795747364684127
2.2795747364684127
2.2795747364684127
2.2795747364684127
2.2795747364684127
2.2795747364684127
2.2795747364684127
2.2795747364684127
2.2795747364684127
2.2795747364684127
2.2795747364684127
2.2795747364684127
2.2795747364684127
2.2795747364684127
2.2795747364684127
2.2795747364684127
2.2795747364684127
2.2795747364684127
1.8078151966597575
2.1098561010397607
2.2331906562315607
2.2795747364684127
2.2795747364684127
2.2795747364684127
2.2795747364684127
2.2795747364684127
2.2795747364684127
2.2795747364684127
2.2795747364684127
2.2795747364684127
2.2795747364684127
2.2795747364684127
2.2795747364684127
2.2795747364684127
2.2795747364684127
2.2795747364684127
2.2795747364684127
2.2795747364684127
2.2795747364684127
2.2795747364684127
2.2795747364684127
2.2795747364684127
2.2795747364684127
1.8078151966597575
2.201257062481561
2.201257062481561
2.2051108820276237
2.2051108820276237
2.2051108820276237
2.2051108820276237
2.2051108820276237
2.2051108820276237
2.2051108820276237
2.2051108820276237
2.2051108820276237
2.2051108820276237
2.2051108820276237
2.2051108820276237
2.2051108820276237
2.2051108820276237
2.2051108820276237
2.2051108820276237
2.2051108820276237
2.2051108820276237
2.2051108820276237
2.2051108820276237
2.2051108820276237
2.2051108820276237
1.8078151966597575
2.201257062481561
2.2051108820276237
2.2051108820276237
2.2051108820276237
2.2051108820276237
2.2051108820276237
2.2051108820276237
2.2051108820276237
2.2051108820276237
2.2051108820276237
2.2051108820276237
2.2051108820276237
2.2051108820276237
2.2051108820276237
2.2051108820276237
2.2051108820276237
2.2051108820276237
2.2051108820276237
2.2051108820276237
2.2051108820276237
2.2051108820276237
2.2051108820276237
2.2051108820276237
2.2051108820276237
1.8078151966597575
2.094255515102261
2.2331906562315607
2.2331906562315607
2.256336621673341
2.2795747364684127
2.2795747364684127
2.2795747364684127
2.2795747364684127
2.2795747364684127
2.2795747364684127
2.2795747364684127
2.2795747364684127
2.2795747364684127
2.2795747364684127
2.2795747364684127
2.2795747364684127
2.2795747364684127
2.2795747364684127
2.2795747364684127
2.2795747364684127
2.2795747364684127
2.2795747364684127
2.2795747364684127
2.2795747364684127
1.8078151966597575
2.165412182210843
2.2133101978920813
2.256336621673341
2.256336621673341
2.2795747364684127
2.2795747364684127
2.2795747364684127
2.2795747364684127
2.2795747364684127
2.2795747364684127
2.2795747364684127
2.2795747364684127
2.2795747364684127
2.2795747364684127
2.2795747364684127
2.2795747364684127
2.2795747364684127
2.2795747364684127
2.2795747364684127
2.2795747364684127
2.2795747364684127
2.2795747364684127
2.2795747364684127
2.2795747364684127
