1.3537059000498035
1.867276497476074
1.965105303555034
1.972276096348626
1.972276096348626
1.972276096348626
1.972276096348626
1.972276096348626
1.972276096348626
1.972276096348626
1.9763822281997776
1.9763822281997776
1.9763822281997776
1.9763926605245838
1.9763926605245838
1.9763926605245838
1.9763926605245838
1.9763926605245838
1.9763926605245838
1.9763926605245838
1.9763926605245838
1.9763926605245838
1.9763926605245838
1.9763926605245838
1.9763926605245838
1.3537059000498035
1.867276497476074
1.965105303555034
1.972276096348626
1.972276096348626
1.972276096348626
1.972276096348626
1.972276096348626
1.972276096348626
1.972276096348626
1.9763822281997776
1.9763822281997776
1.9763822281997776
1.9763926605245838
1.9763926605245838
1.9763926605245838
1.9763926605245838
1.9763926605245838
1.9763926605245838
1.9763926605245838
1.9763926605245838
1.9763926605245838
1.9763926605245838
1.9763926605245838
1.9763926605245838
1.3537059000498035
1.867276497476074
1.965105303555034
1.972276096348626
1.972276096348626
1.972276096348626
1.972276096348626
1.972276096348626
1.972276096348626
1.972276096348626
1.9763822281997776
1.9763822281997776
1.9763822281997776
1.9763926605245838
1.9763926605245838
1.9763926605245838
1.9763926605245838
1.9763926605245838
1.9763926605245838
1.9763926605245838
1.9763926605245838
1.9763926605245838
1.9763926605245838
1.9763926605245838
1.9763926605245838
1.3537059000498035
1.867276497476074
1.965105303555034
1.972276096348626
1.972276096348626
1.972276096348626
1.972276096348626
1.972276096348626
1.972276096348626
1.972276096348626
1.9763822281997776
1.9763822281997776
1.9763822281997776
1.9763926605245838
1.9763926605245838
1.9763926605245838
1.9763926605245838
1.9763926605245838
1.9763926605245838
1.9763926605245838
1.9763926605245838
1.9763926605245838
1.9763926605245838
1.9763926605245838
1.9763926605245838
