1.3537059000498035
1.8236002768983681
1.8966826078784313
1.933006565629803
1.9510544338980853
1.9559543155863888
1.9615642366878971
1.9665471218015416
1.9706331339299543
1.9724829397061916
1.9769184939076836
1.9783519857364156
1.9783531097113112
1.9783531097113112
1.9783531097113112
1.9783975133210616
1.9783975133210616
1.9783975133210616
1.9783975133210616
1.9783975133210616
1.9784080209578414
1.9784080209578414
1.9784080209578414
1.9784080209578414
1.9784080209578414
1.3537059000498035
1.8221465505627756
1.9266526344243784
1.9515944993560892
1.9598738392091701
1.9598938355383995
1.9599560584780062
1.9616936806486804
1.961716456225978
1.9657992819556322
1.9657992819556322
1.9657992819556322
1.9657992819556322
1.9657992819556322
1.9668461365251284
1.9668461365251284
1.9668461365251284
1.9668461365251284
1.9668502332239495
1.9668542884236107
1.9668542884236107
1.9668545866776903
1.9668545866776903
1.9668545866776903
1.9668545866776903
1.3537059000498035
1.8283749601286488
1.9093024915832588
1.951046856125088
1.9603275498310684
1.964785973498873
1.964787887563041
1.964787887563041
1.9647900976949915
1.9700959369057782
1.9700959369057782
1.9763301204843682
1.976339061493847
1.976339061493847
1.9763482522969984
1.9763580417496402
1.9763580417496402
1.9763580417496402
1.9763580417496402
1.9763580417496402
1.9763580417496402
1.9763580417496402
1.9763616730093148
1.9763616730093148
1.9763616730093148
1.3537059000498035
1.825425611002902
1.8924708872598888
1.939373515519018
1.9644222865130172
1.9690328134618724
1.969064476668062
1.969064476668062
1.969064476668062
1.969064476668062
1.969064476668062
1.969088405692457
1.969088405692457
1.969088405692457
1.9690897207105782
1.9690897207105782
1.9690956670161304
1.9690956670161304
1.9690956670161304
1.9690990634064622
1.9690990634064622
1.969108286781415
1.969108286781415
1.969108286781415
1.9691091688976312
1.3537059000498035
1.8330636676815115
1.919961189140285
1.9352522828167338
1.9487143986953663
1.9527471308167372
1.957245810178018
1.9572615349273863
1.9614033538510758
1.9614470615389306
1.9614759472064227
1.964967851097028
1.964967851097028
1.9649692969358867
1.9649887143585636
1.9734586208803093
1.9734672695237938
1.9734672695237938
1.9734672695237938
1.9734672695237938
1.9734672695237938
1.9734672695237938
1.9734672695237938
1.9734707960928173
1.9734777839361952
1.3537059000498035
1.8104008259531839
1.8928090594838638
1.9438115030910825
1.9556807516804353
1.95570518166577
1.9597706338049607
1.9745637519759913
1.9745889790520395
1.9787027644355042
1.9796241504132952
1.9804045022544785
1.9825431930116695
1.9866218214039604
1.9866218214039604
1.9866218214039604
1.9866332401906888
1.9866332401906888
1.9866332401906888
1.9866332401906888
1.9866332401906888
1.9866332401906888
1.9866332401906888
1.9866332401906888
1.9866332401906888
1.3537059000498035
1.8428218402059444
1.9063937410885332
1.9434276141651545
1.953369354477007
1.9586729197177026
1.9619091116664844
1.9722365913187498
1.9722375235457246
1.976339061493847
1.976339061493847
1.976339061493847
1.976339061493847
1.976339061493847
1.9763580417496402
1.9763580417496402
1.9763580417496402
1.9763580417496402
1.9763580417496402
1.9763616730093148
1.9763616730093148
1.9763616730093148
1.9763619942312316
1.9763619942312316
1.9763619942312316
1.3537059000498035
1.8233799150642025
1.8884992039797077
1.9263349939201009
1.9445317936087043
1.947964583361431
1.9566227274572288
1.9599525686426467
1.963400865160201
1.963400865160201
1.9645986486284848
1.9646278420772814
1.9675280895305454
1.9689752824821778
1.972229885318023
1.972229885318023
1.972229885318023
1.972229885318023
1.9722375975735384
1.9722375975735384
1.9722824417746965
1.9722824417746965
1.9722824417746965
1.9722824417746965
1.9722824417746965
1.3537059000498035
1.8516556053854714
1.924303470354474
1.9446682551413916
1.9513155312850414
1.9553257819710066
1.9597961090796456
1.960872240711164
1.960872240711164
1.960872240711164
1.964942718950593
1.964942718950593
1.9690266130048748
1.9690266130048748
1.9690266130048748
1.9690266130048748
1.969350656848067
1.969350656848067
1.9721905146190077
1.9721905146190077
1.9722303694931587
1.9722596458604447
1.9722658679917788
1.9722658679917788
1.9722658679917788
1.3537059000498035
1.8264575388693665
1.888790856296492
1.9234372424084454
1.9322846670169007
1.941192764349561
1.9412753978528485
1.945145376817531
1.9500933088643788
1.9541652139943182
1.9569556934196934
1.9616883919731447
1.9636562192810425
1.964270261584954
1.9690555914710293
1.9690695693132068
1.9690695693132068
1.9772574441932569
1.9813605380053452
1.981394630596957
1.982341893935378
1.982341893935378
1.982341893935378
1.9864366228788464
1.9878124925375937
1.3537059000498035
1.8530756456884363
1.9045184888494044
1.9404406537773338
1.9506381992046362
1.9546841701080826
1.9554707771431423
1.9673160166472767
1.9673160166472767
1.972585653451718
1.9725859870292022
1.9725859870292022
1.9725859870292022
1.9725859870292022
1.9725859870292022
1.9725859870292022
1.9725859870292022
1.9725859870292022
1.9725859870292022
1.9725859870292022
1.9725912090796907
1.9766924811000448
1.9766924811000448
1.9766927470278133
1.9766927470278133
