1.3537059000498035
1.8236002768983681
1.8966826078784313
1.933006565629803
1.9510544338980853
1.9559543155863888
1.9615642366878971
1.9665471218015416
1.9706331339299543
1.9724829397061916
1.9769184939076836
1.9783519857364156
1.9783531097113112
1.9783531097113112
1.9783531097113112
1.9783975133210616
1.9783975133210616
1.9783975133210616
1.9783975133210616
1.9783975133210616
1.9784080209578414
1.9784080209578414
1.9784080209578414
1.9784080209578414
1.9784080209578414
1.3537059000498035
1.8221465505627756
1.9266526344243784
1.9515944993560892
1.9598738392091701
1.9598938355383995
1.9599560584780062
1.9616936806486804
1.961716456225978
1.9657992819556322
1.9657992819556322
1.9657992819556322
1.9657992819556322
1.9657992819556322
1.9668461365251284
1.9668461365251284
1.9668461365251284
1.9668461365251284
1.9668502332239495
1.9668542884236107
1.9668542884236107
1.9668545866776903
1.9668545866776903
1.9668545866776903
1.9668545866776903
1.3537059000498035
1.8283749601286488
1.9093024915832588
1.951046856125088
1.9603275498310684
1.964785973498873
1.964787887563041
1.964787887563041
1.9647900976949915
1.9700959369057782
1.9700959369057782
1.9763301204843682
1.976339061493847
1.976339061493847
1.9763482522969984
1.9763580417496402
1.9763580417496402
1.9763580417496402
1.9763580417496402
1.9763580417496402
1.9763580417496402
1.9763580417496402
1.9763616730093148
1.9763616730093148
1.9763616730093148
1.3537059000498035
1.825425611002902
1.8924708872598888
1.939373515519018
1.9644222865130172
1.9690328134618724
1.969064476668062
1.969064476668062
1.969064476668062
1.969064476668062
1.969064476668062
1.969088405692457
1.969088405692457
1.969088405692457
1.9690897207105782
1.9690897207105782
1.9690956670161304
1.9690956670161304
1.9690956670161304
1.9690990634064622
1.9690990634064622
1.969108286781415
1.969108286781415
1.969108286781415
1.9691091688976312
