1.3756637010453516
1.7323111031967404
1.8205756708691452
1.8456223484469634
1.859438663625512
1.86436999604566
1.8644595640822554
1.8644595640822554
1.8644595640822554
1.8644595640822554
1.8644595640822554
1.8644595640822554
1.8644595640822554
1.8644595640822554
1.8650126890070076
1.8650126890070076
1.8650126890070076
1.8650126890070076
1.8650126890070076
1.8650126890070076
1.8650126890070076
1.8650126890070076
1.8650126890070076
1.8650126890070076
1.8650126890070076
1.3756637010453516
1.6088298820142208
1.719725956746552
1.7578936481460357
1.7677735656733482
1.7788186447281065
1.7893039531444448
1.790826603505752
1.7924646005011668
1.7924646005011668
1.7924646005011668
1.7924646005011668
1.7924646005011668
1.7924646005011668
1.7924646005011668
1.7924646005011668
1.7924646005011668
1.7924646005011668
1.7925785814529906
1.7925785814529906
1.792582697654237
1.792588119724228
1.792588119724228
1.792588119724228
1.792588119724228
