1.3756637010453516
1.7323111031967404
1.8205756708691452
1.8456223484469634
1.859438663625512
1.86436999604566
1.8644595640822554
1.8644595640822554
1.8644595640822554
1.8644595640822554
1.8644595640822554
1.8644595640822554
1.8644595640822554
1.8644595640822554
1.8650126890070076
1.8650126890070076
1.8650126890070076
1.8650126890070076
1.8650126890070076
1.8650126890070076
1.8650126890070076
1.8650126890070076
1.8650126890070076
1.8650126890070076
1.8650126890070076
1.3756637010453516
1.6088298820142208
1.719725956746552
1.7578936481460357
1.7677735656733482
1.7788186447281065
1.7893039531444448
1.790826603505752
1.7924646005011668
1.7924646005011668
1.7924646005011668
1.7924646005011668
1.7924646005011668
1.7924646005011668
1.7924646005011668
1.7924646005011668
1.7924646005011668
1.7924646005011668
1.7925785814529906
1.7925785814529906
1.792582697654237
1.792588119724228
1.792588119724228
1.792588119724228
1.792588119724228
1.3756637010453516
1.7683088236785207
1.8133043161150546
1.8424382672605941
1.8511177631315212
1.851122108789707
1.851122108789707
1.851122108789707
1.851122108789707
1.851122108789707
1.851122108789707
1.851122108789707
1.851122108789707
1.851122108789707
1.851122108789707
1.8511300868053524
1.8511414490519444
1.8511433319443857
1.8511538429666163
1.8511538429666163
1.8511538429666163
1.8524927946429208
1.8524927946429208
1.8524927946429208
1.8525123898592126
1.3756637010453516
1.6653012185907234
1.7722223422507961
1.8278989517141682
1.8295133043338756
1.8295133043338756
1.8295133043338756
1.8329790328554687
1.8329790328554687
1.8329790328554687
1.8329790328554687
1.8329790328554687
1.8329790328554687
1.840212090324054
1.840212090324054
1.840212090324054
1.840212090324054
1.840212090324054
1.840212090324054
1.8445916293655915
1.844612061065677
1.844612061065677
1.844612061065677
1.844612061065677
1.844612061065677
1.3756637010453516
1.7162217030867781
1.7848340779634235
1.808974191432818
1.814918045084223
1.814918045084223
1.8188042840359806
1.8274104356338705
1.8274104356338705
1.8274104356338705
1.8274104356338705
1.8274104356338705
1.8274104356338705
1.8274104356338705
1.8317303106327036
1.8317303106327036
1.8359549201129592
1.8409651763470858
1.8471093587480851
1.8471093587480851
1.8471093587480851
1.8471093587480851
1.8471093587480851
1.8471093587480851
1.8471093587480851
1.3756637010453516
1.6624168786388371
1.7526169275066918
1.8004488590720638
1.81939499959794
1.81939499959794
1.81939499959794
1.81939499959794
1.81939499959794
1.81939499959794
1.81939499959794
1.81939499959794
1.81939499959794
1.81939499959794
1.81939499959794
1.81939499959794
1.81939499959794
1.81939499959794
1.81939499959794
1.81939499959794
1.8419264506231567
1.8433846264706888
1.8433846264706888
1.8433858824735305
1.8433858824735305
