1.3411021985819762
1.7125326908840617
1.7857320222132689
1.7944388586974054
1.7944770181878715
1.7944861087971018
1.8000443192166433
1.8128829201440602
1.812930524616746
1.812930524616746
1.833744583142107
1.833744583142107
1.8385182721600644
1.8385182721600644
1.8385182721600644
1.8385182721600644
1.8385182721600644
1.8385182721600644
1.8385182721600644
1.8385182721600644
1.8385182721600644
1.8385182721600644
1.8385182721600644
1.8385182721600644
1.8385182721600644
1.3411021985819762
1.6171115358520751
1.6798263166929752
1.710359866013568
1.739508950340717
1.739525615518092
1.739525615518092
1.739525615518092
1.7396678575756965
1.7396678575756965
1.745543691875563
1.745543691875563
1.745543691875563
1.745543691875563
1.745543691875563
1.745543691875563
1.7455955396402514
1.7455992277056624
1.7455992277056624
1.7455992277056624
1.7455992277056624
1.7455992277056624
1.7455992277056624
1.745602461947509
1.745602461947509
1.3411021985819762
1.5424307553341918
1.6362747788746865
1.6372724564803107
1.6495340053406309
1.6603396967752218
1.6603472614231791
1.660361752159949
1.6648213364230506
1.6737261447888974
1.6781834904920965
1.6782109661975277
1.6826317332939207
1.6826317332939207
1.6827300483017464
1.6827300483017464
1.6827934268273261
1.685501013409612
1.685529421768637
1.6890679514419904
1.6890693999157542
1.689082104550911
1.6891148350547227
1.6891148350547227
1.6891148350547227
1.3411021985819762
1.5761443000722295
1.7313866535905098
1.777698347348658
1.806987077379378
1.8161497180513992
1.8161497180513992
1.8161553958218353
1.8161553958218353
1.8161553958218353
1.8161553958218353
1.8250283921235684
1.8250283921235684
1.8250283921235684
1.825078436343289
1.825078436343289
1.825078436343289
1.825078436343289
1.825078436343289
1.825078436343289
1.825078436343289
1.825078436343289
1.825078436343289
1.825078436343289
1.825078436343289
1.3411021985819762
1.6794813074826174
1.7746935722942128
1.8119172731121713
1.8231834987632791
1.8232251286093761
1.8232251286093761
1.8232251286093761
1.8232251286093761
1.8232251286093761
1.8232251286093761
1.8232251286093761
1.8232251286093761
1.8232251286093761
1.8232251286093761
1.8232251286093761
1.8232251286093761
1.8232251286093761
1.823233435675727
1.823233435675727
1.8232498554462486
1.8232498554462486
1.8232498554462486
1.8232498554462486
1.8232498554462486
1.3411021985819762
1.6855449800544684
1.8358719667214312
1.858819974120513
1.8724743674201625
1.8724743674201625
1.878985256346151
1.883809594529761
1.883809594529761
1.8838464703705728
1.8886448139039829
1.8886448139039829
1.8886448139039829
1.8886489818311678
1.8886489818311678
1.8886507974190145
1.8886507974190145
1.8886577927340118
1.8886577927340118
1.8886577927340118
1.8886577927340118
1.8886577927340118
1.8886577927340118
1.8886577927340118
1.8886577927340118
1.3411021985819762
1.6796245881220855
1.7736845646348423
1.8261622764017336
1.8469378091385154
1.849003165351134
1.8678694984455477
1.8678936946576672
1.8678936946576672
1.8678936946576672
1.8678936946576672
1.8678936946576672
1.8678936946576672
1.8678936946576672
1.8678936946576672
1.8678936946576672
1.8679145095807155
1.8679145095807155
1.8679145095807155
1.8679145095807155
1.8679145095807155
1.8679145095807155
1.8679145095807155
1.8679145095807155
1.8679145095807155
1.3411021985819762
1.6031300848700007
1.7676963320082835
1.8268799113766936
1.840954014549436
1.840954014549436
1.840954014549436
1.8419253669479791
1.8466951975649013
1.846716671978416
1.846716671978416
1.846716671978416
1.846716671978416
1.846716671978416
1.846716671978416
1.846716671978416
1.846716671978416
1.846716671978416
1.851496933339315
1.851496933339315
1.8515214127058448
1.8515214127058448
1.8515214127058448
1.8515214127058448
1.8515214127058448
1.3411021985819762
1.6856779234768708
1.78981330303996
1.8175749180407093
1.846382782732067
1.846382782732067
1.846382782732067
1.8476152618589126
1.8476152618589126
1.8476152618589126
1.8476152618589126
1.8563022027633873
1.8563022027633873
1.8563022027633873
1.8563022027633873
1.8563022027633873
1.8563022027633873
1.8563022027633873
1.8563022027633873
1.8563022027633873
1.8563022027633873
1.8563022027633873
1.8563022027633873
1.8563022027633873
1.8563022027633873
1.3411021985819762
1.5683924549584667
1.7148247934264051
1.7747335327916005
1.7863100051366516
1.7863311285541055
1.7863526128878076
1.786357142417561
1.786357142417561
1.7909512206959024
1.7909512206959024
1.7909512206959024
1.7909512206959024
1.7909512206959024
1.7909614242145373
1.791004934799523
1.791021122864934
1.791021122864934
1.791021122864934
1.791021122864934
1.791021122864934
1.7910267265958855
1.7910267265958855
1.7910267265958855
1.7910267265958855
