1.4693733576707046
1.990674149257408
2.0744695851444845
2.1034481564782563
2.1036662085839297
2.107078811674051
2.107078811674051
2.107078811674051
2.107078811674051
2.107078811674051
2.107078811674051
2.107078811674051
2.107078811674051
2.107078811674051
2.107078811674051
2.107078811674051
2.107078811674051
2.107078811674051
2.107078811674051
2.107078811674051
2.107078811674051
2.107078811674051
2.107078811674051
2.107078811674051
2.107078811674051
1.4693733576707046
2.0765090292517674
2.0931169759456596
2.0931169759456596
2.0931169759456596
2.0931169759456596
2.0931169759456596
2.0931169759456596
2.0931169759456596
2.0931169759456596
2.0931169759456596
2.0931169759456596
2.0931484700247727
2.093228438030912
2.093228438030912
2.093228438030912
2.093228438030912
2.093228438030912
2.093228438030912
2.093228438030912
2.093228438030912
2.093228438030912
2.093228438030912
2.093228438030912
2.093228438030912
