1.4693733576707046
1.990674149257408
2.0744695851444845
2.1034481564782563
2.1036662085839297
2.107078811674051
2.107078811674051
2.107078811674051
2.107078811674051
2.107078811674051
2.107078811674051
2.107078811674051
2.107078811674051
2.107078811674051
2.107078811674051
2.107078811674051
2.107078811674051
2.107078811674051
2.107078811674051
2.107078811674051
2.107078811674051
2.107078811674051
2.107078811674051
2.107078811674051
2.107078811674051
1.4693733576707046
2.0765090292517674
2.0931169759456596
2.0931169759456596
2.0931169759456596
2.0931169759456596
2.0931169759456596
2.0931169759456596
2.0931169759456596
2.0931169759456596
2.0931169759456596
2.0931169759456596
2.0931484700247727
2.093228438030912
2.093228438030912
2.093228438030912
2.093228438030912
2.093228438030912
2.093228438030912
2.093228438030912
2.093228438030912
2.093228438030912
2.093228438030912
2.093228438030912
2.093228438030912
1.4693733576707046
2.0203683999207662
2.0808025114360618
2.080844024815351
2.080844024815351
2.089082393333976
2.089082393333976
2.089082393333976
2.089082393333976
2.0930190863242273
2.0930442218578458
2.0930442218578458
2.0930442218578458
2.093208424424733
2.093208424424733
2.093208424424733
2.093208424424733
2.093208424424733
2.093208424424733
2.093208424424733
2.093208424424733
2.093225070034395
2.093225070034395
2.093225070034395
2.093225070034395
1.4693733576707046
1.9848474656325075
2.054374823013139
2.0544518297931846
2.0545056691086465
2.0545056691086465
2.0545056691086465
2.0545056691086465
2.0545056691086465
2.0545056691086465
2.0545056691086465
2.0545056691086465
2.0545056691086465
2.0545159837664957
2.054563727971744
2.054701480118804
2.054701480118804
2.054701480118804
2.054701480118804
2.054701480118804
2.054701480118804
2.054895967740431
2.057882043271791
2.066044327364459
2.0660513880380496
1.4693733576707046
1.9931618711671202
2.0717435141038183
2.0719232559813565
2.0719232559813565
2.0719232559813565
2.07425722718243
2.07425722718243
2.07425722718243
2.07425722718243
2.07425722718243
2.07425722718243
2.07425722718243
2.07425722718243
2.084583054467871
2.0846968887930735
2.0846968887930735
2.0846968887930735
2.0846968887930735
2.0846968887930735
2.08471909069428
2.08471909069428
2.08471909069428
2.08471909069428
2.08471909069428
1.4693733576707046
2.066125315370775
2.107078811674051
2.108635233818682
2.108635233818682
2.108635233818682
2.108635233818682
2.108635233818682
2.1088014131419923
2.1088014131419923
2.1088014131419923
2.1088014131419923
2.1088014131419923
2.1088014131419923
2.1088014131419923
2.1088014131419923
2.1088014131419923
2.1088014131419923
2.1088014131419923
2.1088014131419923
2.1088014131419923
2.1088014131419923
2.1088014131419923
2.1088014131419923
2.1088014131419923
1.4693733576707046
2.00661440739831
2.040635551310244
2.0440029051347137
2.0440029051347137
2.0440029051347137
2.0440029051347137
2.0440029051347137
2.0440029051347137
2.0440029051347137
2.0440029051347137
2.0440029051347137
2.0440029051347137
2.0440029051347137
2.0464727673392202
2.0464727673392202
2.0464727673392202
2.0464727673392202
2.0464727673392202
2.0464727673392202
2.0464727673392202
2.0464727673392202
2.0464727673392202
2.0464727673392202
2.0464727673392202
1.4693733576707046
1.9703488788752286
2.0258717112056086
2.063472233229696
2.066063275281407
2.066063275281407
2.066063275281407
2.066063275281407
2.066063275281407
2.066063275281407
2.066063275281407
2.066063275281407
2.066063275281407
2.066063275281407
2.066063275281407
2.066063275281407
2.066063275281407
2.066063275281407
2.066063275281407
2.066063275281407
2.066063275281407
2.066063275281407
2.066063275281407
2.066063275281407
2.066063275281407
1.4693733576707046
2.065908069534753
2.098605547204246
2.098605547204246
2.098605547204246
2.098605547204246
2.098605547204246
2.098605547204246
2.098605547204246
2.098605547204246
2.098605547204246
2.098605547204246
2.098605547204246
2.098605547204246
2.098605547204246
2.098605547204246
2.098605547204246
2.098605547204246
2.098605547204246
2.098605547204246
2.098605547204246
2.098605547204246
2.098605547204246
2.098605547204246
2.098661254462889
1.4693733576707046
2.0028008133782103
2.053320874536636
2.0533565681890997
2.0533565681890997
2.053361142610482
2.053361142610482
2.0533894915185784
2.0533894915185784
2.0533894915185784
2.0533894915185784
2.0533894915185784
2.0533894915185784
2.0533894915185784
2.0533894915185784
2.0533894915185784
2.0533894915185784
2.0533894915185784
2.0533894915185784
2.0533894915185784
2.0533894915185784
2.0533894915185784
2.0533894915185784
2.0533894915185784
2.0533894915185784
1.4693733576707046
1.9985658437383278
2.021753352070823
2.021753352070823
2.021753352070823
2.0234771528121764
2.0234771528121764
2.0234771528121764
2.0234771528121764
2.0234771528121764
2.0234771528121764
2.0234771528121764
2.0234771528121764
2.0234771528121764
2.0234771528121764
2.0234771528121764
2.0234771528121764
2.0234771528121764
2.0234771528121764
2.0234771528121764
2.0234771528121764
2.0234771528121764
2.0234771528121764
2.0234771528121764
2.0234771528121764
1.4693733576707046
2.005479794712941
2.063693367793635
2.081458896837633
2.0975933212536644
2.0975933212536644
2.0975933212536644
2.0975933212536644
2.0975933212536644
2.0975933212536644
2.0975933212536644
2.0975933212536644
2.0975933212536644
2.0975933212536644
2.0975933212536644
2.0975933212536644
2.0975933212536644
2.0975933212536644
2.0975933212536644
2.0975933212536644
2.0975933212536644
2.0975933212536644
2.0975933212536644
2.0975933212536644
2.0975933212536644
1.4693733576707046
2.0555838539693885
2.086149956866371
2.086149956866371
2.086149956866371
2.086149956866371
2.086149956866371
2.086149956866371
2.086149956866371
2.086149956866371
2.086149956866371
2.086149956866371
2.086149956866371
2.086149956866371
2.086149956866371
2.086149956866371
2.086149956866371
2.086149956866371
2.086149956866371
2.086149956866371
2.086149956866371
2.086149956866371
2.086149956866371
2.086149956866371
2.086149956866371
1.4693733576707046
2.0304359554321243
2.0691747991335436
2.0691747991335436
2.0691747991335436
2.0701227783176956
2.0701227783176956
2.0701227783176956
2.0701227783176956
2.0734942315896627
2.0734942315896627
2.0734942315896627
2.0734942315896627
2.0734942315896627
2.0734942315896627
2.0739978555450618
2.0739978555450618
2.0739978555450618
2.0740035957815293
2.077411624450268
2.077411624450268
2.077411624450268
2.077411624450268
2.077411624450268
2.077411624450268
1.4693733576707046
2.0336743760156875
2.0521377539859853
2.0521461324971915
2.0521461324971915
2.0521461324971915
2.0521461324971915
2.052163759977016
2.0600992588657188
2.0600992588657188
2.0600992588657188
2.0600992588657188
2.0600992588657188
2.0600992588657188
2.0600992588657188
2.0600992588657188
2.0600992588657188
2.0600992588657188
2.0600992588657188
2.0600992588657188
2.0600992588657188
2.0600992588657188
2.0600992588657188
2.0600992588657188
2.0600992588657188
1.4693733576707046
2.0645128568085243
2.0846544563471574
2.0846544563471574
2.0846544563471574
2.0846544563471574
2.0846544563471574
2.0846544563471574
2.0846544563471574
2.0846544563471574
2.0846544563471574
2.0846544563471574
2.0846544563471574
2.0846544563471574
2.0846544563471574
2.0846544563471574
2.0846544563471574
2.0846544563471574
2.0846544563471574
2.0846544563471574
2.0846544563471574
2.0846544563471574
2.0846544563471574
2.0846544563471574
2.0846544563471574
1.4693733576707046
2.018340057675599
2.0833547121845264
2.0880491558869294
2.096215598943168
2.0997369926992064
2.0997369926992064
2.0997369926992064
2.0997369926992064
2.0997369926992064
2.0997369926992064
2.0997369926992064
2.0997369926992064
2.0997369926992064
2.0997369926992064
2.0997369926992064
2.0997369926992064
2.0997369926992064
2.0997369926992064
2.0997369926992064
2.0997369926992064
2.0997369926992064
2.0997369926992064
2.0997369926992064
2.0997369926992064
1.4693733576707046
2.059681717243473
2.1090245589842547
2.1090245589842547
2.1090245589842547
2.1090245589842547
2.1090245589842547
2.1090245589842547
2.111805411510849
2.111805411510849
2.111805411510849
2.111805411510849
2.111805411510849
2.111805411510849
2.111805411510849
2.111805411510849
2.111805411510849
2.111805411510849
2.111805411510849
2.111805411510849
2.111805411510849
2.111805411510849
2.111805411510849
2.111805411510849
2.111805411510849
1.4693733576707046
1.995237654168459
2.077411624450268
2.077411624450268
2.077411624450268
2.077411624450268
2.077411624450268
2.077411624450268
2.077411624450268
2.077411624450268
2.077411624450268
2.077411624450268
2.077411624450268
2.077411624450268
2.107078811674051
2.107078811674051
2.107078811674051
2.107078811674051
2.107078811674051
2.107078811674051
2.107078811674051
2.107078811674051
2.107078811674051
2.107078811674051
2.107078811674051
