1.4693733576707046
1.990674149257408
2.0744695851444845
2.1034481564782563
2.1036662085839297
2.107078811674051
2.107078811674051
2.107078811674051
2.107078811674051
2.107078811674051
2.107078811674051
2.107078811674051
2.107078811674051
2.107078811674051
2.107078811674051
2.107078811674051
2.107078811674051
2.107078811674051
2.107078811674051
2.107078811674051
2.107078811674051
2.107078811674051
2.107078811674051
2.107078811674051
2.107078811674051
1.4693733576707046
2.0765090292517674
2.0931169759456596
2.0931169759456596
2.0931169759456596
2.0931169759456596
2.0931169759456596
2.0931169759456596
2.0931169759456596
2.0931169759456596
2.0931169759456596
2.0931169759456596
2.0931484700247727
2.093228438030912
2.093228438030912
2.093228438030912
2.093228438030912
2.093228438030912
2.093228438030912
2.093228438030912
2.093228438030912
2.093228438030912
2.093228438030912
2.093228438030912
2.093228438030912
1.4693733576707046
2.0203683999207662
2.0808025114360618
2.080844024815351
2.080844024815351
2.089082393333976
2.089082393333976
2.089082393333976
2.089082393333976
2.0930190863242273
2.0930442218578458
2.0930442218578458
2.0930442218578458
2.093208424424733
2.093208424424733
2.093208424424733
2.093208424424733
2.093208424424733
2.093208424424733
2.093208424424733
2.093208424424733
2.093225070034395
2.093225070034395
2.093225070034395
2.093225070034395
1.4693733576707046
1.9848474656325075
2.054374823013139
2.0544518297931846
2.0545056691086465
2.0545056691086465
2.0545056691086465
2.0545056691086465
2.0545056691086465
2.0545056691086465
2.0545056691086465
2.0545056691086465
2.0545056691086465
2.0545159837664957
2.054563727971744
2.054701480118804
2.054701480118804
2.054701480118804
2.054701480118804
2.054701480118804
2.054701480118804
2.054895967740431
2.057882043271791
2.066044327364459
2.0660513880380496
