0.69	-0.26539764987884124
0.675	-0.2558567398029149
0.685	-0.2622560091513696
0.68	-0.25805477115268216
0.69	-0.26539764987884124
0.69	-0.26539764987884124
0.69	-0.26539764987884124
0.69	-0.26539764987884124
0.685	-0.2622560091513696
0.69	-0.26539764987884124
0.69	-0.26539764987884124
0.69	-0.26539764987884124
0.69	-0.26539764987884124
0.69	-0.26539764987884124
0.69	-0.26539764987884124
0.69	-0.26539764987884124
0.69	-0.26539764987884124
0.69	-0.26539764987884124
0.69	-0.26539764987884124
0.69	-0.26539764987884124
0.69	-0.26539764987884124
0.69	-0.26539764987884124
0.69	-0.26539764987884124
0.69	-0.26539764987884124
0.69	-0.26539764987884124
0.69	-0.26539764987884124
0.69	-0.26539764987884124
0.69	-0.26539764987884124
0.69	-0.26539764987884124
0.69	-0.26539764987884124
0.69	-0.26539764987884124
0.69	-0.26539764987884124
0.685	-0.2622560091513696
0.69	-0.26539764987884124
0.69	-0.26539764987884124
0.69	-0.26539764987884124
0.69	-0.26539764987884124
0.69	-0.26539764987884124
0.69	-0.26539764987884124
0.69	-0.26539764987884124
0.69	-0.26539764987884124
0.69	-0.26539764987884124
0.69	-0.26539764987884124
0.69	-0.26539764987884124
0.69	-0.26539764987884124
0.69	-0.26539764987884124
0.69	-0.26539764987884124
0.675	-0.2558567398029149
0.69	-0.26539764987884124
0.69	-0.26539764987884124
0.69	-0.26539764987884124
0.69	-0.26539764987884124
0.69	-0.26539764987884124
0.69	-0.26539764987884124
0.69	-0.26539764987884124
0.69	-0.26539764987884124
0.69	-0.26539764987884124
0.68	-0.25805477115268216
0.69	-0.26539764987884124
0.69	-0.26539764987884124
0.69	-0.26539764987884124
0.69	-0.26539764987884124
0.69	-0.26539764987884124
0.69	-0.26539764987884124
0.69	-0.26539764987884124
0.69	-0.26539764987884124
0.69	-0.26539764987884124
0.69	-0.26539764987884124
0.69	-0.26539764987884124
0.69	-0.26539764987884124
0.69	-0.26539764987884124
0.69	-0.26539764987884124
0.69	-0.26539764987884124
0.69	-0.26539764987884124
0.69	-0.26539764987884124
0.69	-0.26539764987884124
0.69	-0.26539764987884124
0.69	-0.26539764987884124
0.69	-0.26539764987884124
0.69	-0.26539764987884124
0.69	-0.26539764987884124
0.69	-0.26539764987884124
0.69	-0.26539764987884124
0.69	-0.26539764987884124
0.69	-0.26539764987884124
0.69	-0.26539764987884124
0.69	-0.26539764987884124
0.69	-0.26539764987884124
0.69	-0.26539764987884124
0.69	-0.26539764987884124
0.69	-0.26539764987884124
0.69	-0.26539764987884124
0.685	-0.2622560091513696
0.69	-0.26539764987884124
0.69	-0.26539764987884124
0.69	-0.26539764987884124
0.685	-0.2622560091513696
0.69	-0.26539764987884124
0.685	-0.2622560091513696
0.69	-0.26539764987884124
0.69	-0.26539764987884124
0.69	-0.26539764987884124
0.69	-0.26539764987884124
0.69	-0.26539764987884124
0.69	-0.26539764987884124
0.69	-0.26539764987884124
0.69	-0.26539764987884124
0.69	-0.26539764987884124
0.69	-0.26539764987884124
0.68	-0.25805477115268216
0.69	-0.26539764987884124
0.69	-0.26539764987884124
0.69	-0.26539764987884124
0.69	-0.26539764987884124
0.69	-0.26539764987884124
0.69	-0.26539764987884124
0.69	-0.26539764987884124
0.68	-0.25805477115268216
0.685	-0.2622560091513696
0.69	-0.26539764987884124
0.69	-0.26539764987884124
0.69	-0.26539764987884124
0.69	-0.26539764987884124
0.69	-0.26539764987884124
0.69	-0.26539764987884124
0.69	-0.26539764987884124
0.69	-0.26539764987884124
0.69	-0.26539764987884124
0.69	-0.26539764987884124
0.69	-0.26539764987884124
0.69	-0.26539764987884124
0.69	-0.26539764987884124
0.69	-0.26539764987884124
0.69	-0.26539764987884124
0.69	-0.26539764987884124
0.69	-0.26539764987884124
0.69	-0.26539764987884124
0.69	-0.26539764987884124
0.69	-0.26539764987884124
0.685	-0.2622560091513696
0.68	-0.25805477115268216
0.69	-0.26539764987884124
0.685	-0.2622560091513696
0.69	-0.26539764987884124
0.685	-0.2622560091513696
0.69	-0.26539764987884124
0.69	-0.26539764987884124
0.69	-0.26539764987884124
0.69	-0.26539764987884124
0.69	-0.26539764987884124
0.685	-0.2622560091513696
0.69	-0.26539764987884124
0.69	-0.26539764987884124
0.69	-0.26539764987884124
0.69	-0.26539764987884124
0.69	-0.26539764987884124
0.69	-0.26539764987884124
0.69	-0.26539764987884124
0.69	-0.26539764987884124
0.69	-0.26539764987884124
0.69	-0.26539764987884124
0.69	-0.26539764987884124
0.69	-0.26539764987884124
0.69	-0.26539764987884124
0.69	-0.26539764987884124
0.69	-0.26539764987884124
0.69	-0.26539764987884124
0.69	-0.26539764987884124
0.69	-0.26539764987884124
0.69	-0.26539764987884124
0.69	-0.26539764987884124
0.69	-0.26539764987884124
0.69	-0.26539764987884124
0.69	-0.26539764987884124
0.69	-0.26539764987884124
0.69	-0.26539764987884124
0.69	-0.26539764987884124
0.69	-0.26539764987884124
0.69	-0.26539764987884124
0.69	-0.26539764987884124
0.69	-0.26539764987884124
0.69	-0.26539764987884124
0.69	-0.26539764987884124
0.69	-0.26539764987884124
0.69	-0.26539764987884124
0.69	-0.26539764987884124
0.69	-0.26539764987884124
0.69	-0.26539764987884124
0.69	-0.26539764987884124
0.69	-0.26539764987884124
0.69	-0.26539764987884124
0.69	-0.26539764987884124
0.69	-0.26539764987884124
0.69	-0.26539764987884124
0.69	-0.26539764987884124
0.69	-0.26539764987884124
0.69	-0.26539764987884124
0.68	-0.25805477115268216
0.69	-0.26539764987884124
0.69	-0.26539764987884124
