0.67	-0.251553425853781
0.695	-0.26686965243894206
0.69	-0.2585420309547492
0.68	-0.25387628904118553
0.685	-0.2544670707095433
0.68	-0.25387628904118553
0.68	-0.25387628904118553
0.69	-0.2585420309547492
0.69	-0.2585420309547492
0.68	-0.25387628904118553
0.68	-0.25387628904118553
0.68	-0.25387628904118553
0.69	-0.2585420309547492
0.69	-0.2585420309547492
0.68	-0.25387628904118553
0.68	-0.25387628904118553
0.68	-0.25387628904118553
0.68	-0.25387628904118553
0.68	-0.25387628904118553
0.68	-0.25387628904118553
0.68	-0.25387628904118553
0.68	-0.25387628904118553
0.68	-0.25387628904118553
0.68	-0.25387628904118553
0.685	-0.2544670707095433
0.68	-0.25387628904118553
0.68	-0.25387628904118553
0.68	-0.25387628904118553
0.68	-0.25387628904118553
0.68	-0.25387628904118553
0.68	-0.25387628904118553
0.68	-0.25387628904118553
0.68	-0.25387628904118553
0.685	-0.2544670707095433
0.69	-0.2585420309547492
0.69	-0.2585420309547492
0.68	-0.25387628904118553
0.68	-0.25387628904118553
0.67	-0.251553425853781
0.68	-0.25387628904118553
0.68	-0.25387628904118553
0.68	-0.25387628904118553
0.68	-0.25387628904118553
0.68	-0.25387628904118553
0.68	-0.25387628904118553
0.68	-0.25387628904118553
0.68	-0.25387628904118553
0.68	-0.25387628904118553
0.68	-0.25387628904118553
0.68	-0.25387628904118553
0.68	-0.25387628904118553
0.68	-0.25387628904118553
0.68	-0.25387628904118553
0.68	-0.25387628904118553
0.68	-0.25387628904118553
0.68	-0.25387628904118553
0.68	-0.25387628904118553
0.68	-0.25387628904118553
0.68	-0.25387628904118553
0.69	-0.2585420309547492
0.69	-0.2585420309547492
0.68	-0.25387628904118553
0.68	-0.25387628904118553
0.68	-0.25387628904118553
0.69	-0.2585420309547492
0.685	-0.2544670707095433
0.69	-0.2585420309547492
0.695	-0.26686965243894206
0.68	-0.25387628904118553
0.68	-0.25387628904118553
0.68	-0.25387628904118553
0.68	-0.25387628904118553
0.67	-0.251553425853781
0.68	-0.25387628904118553
0.68	-0.25387628904118553
0.68	-0.25387628904118553
0.68	-0.25387628904118553
0.68	-0.25387628904118553
0.68	-0.25387628904118553
0.68	-0.25387628904118553
0.68	-0.25387628904118553
0.68	-0.25387628904118553
0.68	-0.25387628904118553
0.68	-0.25387628904118553
0.69	-0.2585420309547492
0.68	-0.25387628904118553
0.69	-0.2585420309547492
0.68	-0.25387628904118553
0.68	-0.25387628904118553
0.68	-0.25387628904118553
0.68	-0.25387628904118553
0.69	-0.2585420309547492
0.68	-0.25387628904118553
0.69	-0.2585420309547492
0.695	-0.26686965243894206
0.68	-0.25387628904118553
0.68	-0.25387628904118553
0.68	-0.25387628904118553
0.68	-0.25387628904118553
0.68	-0.25387628904118553
0.68	-0.25387628904118553
0.68	-0.25387628904118553
0.68	-0.25387628904118553
0.68	-0.25387628904118553
0.68	-0.25387628904118553
0.69	-0.2585420309547492
0.69	-0.2585420309547492
0.68	-0.25387628904118553
0.68	-0.25387628904118553
0.685	-0.2544670707095433
0.68	-0.25387628904118553
0.68	-0.25387628904118553
0.68	-0.25387628904118553
0.68	-0.25387628904118553
0.68	-0.25387628904118553
0.68	-0.25387628904118553
0.68	-0.25387628904118553
0.68	-0.25387628904118553
0.68	-0.25387628904118553
0.67	-0.251553425853781
0.68	-0.25387628904118553
0.69	-0.2585420309547492
0.68	-0.25387628904118553
0.68	-0.25387628904118553
0.68	-0.25387628904118553
0.68	-0.25387628904118553
0.68	-0.25387628904118553
0.68	-0.25387628904118553
0.68	-0.25387628904118553
0.68	-0.25387628904118553
0.69	-0.2585420309547492
0.695	-0.26686965243894206
0.68	-0.25387628904118553
0.68	-0.25387628904118553
0.68	-0.25387628904118553
0.68	-0.25387628904118553
0.69	-0.2585420309547492
0.68	-0.25387628904118553
0.68	-0.25387628904118553
0.685	-0.2544670707095433
0.68	-0.25387628904118553
0.68	-0.25387628904118553
0.68	-0.25387628904118553
0.68	-0.25387628904118553
0.68	-0.25387628904118553
0.69	-0.2585420309547492
0.69	-0.2585420309547492
0.68	-0.25387628904118553
0.69	-0.2585420309547492
0.68	-0.25387628904118553
0.68	-0.25387628904118553
0.68	-0.25387628904118553
0.68	-0.25387628904118553
0.68	-0.25387628904118553
0.68	-0.25387628904118553
0.69	-0.2585420309547492
0.68	-0.25387628904118553
0.68	-0.25387628904118553
0.68	-0.25387628904118553
0.69	-0.2585420309547492
0.68	-0.25387628904118553
0.69	-0.2585420309547492
0.68	-0.25387628904118553
0.68	-0.25387628904118553
0.68	-0.25387628904118553
0.695	-0.26686965243894206
0.68	-0.25387628904118553
0.68	-0.25387628904118553
0.68	-0.25387628904118553
0.68	-0.25387628904118553
0.69	-0.2585420309547492
0.68	-0.25387628904118553
0.68	-0.25387628904118553
0.68	-0.25387628904118553
0.69	-0.2585420309547492
0.68	-0.25387628904118553
0.68	-0.25387628904118553
0.68	-0.25387628904118553
0.68	-0.25387628904118553
0.68	-0.25387628904118553
0.68	-0.25387628904118553
0.68	-0.25387628904118553
0.68	-0.25387628904118553
0.69	-0.2585420309547492
0.68	-0.25387628904118553
0.68	-0.25387628904118553
0.69	-0.2585420309547492
0.68	-0.25387628904118553
0.68	-0.25387628904118553
0.68	-0.25387628904118553
0.69	-0.2585420309547492
0.68	-0.25387628904118553
0.68	-0.25387628904118553
0.68	-0.25387628904118553
0.68	-0.25387628904118553
0.68	-0.25387628904118553
0.68	-0.25387628904118553
0.69	-0.2585420309547492
0.68	-0.25387628904118553
0.69	-0.2585420309547492
