0.6636363636363637	-0.2682711047527983
0.6909090909090909	-0.28542621040238114
0.6818181818181818	-0.2778531541909
0.6772727272727272	-0.27171356966940424
0.6863636363636364	-0.2803451836718842
0.6727272727272727	-0.2693195065486803
0.6727272727272727	-0.2693195065486803
0.6636363636363637	-0.2682711047527983
0.6909090909090909	-0.28542621040238114
0.6863636363636364	-0.2803451836718842
0.6727272727272727	-0.2693195065486803
0.6909090909090909	-0.28542621040238114
0.6636363636363637	-0.2682711047527983
0.6863636363636364	-0.2803451836718842
0.6636363636363637	-0.2682711047527983
0.6636363636363637	-0.2682711047527983
0.6863636363636364	-0.2803451836718842
0.6909090909090909	-0.28542621040238114
0.6727272727272727	-0.2693195065486803
0.6772727272727272	-0.27171356966940424
0.6727272727272727	-0.2693195065486803
0.6772727272727272	-0.27171356966940424
0.6863636363636364	-0.2803451836718842
0.6863636363636364	-0.2803451836718842
0.6727272727272727	-0.2693195065486803
0.6727272727272727	-0.2693195065486803
0.6727272727272727	-0.2693195065486803
0.6636363636363637	-0.2682711047527983
0.6636363636363637	-0.2682711047527983
0.6636363636363637	-0.2682711047527983
0.6636363636363637	-0.2682711047527983
0.6727272727272727	-0.2693195065486803
0.6727272727272727	-0.2693195065486803
0.6636363636363637	-0.2682711047527983
0.6909090909090909	-0.28542621040238114
0.6727272727272727	-0.2693195065486803
0.6863636363636364	-0.2803451836718842
0.6909090909090909	-0.28542621040238114
0.6727272727272727	-0.2693195065486803
0.6727272727272727	-0.2693195065486803
0.6727272727272727	-0.2693195065486803
0.6727272727272727	-0.2693195065486803
0.6727272727272727	-0.2693195065486803
0.6727272727272727	-0.2693195065486803
0.6727272727272727	-0.2693195065486803
0.6863636363636364	-0.2803451836718842
0.6863636363636364	-0.2803451836718842
0.6727272727272727	-0.2693195065486803
0.6727272727272727	-0.2693195065486803
0.6636363636363637	-0.2682711047527983
0.6818181818181818	-0.2778531541909
0.6727272727272727	-0.2693195065486803
0.6636363636363637	-0.2682711047527983
0.6727272727272727	-0.2693195065486803
0.6636363636363637	-0.2682711047527983
0.6863636363636364	-0.2803451836718842
0.6863636363636364	-0.2803451836718842
0.6636363636363637	-0.2682711047527983
0.6863636363636364	-0.2803451836718842
0.6863636363636364	-0.2803451836718842
0.6863636363636364	-0.2803451836718842
0.6636363636363637	-0.2682711047527983
0.6727272727272727	-0.2693195065486803
0.6727272727272727	-0.2693195065486803
0.6727272727272727	-0.2693195065486803
0.6636363636363637	-0.2682711047527983
0.6727272727272727	-0.2693195065486803
0.6727272727272727	-0.2693195065486803
0.6636363636363637	-0.2682711047527983
0.6727272727272727	-0.2693195065486803
0.6863636363636364	-0.2803451836718842
0.6863636363636364	-0.2803451836718842
0.6727272727272727	-0.2693195065486803
0.6863636363636364	-0.2803451836718842
0.6636363636363637	-0.2682711047527983
0.6727272727272727	-0.2693195065486803
0.6636363636363637	-0.2682711047527983
0.6863636363636364	-0.2803451836718842
0.6636363636363637	-0.2682711047527983
0.6727272727272727	-0.2693195065486803
0.6727272727272727	-0.2693195065486803
0.6863636363636364	-0.2803451836718842
0.6727272727272727	-0.2693195065486803
0.6636363636363637	-0.2682711047527983
0.6727272727272727	-0.2693195065486803
0.6863636363636364	-0.2803451836718842
0.6636363636363637	-0.2682711047527983
0.6909090909090909	-0.28542621040238114
0.6636363636363637	-0.2682711047527983
0.6636363636363637	-0.2682711047527983
0.6727272727272727	-0.2693195065486803
0.6909090909090909	-0.28542621040238114
0.6727272727272727	-0.2693195065486803
0.6727272727272727	-0.2693195065486803
0.6727272727272727	-0.2693195065486803
0.6636363636363637	-0.2682711047527983
0.6727272727272727	-0.2693195065486803
0.6818181818181818	-0.2778531541909
0.6909090909090909	-0.28542621040238114
0.6727272727272727	-0.2693195065486803
0.6727272727272727	-0.2693195065486803
0.6863636363636364	-0.2803451836718842
0.6636363636363637	-0.2682711047527983
0.6727272727272727	-0.2693195065486803
0.6727272727272727	-0.2693195065486803
0.6727272727272727	-0.2693195065486803
0.6863636363636364	-0.2803451836718842
0.6909090909090909	-0.28542621040238114
0.6636363636363637	-0.2682711047527983
0.6727272727272727	-0.2693195065486803
0.6772727272727272	-0.27171356966940424
0.6636363636363637	-0.2682711047527983
0.6863636363636364	-0.2803451836718842
0.6727272727272727	-0.2693195065486803
0.6863636363636364	-0.2803451836718842
0.6636363636363637	-0.2682711047527983
0.6636363636363637	-0.2682711047527983
0.6863636363636364	-0.2803451836718842
0.6863636363636364	-0.2803451836718842
0.6909090909090909	-0.28542621040238114
0.6863636363636364	-0.2803451836718842
0.6863636363636364	-0.2803451836718842
0.6727272727272727	-0.2693195065486803
0.6636363636363637	-0.2682711047527983
0.6727272727272727	-0.2693195065486803
0.6636363636363637	-0.2682711047527983
0.6636363636363637	-0.2682711047527983
0.6863636363636364	-0.2803451836718842
0.6863636363636364	-0.2803451836718842
0.6863636363636364	-0.2803451836718842
0.6727272727272727	-0.2693195065486803
0.6636363636363637	-0.2682711047527983
0.6636363636363637	-0.2682711047527983
0.6863636363636364	-0.2803451836718842
0.6909090909090909	-0.28542621040238114
0.6727272727272727	-0.2693195065486803
0.6909090909090909	-0.28542621040238114
0.6772727272727272	-0.27171356966940424
0.6727272727272727	-0.2693195065486803
0.6818181818181818	-0.2778531541909
0.6772727272727272	-0.27171356966940424
0.6727272727272727	-0.2693195065486803
0.6772727272727272	-0.27171356966940424
0.6863636363636364	-0.2803451836718842
0.6772727272727272	-0.27171356966940424
0.6636363636363637	-0.2682711047527983
0.6636363636363637	-0.2682711047527983
0.6727272727272727	-0.2693195065486803
0.6863636363636364	-0.2803451836718842
0.6727272727272727	-0.2693195065486803
0.6727272727272727	-0.2693195065486803
0.6727272727272727	-0.2693195065486803
0.6727272727272727	-0.2693195065486803
0.6636363636363637	-0.2682711047527983
0.6863636363636364	-0.2803451836718842
0.6909090909090909	-0.28542621040238114
0.6727272727272727	-0.2693195065486803
0.6909090909090909	-0.28542621040238114
0.6727272727272727	-0.2693195065486803
0.6727272727272727	-0.2693195065486803
0.6636363636363637	-0.2682711047527983
0.6772727272727272	-0.27171356966940424
0.6727272727272727	-0.2693195065486803
0.6727272727272727	-0.2693195065486803
0.6727272727272727	-0.2693195065486803
0.6636363636363637	-0.2682711047527983
0.6727272727272727	-0.2693195065486803
0.6636363636363637	-0.2682711047527983
0.6909090909090909	-0.28542621040238114
0.6909090909090909	-0.28542621040238114
0.6909090909090909	-0.28542621040238114
0.6727272727272727	-0.2693195065486803
0.6727272727272727	-0.2693195065486803
0.6818181818181818	-0.2778531541909
0.6727272727272727	-0.2693195065486803
0.6727272727272727	-0.2693195065486803
0.6727272727272727	-0.2693195065486803
0.6727272727272727	-0.2693195065486803
0.6727272727272727	-0.2693195065486803
0.6863636363636364	-0.2803451836718842
0.6863636363636364	-0.2803451836718842
0.6727272727272727	-0.2693195065486803
0.6727272727272727	-0.2693195065486803
0.6636363636363637	-0.2682711047527983
0.6863636363636364	-0.2803451836718842
0.6727272727272727	-0.2693195065486803
0.6727272727272727	-0.2693195065486803
0.6727272727272727	-0.2693195065486803
0.6727272727272727	-0.2693195065486803
0.6636363636363637	-0.2682711047527983
0.6727272727272727	-0.2693195065486803
0.6727272727272727	-0.2693195065486803
0.6863636363636364	-0.2803451836718842
0.6636363636363637	-0.2682711047527983
0.6636363636363637	-0.2682711047527983
0.6636363636363637	-0.2682711047527983
0.6863636363636364	-0.2803451836718842
0.6727272727272727	-0.2693195065486803
0.6863636363636364	-0.2803451836718842
0.6863636363636364	-0.2803451836718842
