0.655	-0.2622628690580163
0.68	-0.26405047915637764
0.67	-0.2632553534573553
0.66	-0.262790849542479
0.66	-0.262790849542479
0.68	-0.26405047915637764
0.66	-0.262790849542479
0.66	-0.262790849542479
0.68	-0.26405047915637764
0.655	-0.2622628690580163
0.66	-0.262790849542479
0.68	-0.26405047915637764
0.66	-0.262790849542479
0.655	-0.2622628690580163
0.68	-0.26405047915637764
0.66	-0.262790849542479
0.67	-0.2632553534573553
0.68	-0.26405047915637764
0.66	-0.262790849542479
0.66	-0.262790849542479
0.66	-0.262790849542479
0.66	-0.262790849542479
0.68	-0.26405047915637764
0.66	-0.262790849542479
0.66	-0.262790849542479
0.68	-0.26405047915637764
0.66	-0.262790849542479
0.66	-0.262790849542479
0.68	-0.26405047915637764
0.66	-0.262790849542479
0.68	-0.26405047915637764
0.66	-0.262790849542479
0.66	-0.262790849542479
0.68	-0.26405047915637764
0.68	-0.26405047915637764
0.66	-0.262790849542479
0.66	-0.262790849542479
0.66	-0.262790849542479
0.66	-0.262790849542479
0.66	-0.262790849542479
0.68	-0.26405047915637764
0.68	-0.26405047915637764
0.67	-0.2632553534573553
0.66	-0.262790849542479
0.66	-0.262790849542479
0.67	-0.2632553534573553
0.68	-0.26405047915637764
0.66	-0.262790849542479
0.68	-0.26405047915637764
0.68	-0.26405047915637764
0.68	-0.26405047915637764
0.68	-0.26405047915637764
0.66	-0.262790849542479
0.66	-0.262790849542479
0.66	-0.262790849542479
0.66	-0.262790849542479
0.66	-0.262790849542479
0.66	-0.262790849542479
0.66	-0.262790849542479
0.68	-0.26405047915637764
0.68	-0.26405047915637764
0.68	-0.26405047915637764
0.66	-0.262790849542479
0.66	-0.262790849542479
0.68	-0.26405047915637764
0.66	-0.262790849542479
0.655	-0.2622628690580163
0.66	-0.262790849542479
0.66	-0.262790849542479
0.66	-0.262790849542479
0.66	-0.262790849542479
0.66	-0.262790849542479
0.66	-0.262790849542479
0.66	-0.262790849542479
0.68	-0.26405047915637764
0.66	-0.262790849542479
0.66	-0.262790849542479
0.68	-0.26405047915637764
0.68	-0.26405047915637764
0.68	-0.26405047915637764
0.66	-0.262790849542479
0.68	-0.26405047915637764
0.68	-0.26405047915637764
0.68	-0.26405047915637764
0.68	-0.26405047915637764
0.68	-0.26405047915637764
0.66	-0.262790849542479
0.66	-0.262790849542479
0.66	-0.262790849542479
0.68	-0.26405047915637764
0.66	-0.262790849542479
0.66	-0.262790849542479
0.66	-0.262790849542479
0.68	-0.26405047915637764
0.66	-0.262790849542479
0.66	-0.262790849542479
0.68	-0.26405047915637764
0.68	-0.26405047915637764
0.66	-0.262790849542479
0.67	-0.2632553534573553
0.68	-0.26405047915637764
0.66	-0.262790849542479
0.66	-0.262790849542479
0.66	-0.262790849542479
0.66	-0.262790849542479
0.68	-0.26405047915637764
0.66	-0.262790849542479
0.68	-0.26405047915637764
0.655	-0.2622628690580163
0.68	-0.26405047915637764
0.66	-0.262790849542479
0.68	-0.26405047915637764
0.66	-0.262790849542479
0.68	-0.26405047915637764
0.66	-0.262790849542479
0.66	-0.262790849542479
0.68	-0.26405047915637764
0.68	-0.26405047915637764
0.68	-0.26405047915637764
0.66	-0.262790849542479
0.68	-0.26405047915637764
0.66	-0.262790849542479
0.66	-0.262790849542479
0.66	-0.262790849542479
0.66	-0.262790849542479
0.68	-0.26405047915637764
0.68	-0.26405047915637764
0.68	-0.26405047915637764
0.66	-0.262790849542479
0.66	-0.262790849542479
0.66	-0.262790849542479
0.68	-0.26405047915637764
0.68	-0.26405047915637764
0.68	-0.26405047915637764
0.66	-0.262790849542479
0.66	-0.262790849542479
0.68	-0.26405047915637764
0.68	-0.26405047915637764
0.68	-0.26405047915637764
0.66	-0.262790849542479
0.66	-0.262790849542479
0.68	-0.26405047915637764
0.68	-0.26405047915637764
0.68	-0.26405047915637764
0.68	-0.26405047915637764
0.66	-0.262790849542479
0.68	-0.26405047915637764
0.68	-0.26405047915637764
0.66	-0.262790849542479
0.66	-0.262790849542479
0.68	-0.26405047915637764
0.68	-0.26405047915637764
0.66	-0.262790849542479
0.66	-0.262790849542479
0.68	-0.26405047915637764
0.68	-0.26405047915637764
0.68	-0.26405047915637764
0.66	-0.262790849542479
0.68	-0.26405047915637764
0.66	-0.262790849542479
0.66	-0.262790849542479
0.68	-0.26405047915637764
0.68	-0.26405047915637764
0.66	-0.262790849542479
0.655	-0.2622628690580163
0.68	-0.26405047915637764
0.68	-0.26405047915637764
0.68	-0.26405047915637764
0.68	-0.26405047915637764
0.68	-0.26405047915637764
0.67	-0.2632553534573553
0.66	-0.262790849542479
0.66	-0.262790849542479
0.68	-0.26405047915637764
0.66	-0.262790849542479
0.66	-0.262790849542479
0.66	-0.262790849542479
0.66	-0.262790849542479
0.66	-0.262790849542479
0.66	-0.262790849542479
0.66	-0.262790849542479
0.68	-0.26405047915637764
0.66	-0.262790849542479
0.67	-0.2632553534573553
0.66	-0.262790849542479
0.68	-0.26405047915637764
0.66	-0.262790849542479
0.66	-0.262790849542479
0.68	-0.26405047915637764
0.66	-0.262790849542479
0.68	-0.26405047915637764
0.66	-0.262790849542479
0.68	-0.26405047915637764
0.66	-0.262790849542479
0.68	-0.26405047915637764
0.66	-0.262790849542479
0.66	-0.262790849542479
0.68	-0.26405047915637764
0.66	-0.262790849542479
0.66	-0.262790849542479
