0.67	-0.24950977542941827
0.705	-0.2669076994789718
0.7	-0.26105409850323164
0.685	-0.25287222034928425
0.675	-0.2515707010440989
0.695	-0.25836811774651036
0.69	-0.2555261180187688
0.675	-0.2515707010440989
0.675	-0.2515707010440989
0.675	-0.2515707010440989
0.675	-0.2515707010440989
0.675	-0.2515707010440989
0.675	-0.2515707010440989
0.675	-0.2515707010440989
0.675	-0.2515707010440989
0.675	-0.2515707010440989
0.675	-0.2515707010440989
0.675	-0.2515707010440989
0.685	-0.25287222034928425
0.675	-0.2515707010440989
0.675	-0.2515707010440989
0.675	-0.2515707010440989
0.685	-0.25287222034928425
0.685	-0.25287222034928425
0.685	-0.25287222034928425
0.675	-0.2515707010440989
0.675	-0.2515707010440989
0.685	-0.25287222034928425
0.685	-0.25287222034928425
0.685	-0.25287222034928425
0.675	-0.2515707010440989
0.685	-0.25287222034928425
0.685	-0.25287222034928425
0.685	-0.25287222034928425
0.67	-0.24950977542941827
0.685	-0.25287222034928425
0.675	-0.2515707010440989
0.685	-0.25287222034928425
0.685	-0.25287222034928425
0.675	-0.2515707010440989
0.675	-0.2515707010440989
0.675	-0.2515707010440989
0.675	-0.2515707010440989
0.675	-0.2515707010440989
0.685	-0.25287222034928425
0.675	-0.2515707010440989
0.685	-0.25287222034928425
0.685	-0.25287222034928425
0.685	-0.25287222034928425
0.675	-0.2515707010440989
0.685	-0.25287222034928425
0.675	-0.2515707010440989
0.685	-0.25287222034928425
0.675	-0.2515707010440989
0.685	-0.25287222034928425
0.695	-0.25836811774651036
0.685	-0.25287222034928425
0.675	-0.2515707010440989
0.685	-0.25287222034928425
0.675	-0.2515707010440989
0.67	-0.24950977542941827
0.685	-0.25287222034928425
0.675	-0.2515707010440989
0.675	-0.2515707010440989
0.675	-0.2515707010440989
0.685	-0.25287222034928425
0.685	-0.25287222034928425
0.685	-0.25287222034928425
0.675	-0.2515707010440989
0.685	-0.25287222034928425
0.675	-0.2515707010440989
0.685	-0.25287222034928425
0.675	-0.2515707010440989
0.675	-0.2515707010440989
0.705	-0.2669076994789718
0.685	-0.25287222034928425
0.675	-0.2515707010440989
0.675	-0.2515707010440989
0.685	-0.25287222034928425
0.675	-0.2515707010440989
0.67	-0.24950977542941827
0.685	-0.25287222034928425
0.675	-0.2515707010440989
0.675	-0.2515707010440989
0.67	-0.24950977542941827
0.675	-0.2515707010440989
0.685	-0.25287222034928425
0.685	-0.25287222034928425
0.705	-0.2669076994789718
0.675	-0.2515707010440989
0.685	-0.25287222034928425
0.675	-0.2515707010440989
0.675	-0.2515707010440989
0.675	-0.2515707010440989
0.675	-0.2515707010440989
0.675	-0.2515707010440989
0.695	-0.25836811774651036
0.685	-0.25287222034928425
0.675	-0.2515707010440989
0.675	-0.2515707010440989
0.675	-0.2515707010440989
0.675	-0.2515707010440989
0.675	-0.2515707010440989
0.685	-0.25287222034928425
0.685	-0.25287222034928425
0.685	-0.25287222034928425
0.685	-0.25287222034928425
0.675	-0.2515707010440989
0.685	-0.25287222034928425
0.685	-0.25287222034928425
0.685	-0.25287222034928425
0.685	-0.25287222034928425
0.675	-0.2515707010440989
0.675	-0.2515707010440989
0.675	-0.2515707010440989
0.675	-0.2515707010440989
0.675	-0.2515707010440989
0.675	-0.2515707010440989
0.685	-0.25287222034928425
0.67	-0.24950977542941827
0.675	-0.2515707010440989
0.685	-0.25287222034928425
0.675	-0.2515707010440989
0.685	-0.25287222034928425
0.675	-0.2515707010440989
0.675	-0.2515707010440989
0.685	-0.25287222034928425
0.675	-0.2515707010440989
0.675	-0.2515707010440989
0.675	-0.2515707010440989
0.675	-0.2515707010440989
0.685	-0.25287222034928425
0.675	-0.2515707010440989
0.675	-0.2515707010440989
0.685	-0.25287222034928425
0.685	-0.25287222034928425
0.675	-0.2515707010440989
0.675	-0.2515707010440989
0.685	-0.25287222034928425
0.675	-0.2515707010440989
0.705	-0.2669076994789718
0.685	-0.25287222034928425
0.685	-0.25287222034928425
0.685	-0.25287222034928425
0.675	-0.2515707010440989
0.685	-0.25287222034928425
0.675	-0.2515707010440989
0.675	-0.2515707010440989
0.675	-0.2515707010440989
0.685	-0.25287222034928425
0.675	-0.2515707010440989
0.675	-0.2515707010440989
0.675	-0.2515707010440989
0.685	-0.25287222034928425
0.685	-0.25287222034928425
0.675	-0.2515707010440989
0.675	-0.2515707010440989
0.685	-0.25287222034928425
0.685	-0.25287222034928425
0.685	-0.25287222034928425
0.675	-0.2515707010440989
0.67	-0.24950977542941827
0.695	-0.25836811774651036
0.675	-0.2515707010440989
0.685	-0.25287222034928425
0.685	-0.25287222034928425
0.685	-0.25287222034928425
0.685	-0.25287222034928425
0.675	-0.2515707010440989
0.675	-0.2515707010440989
0.675	-0.2515707010440989
0.675	-0.2515707010440989
0.675	-0.2515707010440989
0.675	-0.2515707010440989
0.675	-0.2515707010440989
0.685	-0.25287222034928425
0.675	-0.2515707010440989
0.695	-0.25836811774651036
0.675	-0.2515707010440989
0.675	-0.2515707010440989
0.67	-0.24950977542941827
0.685	-0.25287222034928425
0.705	-0.2669076994789718
0.675	-0.2515707010440989
0.685	-0.25287222034928425
0.685	-0.25287222034928425
0.67	-0.24950977542941827
0.675	-0.2515707010440989
0.685	-0.25287222034928425
0.675	-0.2515707010440989
0.675	-0.2515707010440989
0.675	-0.2515707010440989
0.675	-0.2515707010440989
0.685	-0.25287222034928425
0.69	-0.2555261180187688
0.685	-0.25287222034928425
0.675	-0.2515707010440989
0.675	-0.2515707010440989
0.675	-0.2515707010440989
0.675	-0.2515707010440989
