0.645	-0.27215462280580993
0.665	-0.2903401372620475
0.655	-0.28853408296447713
0.65	-0.27799341588463133
0.655	-0.28853408296447713
0.655	-0.28853408296447713
0.655	-0.28853408296447713
0.655	-0.28853408296447713
0.655	-0.28853408296447713
0.655	-0.28853408296447713
0.655	-0.28853408296447713
0.655	-0.28853408296447713
0.655	-0.28853408296447713
0.655	-0.28853408296447713
0.655	-0.28853408296447713
0.655	-0.28853408296447713
0.655	-0.28853408296447713
0.655	-0.28853408296447713
0.655	-0.28853408296447713
0.655	-0.28853408296447713
0.655	-0.28853408296447713
0.655	-0.28853408296447713
0.655	-0.28853408296447713
0.655	-0.28853408296447713
0.655	-0.28853408296447713
0.655	-0.28853408296447713
0.655	-0.28853408296447713
0.655	-0.28853408296447713
0.655	-0.28853408296447713
0.655	-0.28853408296447713
0.655	-0.28853408296447713
0.655	-0.28853408296447713
0.655	-0.28853408296447713
0.655	-0.28853408296447713
0.655	-0.28853408296447713
0.655	-0.28853408296447713
0.655	-0.28853408296447713
0.655	-0.28853408296447713
0.655	-0.28853408296447713
0.655	-0.28853408296447713
0.655	-0.28853408296447713
0.655	-0.28853408296447713
0.655	-0.28853408296447713
0.655	-0.28853408296447713
0.655	-0.28853408296447713
0.655	-0.28853408296447713
0.655	-0.28853408296447713
0.655	-0.28853408296447713
0.655	-0.28853408296447713
0.655	-0.28853408296447713
0.655	-0.28853408296447713
0.655	-0.28853408296447713
0.655	-0.28853408296447713
0.655	-0.28853408296447713
0.655	-0.28853408296447713
0.655	-0.28853408296447713
0.655	-0.28853408296447713
0.655	-0.28853408296447713
0.655	-0.28853408296447713
0.655	-0.28853408296447713
0.655	-0.28853408296447713
0.655	-0.28853408296447713
0.655	-0.28853408296447713
0.65	-0.27799341588463133
0.655	-0.28853408296447713
0.655	-0.28853408296447713
0.655	-0.28853408296447713
0.655	-0.28853408296447713
0.655	-0.28853408296447713
0.655	-0.28853408296447713
0.655	-0.28853408296447713
0.655	-0.28853408296447713
0.655	-0.28853408296447713
0.655	-0.28853408296447713
0.655	-0.28853408296447713
0.655	-0.28853408296447713
0.655	-0.28853408296447713
0.655	-0.28853408296447713
0.655	-0.28853408296447713
0.655	-0.28853408296447713
0.655	-0.28853408296447713
0.655	-0.28853408296447713
0.655	-0.28853408296447713
0.645	-0.27215462280580993
0.655	-0.28853408296447713
0.655	-0.28853408296447713
0.655	-0.28853408296447713
0.655	-0.28853408296447713
0.655	-0.28853408296447713
0.655	-0.28853408296447713
0.655	-0.28853408296447713
0.655	-0.28853408296447713
0.665	-0.2903401372620475
0.655	-0.28853408296447713
0.655	-0.28853408296447713
0.655	-0.28853408296447713
0.655	-0.28853408296447713
0.655	-0.28853408296447713
0.655	-0.28853408296447713
0.655	-0.28853408296447713
0.655	-0.28853408296447713
0.655	-0.28853408296447713
0.655	-0.28853408296447713
0.655	-0.28853408296447713
0.655	-0.28853408296447713
0.655	-0.28853408296447713
0.655	-0.28853408296447713
0.655	-0.28853408296447713
0.655	-0.28853408296447713
0.655	-0.28853408296447713
0.655	-0.28853408296447713
0.655	-0.28853408296447713
0.655	-0.28853408296447713
0.655	-0.28853408296447713
0.655	-0.28853408296447713
0.655	-0.28853408296447713
0.655	-0.28853408296447713
0.655	-0.28853408296447713
0.655	-0.28853408296447713
0.655	-0.28853408296447713
0.655	-0.28853408296447713
0.655	-0.28853408296447713
0.655	-0.28853408296447713
0.655	-0.28853408296447713
0.655	-0.28853408296447713
0.655	-0.28853408296447713
0.655	-0.28853408296447713
0.655	-0.28853408296447713
0.65	-0.27799341588463133
0.655	-0.28853408296447713
0.655	-0.28853408296447713
0.655	-0.28853408296447713
0.655	-0.28853408296447713
0.655	-0.28853408296447713
0.655	-0.28853408296447713
0.655	-0.28853408296447713
0.655	-0.28853408296447713
0.655	-0.28853408296447713
0.655	-0.28853408296447713
0.655	-0.28853408296447713
0.655	-0.28853408296447713
0.655	-0.28853408296447713
0.655	-0.28853408296447713
0.655	-0.28853408296447713
0.655	-0.28853408296447713
0.65	-0.27799341588463133
0.655	-0.28853408296447713
0.655	-0.28853408296447713
0.655	-0.28853408296447713
0.655	-0.28853408296447713
0.655	-0.28853408296447713
0.655	-0.28853408296447713
0.655	-0.28853408296447713
0.65	-0.27799341588463133
0.655	-0.28853408296447713
0.655	-0.28853408296447713
0.655	-0.28853408296447713
0.655	-0.28853408296447713
0.655	-0.28853408296447713
0.655	-0.28853408296447713
0.655	-0.28853408296447713
0.655	-0.28853408296447713
0.655	-0.28853408296447713
0.655	-0.28853408296447713
0.655	-0.28853408296447713
0.655	-0.28853408296447713
0.655	-0.28853408296447713
0.655	-0.28853408296447713
0.655	-0.28853408296447713
0.655	-0.28853408296447713
0.655	-0.28853408296447713
0.655	-0.28853408296447713
0.655	-0.28853408296447713
0.655	-0.28853408296447713
0.655	-0.28853408296447713
0.655	-0.28853408296447713
0.655	-0.28853408296447713
0.655	-0.28853408296447713
0.655	-0.28853408296447713
0.655	-0.28853408296447713
0.655	-0.28853408296447713
0.655	-0.28853408296447713
0.655	-0.28853408296447713
0.655	-0.28853408296447713
0.65	-0.27799341588463133
0.655	-0.28853408296447713
0.655	-0.28853408296447713
0.655	-0.28853408296447713
0.655	-0.28853408296447713
0.655	-0.28853408296447713
0.655	-0.28853408296447713
0.655	-0.28853408296447713
0.655	-0.28853408296447713
0.655	-0.28853408296447713
0.645	-0.27215462280580993
0.655	-0.28853408296447713
0.655	-0.28853408296447713
0.655	-0.28853408296447713
0.655	-0.28853408296447713
0.655	-0.28853408296447713
