1.7182615245004322
2.10236044295197
2.115681519124183
2.115681519124183
2.115681519124183
2.115681519124183
2.115681519124183
2.115681519124183
2.120399566012705
2.120399566012705
2.120399566012705
2.120399566012705
2.120399566012705
2.120399566012705
2.120399566012705
2.120399566012705
2.120399566012705
2.120399566012705
2.120399566012705
2.120399566012705
2.120399566012705
2.120399566012705
2.120399566012705
2.120399566012705
2.120399566012705
1.7182615245004322
2.10236044295197
2.115681519124183
2.115681519124183
2.115681519124183
2.115681519124183
2.115681519124183
2.115681519124183
2.120399566012705
2.120399566012705
2.120399566012705
2.120399566012705
2.120399566012705
2.120399566012705
2.120399566012705
2.120399566012705
2.120399566012705
2.120399566012705
2.120399566012705
2.120399566012705
2.120399566012705
2.120399566012705
2.120399566012705
2.120399566012705
2.120399566012705
1.7182615245004322
2.10236044295197
2.115681519124183
2.115681519124183
2.115681519124183
2.115681519124183
2.115681519124183
2.115681519124183
2.120399566012705
2.120399566012705
2.120399566012705
2.120399566012705
2.120399566012705
2.120399566012705
2.120399566012705
2.120399566012705
2.120399566012705
2.120399566012705
2.120399566012705
2.120399566012705
2.120399566012705
2.120399566012705
2.120399566012705
2.120399566012705
2.120399566012705
1.7182615245004322
2.10236044295197
2.115681519124183
2.115681519124183
2.115681519124183
2.115681519124183
2.115681519124183
2.115681519124183
2.120399566012705
2.120399566012705
2.120399566012705
2.120399566012705
2.120399566012705
2.120399566012705
2.120399566012705
2.120399566012705
2.120399566012705
2.120399566012705
2.120399566012705
2.120399566012705
2.120399566012705
2.120399566012705
2.120399566012705
2.120399566012705
2.120399566012705
1.7182615245004322
2.10236044295197
2.115681519124183
2.115681519124183
2.115681519124183
2.115681519124183
2.115681519124183
2.115681519124183
2.120399566012705
2.120399566012705
2.120399566012705
2.120399566012705
2.120399566012705
2.120399566012705
2.120399566012705
2.120399566012705
2.120399566012705
2.120399566012705
2.120399566012705
2.120399566012705
2.120399566012705
2.120399566012705
2.120399566012705
2.120399566012705
2.120399566012705
1.7182615245004322
2.10236044295197
2.115681519124183
2.115681519124183
2.115681519124183
2.115681519124183
2.115681519124183
2.115681519124183
2.120399566012705
2.120399566012705
2.120399566012705
2.120399566012705
2.120399566012705
2.120399566012705
2.120399566012705
2.120399566012705
2.120399566012705
2.120399566012705
2.120399566012705
2.120399566012705
2.120399566012705
2.120399566012705
2.120399566012705
2.120399566012705
2.120399566012705
1.7182615245004322
2.10236044295197
2.115681519124183
2.115681519124183
2.115681519124183
2.115681519124183
2.115681519124183
2.115681519124183
2.120399566012705
2.120399566012705
2.120399566012705
2.120399566012705
2.120399566012705
2.120399566012705
2.120399566012705
2.120399566012705
2.120399566012705
2.120399566012705
2.120399566012705
2.120399566012705
2.120399566012705
2.120399566012705
2.120399566012705
2.120399566012705
2.120399566012705
1.7182615245004322
2.10236044295197
2.115681519124183
2.115681519124183
2.115681519124183
2.115681519124183
2.115681519124183
2.115681519124183
2.120399566012705
2.120399566012705
2.120399566012705
2.120399566012705
2.120399566012705
2.120399566012705
2.120399566012705
2.120399566012705
2.120399566012705
2.120399566012705
2.120399566012705
2.120399566012705
2.120399566012705
2.120399566012705
2.120399566012705
2.120399566012705
2.120399566012705
