1.4500738086294431
1.969393588817981
2.025665449908302
2.0256809239661573
2.0256809239661573
2.0256809239661573
2.0256809239661573
2.0256809239661573
2.0256809239661573
2.0256809239661573
2.0256809239661573
2.0256809239661573
2.0256809239661573
2.0256809239661573
2.0256809239661573
2.0256809239661573
2.0256809239661573
2.0256809239661573
2.0256809239661573
2.0256809239661573
2.0256809239661573
2.0256809239661573
2.0256809239661573
2.0256809239661573
2.0256809239661573
1.4500738086294431
1.969393588817981
2.025665449908302
2.0256809239661573
2.0256809239661573
2.0256809239661573
2.0256809239661573
2.0256809239661573
2.0256809239661573
2.0256809239661573
2.0256809239661573
2.0256809239661573
2.0256809239661573
2.0256809239661573
2.0256809239661573
2.0256809239661573
2.0256809239661573
2.0256809239661573
2.0256809239661573
2.0256809239661573
2.0256809239661573
2.0256809239661573
2.0256809239661573
2.0256809239661573
2.0256809239661573
1.4500738086294431
1.969393588817981
2.025665449908302
2.0256809239661573
2.0256809239661573
2.0256809239661573
2.0256809239661573
2.0256809239661573
2.0256809239661573
2.0256809239661573
2.0256809239661573
2.0256809239661573
2.0256809239661573
2.0256809239661573
2.0256809239661573
2.0256809239661573
2.0256809239661573
2.0256809239661573
2.0256809239661573
2.0256809239661573
2.0256809239661573
2.0256809239661573
2.0256809239661573
2.0256809239661573
2.0256809239661573
1.4500738086294431
1.969393588817981
2.025665449908302
2.0256809239661573
2.0256809239661573
2.0256809239661573
2.0256809239661573
2.0256809239661573
2.0256809239661573
2.0256809239661573
2.0256809239661573
2.0256809239661573
2.0256809239661573
2.0256809239661573
2.0256809239661573
2.0256809239661573
2.0256809239661573
2.0256809239661573
2.0256809239661573
2.0256809239661573
2.0256809239661573
2.0256809239661573
2.0256809239661573
2.0256809239661573
2.0256809239661573
1.4500738086294431
1.969393588817981
2.025665449908302
2.0256809239661573
2.0256809239661573
2.0256809239661573
2.0256809239661573
2.0256809239661573
2.0256809239661573
2.0256809239661573
2.0256809239661573
2.0256809239661573
2.0256809239661573
2.0256809239661573
2.0256809239661573
2.0256809239661573
2.0256809239661573
2.0256809239661573
2.0256809239661573
2.0256809239661573
2.0256809239661573
2.0256809239661573
2.0256809239661573
2.0256809239661573
2.0256809239661573
1.4500738086294431
1.969393588817981
2.025665449908302
2.0256809239661573
2.0256809239661573
2.0256809239661573
2.0256809239661573
2.0256809239661573
2.0256809239661573
2.0256809239661573
2.0256809239661573
2.0256809239661573
2.0256809239661573
2.0256809239661573
2.0256809239661573
2.0256809239661573
2.0256809239661573
2.0256809239661573
2.0256809239661573
2.0256809239661573
2.0256809239661573
2.0256809239661573
2.0256809239661573
2.0256809239661573
2.0256809239661573
1.4500738086294431
1.969393588817981
2.025665449908302
2.0256809239661573
2.0256809239661573
2.0256809239661573
2.0256809239661573
2.0256809239661573
2.0256809239661573
2.0256809239661573
2.0256809239661573
2.0256809239661573
2.0256809239661573
2.0256809239661573
2.0256809239661573
2.0256809239661573
2.0256809239661573
2.0256809239661573
2.0256809239661573
2.0256809239661573
2.0256809239661573
2.0256809239661573
2.0256809239661573
2.0256809239661573
2.0256809239661573
1.4500738086294431
1.969393588817981
2.025665449908302
2.0256809239661573
2.0256809239661573
2.0256809239661573
2.0256809239661573
2.0256809239661573
2.0256809239661573
2.0256809239661573
2.0256809239661573
2.0256809239661573
2.0256809239661573
2.0256809239661573
2.0256809239661573
2.0256809239661573
2.0256809239661573
2.0256809239661573
2.0256809239661573
2.0256809239661573
2.0256809239661573
2.0256809239661573
2.0256809239661573
2.0256809239661573
2.0256809239661573
