0.7	-0.256588519596555
0.6681818181818182	-0.25323411677868624
0.6954545454545454	-0.2545243757670581
0.6727272727272727	-0.2538966341769615
0.6681818181818182	-0.25323411677868624
0.6954545454545454	-0.2545243757670581
0.6954545454545454	-0.2545243757670581
0.6954545454545454	-0.2545243757670581
0.6727272727272727	-0.2538966341769615
0.6727272727272727	-0.2538966341769615
0.6954545454545454	-0.2545243757670581
0.6954545454545454	-0.2545243757670581
0.6727272727272727	-0.2538966341769615
0.6954545454545454	-0.2545243757670581
0.6954545454545454	-0.2545243757670581
0.6727272727272727	-0.2538966341769615
0.6727272727272727	-0.2538966341769615
0.6954545454545454	-0.2545243757670581
0.6954545454545454	-0.2545243757670581
0.6954545454545454	-0.2545243757670581
0.6954545454545454	-0.2545243757670581
0.6727272727272727	-0.2538966341769615
0.6954545454545454	-0.2545243757670581
0.6954545454545454	-0.2545243757670581
0.6954545454545454	-0.2545243757670581
0.6727272727272727	-0.2538966341769615
0.6954545454545454	-0.2545243757670581
0.6727272727272727	-0.2538966341769615
0.6954545454545454	-0.2545243757670581
0.6954545454545454	-0.2545243757670581
0.6727272727272727	-0.2538966341769615
0.6954545454545454	-0.2545243757670581
0.6954545454545454	-0.2545243757670581
0.6954545454545454	-0.2545243757670581
0.6954545454545454	-0.2545243757670581
0.6954545454545454	-0.2545243757670581
0.6954545454545454	-0.2545243757670581
0.6954545454545454	-0.2545243757670581
0.6954545454545454	-0.2545243757670581
0.6954545454545454	-0.2545243757670581
0.6954545454545454	-0.2545243757670581
0.6954545454545454	-0.2545243757670581
0.6954545454545454	-0.2545243757670581
0.6727272727272727	-0.2538966341769615
0.6954545454545454	-0.2545243757670581
0.6954545454545454	-0.2545243757670581
0.6954545454545454	-0.2545243757670581
0.6954545454545454	-0.2545243757670581
0.6727272727272727	-0.2538966341769615
0.6954545454545454	-0.2545243757670581
0.6954545454545454	-0.2545243757670581
0.6727272727272727	-0.2538966341769615
0.6954545454545454	-0.2545243757670581
0.6954545454545454	-0.2545243757670581
0.6954545454545454	-0.2545243757670581
0.6954545454545454	-0.2545243757670581
0.6954545454545454	-0.2545243757670581
0.6681818181818182	-0.25323411677868624
0.6954545454545454	-0.2545243757670581
0.6954545454545454	-0.2545243757670581
0.6954545454545454	-0.2545243757670581
0.6954545454545454	-0.2545243757670581
0.6954545454545454	-0.2545243757670581
0.6954545454545454	-0.2545243757670581
0.6954545454545454	-0.2545243757670581
0.6681818181818182	-0.25323411677868624
0.6954545454545454	-0.2545243757670581
0.6954545454545454	-0.2545243757670581
0.6727272727272727	-0.2538966341769615
0.7	-0.256588519596555
0.6727272727272727	-0.2538966341769615
0.6727272727272727	-0.2538966341769615
0.6954545454545454	-0.2545243757670581
0.6681818181818182	-0.25323411677868624
0.6727272727272727	-0.2538966341769615
0.6954545454545454	-0.2545243757670581
0.6954545454545454	-0.2545243757670581
0.6727272727272727	-0.2538966341769615
0.6727272727272727	-0.2538966341769615
0.6954545454545454	-0.2545243757670581
0.6727272727272727	-0.2538966341769615
0.6681818181818182	-0.25323411677868624
0.6954545454545454	-0.2545243757670581
0.6727272727272727	-0.2538966341769615
0.6954545454545454	-0.2545243757670581
0.6727272727272727	-0.2538966341769615
0.6954545454545454	-0.2545243757670581
0.6954545454545454	-0.2545243757670581
0.6681818181818182	-0.25323411677868624
0.6954545454545454	-0.2545243757670581
0.6954545454545454	-0.2545243757670581
0.6727272727272727	-0.2538966341769615
0.6954545454545454	-0.2545243757670581
0.6727272727272727	-0.2538966341769615
0.6954545454545454	-0.2545243757670581
0.6954545454545454	-0.2545243757670581
0.6954545454545454	-0.2545243757670581
0.6954545454545454	-0.2545243757670581
0.6954545454545454	-0.2545243757670581
0.6954545454545454	-0.2545243757670581
0.6727272727272727	-0.2538966341769615
0.6727272727272727	-0.2538966341769615
0.6727272727272727	-0.2538966341769615
0.6727272727272727	-0.2538966341769615
0.6954545454545454	-0.2545243757670581
0.6954545454545454	-0.2545243757670581
0.6954545454545454	-0.2545243757670581
0.6954545454545454	-0.2545243757670581
0.6727272727272727	-0.2538966341769615
0.6727272727272727	-0.2538966341769615
0.6954545454545454	-0.2545243757670581
0.6727272727272727	-0.2538966341769615
0.6954545454545454	-0.2545243757670581
0.6954545454545454	-0.2545243757670581
0.6954545454545454	-0.2545243757670581
0.6954545454545454	-0.2545243757670581
0.6954545454545454	-0.2545243757670581
0.6954545454545454	-0.2545243757670581
0.6954545454545454	-0.2545243757670581
0.6727272727272727	-0.2538966341769615
0.6954545454545454	-0.2545243757670581
0.6727272727272727	-0.2538966341769615
0.6954545454545454	-0.2545243757670581
0.7	-0.256588519596555
0.6954545454545454	-0.2545243757670581
0.6954545454545454	-0.2545243757670581
0.7	-0.256588519596555
0.6954545454545454	-0.2545243757670581
0.6954545454545454	-0.2545243757670581
0.6727272727272727	-0.2538966341769615
0.6727272727272727	-0.2538966341769615
0.6954545454545454	-0.2545243757670581
0.6727272727272727	-0.2538966341769615
0.6954545454545454	-0.2545243757670581
0.6727272727272727	-0.2538966341769615
0.6954545454545454	-0.2545243757670581
0.7	-0.256588519596555
0.6954545454545454	-0.2545243757670581
0.6954545454545454	-0.2545243757670581
0.6727272727272727	-0.2538966341769615
0.6681818181818182	-0.25323411677868624
0.6727272727272727	-0.2538966341769615
0.6954545454545454	-0.2545243757670581
0.6727272727272727	-0.2538966341769615
0.6954545454545454	-0.2545243757670581
0.6727272727272727	-0.2538966341769615
0.7	-0.256588519596555
0.6954545454545454	-0.2545243757670581
0.6954545454545454	-0.2545243757670581
0.6954545454545454	-0.2545243757670581
0.6954545454545454	-0.2545243757670581
0.6954545454545454	-0.2545243757670581
0.6954545454545454	-0.2545243757670581
0.6727272727272727	-0.2538966341769615
0.6954545454545454	-0.2545243757670581
0.6954545454545454	-0.2545243757670581
0.6954545454545454	-0.2545243757670581
0.6954545454545454	-0.2545243757670581
0.6954545454545454	-0.2545243757670581
0.6954545454545454	-0.2545243757670581
0.6727272727272727	-0.2538966341769615
0.7	-0.256588519596555
0.6727272727272727	-0.2538966341769615
0.6954545454545454	-0.2545243757670581
0.6954545454545454	-0.2545243757670581
0.6727272727272727	-0.2538966341769615
0.6727272727272727	-0.2538966341769615
0.6954545454545454	-0.2545243757670581
0.6954545454545454	-0.2545243757670581
0.7	-0.256588519596555
0.6727272727272727	-0.2538966341769615
0.6727272727272727	-0.2538966341769615
0.6954545454545454	-0.2545243757670581
0.6727272727272727	-0.2538966341769615
0.6954545454545454	-0.2545243757670581
0.6954545454545454	-0.2545243757670581
0.6954545454545454	-0.2545243757670581
0.6954545454545454	-0.2545243757670581
0.6954545454545454	-0.2545243757670581
0.6727272727272727	-0.2538966341769615
0.6954545454545454	-0.2545243757670581
0.6954545454545454	-0.2545243757670581
0.6954545454545454	-0.2545243757670581
0.6954545454545454	-0.2545243757670581
0.6954545454545454	-0.2545243757670581
0.6681818181818182	-0.25323411677868624
0.6727272727272727	-0.2538966341769615
0.6954545454545454	-0.2545243757670581
0.6954545454545454	-0.2545243757670581
0.6954545454545454	-0.2545243757670581
0.6954545454545454	-0.2545243757670581
0.6727272727272727	-0.2538966341769615
0.6954545454545454	-0.2545243757670581
0.6954545454545454	-0.2545243757670581
0.7	-0.256588519596555
0.6727272727272727	-0.2538966341769615
0.6954545454545454	-0.2545243757670581
0.6954545454545454	-0.2545243757670581
0.6954545454545454	-0.2545243757670581
0.6727272727272727	-0.2538966341769615
