0.65	-0.2735561682966448
0.6727272727272727	-0.2864896900032005
0.6636363636363637	-0.2749791088115735
0.6681818181818182	-0.2800702915371873
0.6681818181818182	-0.2800702915371873
0.6681818181818182	-0.2800702915371873
0.6636363636363637	-0.2749791088115735
0.6636363636363637	-0.2749791088115735
0.6681818181818182	-0.2800702915371873
0.6681818181818182	-0.2800702915371873
0.6636363636363637	-0.2749791088115735
0.6681818181818182	-0.2800702915371873
0.6636363636363637	-0.2749791088115735
0.6681818181818182	-0.2800702915371873
0.6681818181818182	-0.2800702915371873
0.6681818181818182	-0.2800702915371873
0.6681818181818182	-0.2800702915371873
0.6681818181818182	-0.2800702915371873
0.6681818181818182	-0.2800702915371873
0.6636363636363637	-0.2749791088115735
0.6681818181818182	-0.2800702915371873
0.6636363636363637	-0.2749791088115735
0.6636363636363637	-0.2749791088115735
0.6681818181818182	-0.2800702915371873
0.6636363636363637	-0.2749791088115735
0.6681818181818182	-0.2800702915371873
0.6681818181818182	-0.2800702915371873
0.6681818181818182	-0.2800702915371873
0.6636363636363637	-0.2749791088115735
0.6636363636363637	-0.2749791088115735
0.6636363636363637	-0.2749791088115735
0.6636363636363637	-0.2749791088115735
0.6681818181818182	-0.2800702915371873
0.6681818181818182	-0.2800702915371873
0.6636363636363637	-0.2749791088115735
0.6681818181818182	-0.2800702915371873
0.6636363636363637	-0.2749791088115735
0.6681818181818182	-0.2800702915371873
0.6681818181818182	-0.2800702915371873
0.6681818181818182	-0.2800702915371873
0.6636363636363637	-0.2749791088115735
0.6681818181818182	-0.2800702915371873
0.6636363636363637	-0.2749791088115735
0.6681818181818182	-0.2800702915371873
0.6681818181818182	-0.2800702915371873
0.6681818181818182	-0.2800702915371873
0.6681818181818182	-0.2800702915371873
0.6681818181818182	-0.2800702915371873
0.6636363636363637	-0.2749791088115735
0.6636363636363637	-0.2749791088115735
0.6636363636363637	-0.2749791088115735
0.6681818181818182	-0.2800702915371873
0.6681818181818182	-0.2800702915371873
0.6636363636363637	-0.2749791088115735
0.6681818181818182	-0.2800702915371873
0.6636363636363637	-0.2749791088115735
0.6681818181818182	-0.2800702915371873
0.6636363636363637	-0.2749791088115735
0.6681818181818182	-0.2800702915371873
0.6636363636363637	-0.2749791088115735
0.6681818181818182	-0.2800702915371873
0.6681818181818182	-0.2800702915371873
0.6727272727272727	-0.2864896900032005
0.6636363636363637	-0.2749791088115735
0.6636363636363637	-0.2749791088115735
0.6681818181818182	-0.2800702915371873
0.6636363636363637	-0.2749791088115735
0.6681818181818182	-0.2800702915371873
0.6636363636363637	-0.2749791088115735
0.6636363636363637	-0.2749791088115735
0.6636363636363637	-0.2749791088115735
0.6636363636363637	-0.2749791088115735
0.6681818181818182	-0.2800702915371873
0.6681818181818182	-0.2800702915371873
0.6681818181818182	-0.2800702915371873
0.6636363636363637	-0.2749791088115735
0.6681818181818182	-0.2800702915371873
0.6636363636363637	-0.2749791088115735
0.6636363636363637	-0.2749791088115735
0.6636363636363637	-0.2749791088115735
0.6636363636363637	-0.2749791088115735
0.6636363636363637	-0.2749791088115735
0.6681818181818182	-0.2800702915371873
0.6636363636363637	-0.2749791088115735
0.6681818181818182	-0.2800702915371873
0.6681818181818182	-0.2800702915371873
0.6636363636363637	-0.2749791088115735
0.6681818181818182	-0.2800702915371873
0.6681818181818182	-0.2800702915371873
0.6681818181818182	-0.2800702915371873
0.6681818181818182	-0.2800702915371873
0.6681818181818182	-0.2800702915371873
0.6681818181818182	-0.2800702915371873
0.6636363636363637	-0.2749791088115735
0.6636363636363637	-0.2749791088115735
0.6636363636363637	-0.2749791088115735
0.6636363636363637	-0.2749791088115735
0.6636363636363637	-0.2749791088115735
0.6636363636363637	-0.2749791088115735
0.6681818181818182	-0.2800702915371873
0.6681818181818182	-0.2800702915371873
0.6636363636363637	-0.2749791088115735
0.65	-0.2735561682966448
0.6681818181818182	-0.2800702915371873
0.6681818181818182	-0.2800702915371873
0.6681818181818182	-0.2800702915371873
0.6636363636363637	-0.2749791088115735
0.6681818181818182	-0.2800702915371873
0.6636363636363637	-0.2749791088115735
0.6681818181818182	-0.2800702915371873
0.6727272727272727	-0.2864896900032005
0.6636363636363637	-0.2749791088115735
0.6636363636363637	-0.2749791088115735
0.6636363636363637	-0.2749791088115735
0.6636363636363637	-0.2749791088115735
0.6681818181818182	-0.2800702915371873
0.6681818181818182	-0.2800702915371873
0.6681818181818182	-0.2800702915371873
0.6636363636363637	-0.2749791088115735
0.6681818181818182	-0.2800702915371873
0.6636363636363637	-0.2749791088115735
0.6681818181818182	-0.2800702915371873
0.6681818181818182	-0.2800702915371873
0.6636363636363637	-0.2749791088115735
0.6681818181818182	-0.2800702915371873
0.6636363636363637	-0.2749791088115735
0.6636363636363637	-0.2749791088115735
0.6681818181818182	-0.2800702915371873
0.6636363636363637	-0.2749791088115735
0.6681818181818182	-0.2800702915371873
0.6681818181818182	-0.2800702915371873
0.6681818181818182	-0.2800702915371873
0.6681818181818182	-0.2800702915371873
0.6681818181818182	-0.2800702915371873
0.6636363636363637	-0.2749791088115735
0.6681818181818182	-0.2800702915371873
0.6681818181818182	-0.2800702915371873
0.6681818181818182	-0.2800702915371873
0.6681818181818182	-0.2800702915371873
0.6636363636363637	-0.2749791088115735
0.6681818181818182	-0.2800702915371873
0.6636363636363637	-0.2749791088115735
0.6636363636363637	-0.2749791088115735
0.6681818181818182	-0.2800702915371873
0.6636363636363637	-0.2749791088115735
0.6636363636363637	-0.2749791088115735
0.6681818181818182	-0.2800702915371873
0.6636363636363637	-0.2749791088115735
0.6681818181818182	-0.2800702915371873
0.6636363636363637	-0.2749791088115735
0.6681818181818182	-0.2800702915371873
0.6636363636363637	-0.2749791088115735
0.6636363636363637	-0.2749791088115735
0.6681818181818182	-0.2800702915371873
0.6636363636363637	-0.2749791088115735
0.6681818181818182	-0.2800702915371873
0.6636363636363637	-0.2749791088115735
0.6636363636363637	-0.2749791088115735
0.6681818181818182	-0.2800702915371873
0.6636363636363637	-0.2749791088115735
0.6681818181818182	-0.2800702915371873
0.6681818181818182	-0.2800702915371873
0.65	-0.2735561682966448
0.6636363636363637	-0.2749791088115735
0.6636363636363637	-0.2749791088115735
0.6636363636363637	-0.2749791088115735
0.6636363636363637	-0.2749791088115735
0.6636363636363637	-0.2749791088115735
0.6636363636363637	-0.2749791088115735
0.6681818181818182	-0.2800702915371873
0.6636363636363637	-0.2749791088115735
0.6681818181818182	-0.2800702915371873
0.6636363636363637	-0.2749791088115735
0.6681818181818182	-0.2800702915371873
0.6636363636363637	-0.2749791088115735
0.6681818181818182	-0.2800702915371873
0.6636363636363637	-0.2749791088115735
0.6681818181818182	-0.2800702915371873
0.6636363636363637	-0.2749791088115735
0.6681818181818182	-0.2800702915371873
0.6636363636363637	-0.2749791088115735
0.6681818181818182	-0.2800702915371873
0.6636363636363637	-0.2749791088115735
0.6681818181818182	-0.2800702915371873
0.6681818181818182	-0.2800702915371873
0.6636363636363637	-0.2749791088115735
0.6681818181818182	-0.2800702915371873
0.6681818181818182	-0.2800702915371873
0.6681818181818182	-0.2800702915371873
0.6681818181818182	-0.2800702915371873
0.6681818181818182	-0.2800702915371873
0.6636363636363637	-0.2749791088115735
0.6681818181818182	-0.2800702915371873
0.6636363636363637	-0.2749791088115735
0.6727272727272727	-0.2864896900032005
0.6727272727272727	-0.2864896900032005
0.6636363636363637	-0.2749791088115735
0.6636363636363637	-0.2749791088115735
0.6636363636363637	-0.2749791088115735
0.6636363636363637	-0.2749791088115735
