0.6909090909090909	-0.270693707402931
0.6727272727272727	-0.2633988490555014
0.6863636363636364	-0.26434392335773915
0.6772727272727272	-0.26405121045865987
0.6863636363636364	-0.26434392335773915
0.6909090909090909	-0.270693707402931
0.6863636363636364	-0.26434392335773915
0.6863636363636364	-0.26434392335773915
0.6909090909090909	-0.270693707402931
0.6863636363636364	-0.26434392335773915
0.6909090909090909	-0.270693707402931
0.6863636363636364	-0.26434392335773915
0.6909090909090909	-0.270693707402931
0.6772727272727272	-0.26405121045865987
0.6863636363636364	-0.26434392335773915
0.6909090909090909	-0.270693707402931
0.6863636363636364	-0.26434392335773915
0.6909090909090909	-0.270693707402931
0.6863636363636364	-0.26434392335773915
0.6863636363636364	-0.26434392335773915
0.6909090909090909	-0.270693707402931
0.6909090909090909	-0.270693707402931
0.6909090909090909	-0.270693707402931
0.6863636363636364	-0.26434392335773915
0.6909090909090909	-0.270693707402931
0.6863636363636364	-0.26434392335773915
0.6909090909090909	-0.270693707402931
0.6863636363636364	-0.26434392335773915
0.6863636363636364	-0.26434392335773915
0.6863636363636364	-0.26434392335773915
0.6909090909090909	-0.270693707402931
0.6863636363636364	-0.26434392335773915
0.6863636363636364	-0.26434392335773915
0.6863636363636364	-0.26434392335773915
0.6863636363636364	-0.26434392335773915
0.6772727272727272	-0.26405121045865987
0.6909090909090909	-0.270693707402931
0.6863636363636364	-0.26434392335773915
0.6909090909090909	-0.270693707402931
0.6909090909090909	-0.270693707402931
0.6909090909090909	-0.270693707402931
0.6727272727272727	-0.2633988490555014
0.6909090909090909	-0.270693707402931
0.6909090909090909	-0.270693707402931
0.6909090909090909	-0.270693707402931
0.6863636363636364	-0.26434392335773915
0.6863636363636364	-0.26434392335773915
0.6909090909090909	-0.270693707402931
0.6909090909090909	-0.270693707402931
0.6909090909090909	-0.270693707402931
0.6863636363636364	-0.26434392335773915
0.6909090909090909	-0.270693707402931
0.6863636363636364	-0.26434392335773915
0.6909090909090909	-0.270693707402931
0.6909090909090909	-0.270693707402931
0.6863636363636364	-0.26434392335773915
0.6863636363636364	-0.26434392335773915
0.6863636363636364	-0.26434392335773915
0.6863636363636364	-0.26434392335773915
0.6863636363636364	-0.26434392335773915
0.6863636363636364	-0.26434392335773915
0.6863636363636364	-0.26434392335773915
0.6863636363636364	-0.26434392335773915
0.6909090909090909	-0.270693707402931
0.6909090909090909	-0.270693707402931
0.6909090909090909	-0.270693707402931
0.6863636363636364	-0.26434392335773915
0.6909090909090909	-0.270693707402931
0.6863636363636364	-0.26434392335773915
0.6863636363636364	-0.26434392335773915
0.6909090909090909	-0.270693707402931
0.6727272727272727	-0.2633988490555014
0.6909090909090909	-0.270693707402931
0.6727272727272727	-0.2633988490555014
0.6863636363636364	-0.26434392335773915
0.6909090909090909	-0.270693707402931
0.6772727272727272	-0.26405121045865987
0.6909090909090909	-0.270693707402931
0.6909090909090909	-0.270693707402931
0.6727272727272727	-0.2633988490555014
0.6863636363636364	-0.26434392335773915
0.6909090909090909	-0.270693707402931
0.6863636363636364	-0.26434392335773915
0.6909090909090909	-0.270693707402931
0.6909090909090909	-0.270693707402931
0.6863636363636364	-0.26434392335773915
0.6909090909090909	-0.270693707402931
0.6863636363636364	-0.26434392335773915
0.6909090909090909	-0.270693707402931
0.6909090909090909	-0.270693707402931
0.6909090909090909	-0.270693707402931
0.6909090909090909	-0.270693707402931
0.6909090909090909	-0.270693707402931
0.6909090909090909	-0.270693707402931
0.6863636363636364	-0.26434392335773915
0.6909090909090909	-0.270693707402931
0.6909090909090909	-0.270693707402931
0.6863636363636364	-0.26434392335773915
0.6909090909090909	-0.270693707402931
0.6909090909090909	-0.270693707402931
0.6863636363636364	-0.26434392335773915
0.6863636363636364	-0.26434392335773915
0.6909090909090909	-0.270693707402931
0.6863636363636364	-0.26434392335773915
0.6909090909090909	-0.270693707402931
0.6772727272727272	-0.26405121045865987
0.6727272727272727	-0.2633988490555014
0.6909090909090909	-0.270693707402931
0.6909090909090909	-0.270693707402931
0.6727272727272727	-0.2633988490555014
0.6863636363636364	-0.26434392335773915
0.6909090909090909	-0.270693707402931
0.6909090909090909	-0.270693707402931
0.6909090909090909	-0.270693707402931
0.6863636363636364	-0.26434392335773915
0.6863636363636364	-0.26434392335773915
0.6909090909090909	-0.270693707402931
0.6863636363636364	-0.26434392335773915
0.6863636363636364	-0.26434392335773915
0.6863636363636364	-0.26434392335773915
0.6863636363636364	-0.26434392335773915
0.6909090909090909	-0.270693707402931
0.6909090909090909	-0.270693707402931
0.6909090909090909	-0.270693707402931
0.6863636363636364	-0.26434392335773915
0.6863636363636364	-0.26434392335773915
0.6863636363636364	-0.26434392335773915
0.6863636363636364	-0.26434392335773915
0.6863636363636364	-0.26434392335773915
0.6863636363636364	-0.26434392335773915
0.6909090909090909	-0.270693707402931
0.6909090909090909	-0.270693707402931
0.6863636363636364	-0.26434392335773915
0.6909090909090909	-0.270693707402931
0.6863636363636364	-0.26434392335773915
0.6863636363636364	-0.26434392335773915
0.6909090909090909	-0.270693707402931
0.6863636363636364	-0.26434392335773915
0.6863636363636364	-0.26434392335773915
0.6909090909090909	-0.270693707402931
0.6909090909090909	-0.270693707402931
0.6909090909090909	-0.270693707402931
0.6909090909090909	-0.270693707402931
0.6863636363636364	-0.26434392335773915
0.6909090909090909	-0.270693707402931
0.6863636363636364	-0.26434392335773915
0.6909090909090909	-0.270693707402931
0.6909090909090909	-0.270693707402931
0.6863636363636364	-0.26434392335773915
0.6863636363636364	-0.26434392335773915
0.6863636363636364	-0.26434392335773915
0.6909090909090909	-0.270693707402931
0.6909090909090909	-0.270693707402931
0.6909090909090909	-0.270693707402931
0.6909090909090909	-0.270693707402931
0.6863636363636364	-0.26434392335773915
0.6909090909090909	-0.270693707402931
0.6909090909090909	-0.270693707402931
0.6863636363636364	-0.26434392335773915
0.6909090909090909	-0.270693707402931
0.6772727272727272	-0.26405121045865987
0.6909090909090909	-0.270693707402931
0.6909090909090909	-0.270693707402931
0.6909090909090909	-0.270693707402931
0.6909090909090909	-0.270693707402931
0.6909090909090909	-0.270693707402931
0.6863636363636364	-0.26434392335773915
0.6863636363636364	-0.26434392335773915
0.6863636363636364	-0.26434392335773915
0.6863636363636364	-0.26434392335773915
0.6909090909090909	-0.270693707402931
0.6909090909090909	-0.270693707402931
0.6727272727272727	-0.2633988490555014
0.6909090909090909	-0.270693707402931
0.6863636363636364	-0.26434392335773915
0.6863636363636364	-0.26434392335773915
0.6863636363636364	-0.26434392335773915
0.6863636363636364	-0.26434392335773915
0.6909090909090909	-0.270693707402931
0.6909090909090909	-0.270693707402931
0.6909090909090909	-0.270693707402931
0.6863636363636364	-0.26434392335773915
0.6909090909090909	-0.270693707402931
0.6772727272727272	-0.26405121045865987
0.6909090909090909	-0.270693707402931
0.6909090909090909	-0.270693707402931
0.6772727272727272	-0.26405121045865987
0.6863636363636364	-0.26434392335773915
0.6909090909090909	-0.270693707402931
0.6772727272727272	-0.26405121045865987
0.6909090909090909	-0.270693707402931
0.6909090909090909	-0.270693707402931
0.6909090909090909	-0.270693707402931
0.6863636363636364	-0.26434392335773915
0.6909090909090909	-0.270693707402931
0.6909090909090909	-0.270693707402931
0.6909090909090909	-0.270693707402931
0.6909090909090909	-0.270693707402931
0.6909090909090909	-0.270693707402931
0.6909090909090909	-0.270693707402931
