0.7	-0.26709432925318743
0.6636363636363637	-0.2544553241161466
0.6954545454545454	-0.26307640694357
0.6727272727272727	-0.25638797610253
0.6863636363636364	-0.2587738116840788
0.6818181818181818	-0.2587690774642281
0.6636363636363637	-0.2544553241161466
0.6818181818181818	-0.2587690774642281
0.6818181818181818	-0.2587690774642281
0.6636363636363637	-0.2544553241161466
0.6727272727272727	-0.25638797610253
0.6727272727272727	-0.25638797610253
0.6636363636363637	-0.2544553241161466
0.6727272727272727	-0.25638797610253
0.6727272727272727	-0.25638797610253
0.6727272727272727	-0.25638797610253
0.6727272727272727	-0.25638797610253
0.6636363636363637	-0.2544553241161466
0.6727272727272727	-0.25638797610253
0.6636363636363637	-0.2544553241161466
0.6636363636363637	-0.2544553241161466
0.6636363636363637	-0.2544553241161466
0.6636363636363637	-0.2544553241161466
0.6727272727272727	-0.25638797610253
0.6636363636363637	-0.2544553241161466
0.6727272727272727	-0.25638797610253
0.6636363636363637	-0.2544553241161466
0.6727272727272727	-0.25638797610253
0.6863636363636364	-0.2587738116840788
0.6636363636363637	-0.2544553241161466
0.6636363636363637	-0.2544553241161466
0.6636363636363637	-0.2544553241161466
0.6636363636363637	-0.2544553241161466
0.6727272727272727	-0.25638797610253
0.6727272727272727	-0.25638797610253
0.6636363636363637	-0.2544553241161466
0.6636363636363637	-0.2544553241161466
0.6636363636363637	-0.2544553241161466
0.6818181818181818	-0.2587690774642281
0.6636363636363637	-0.2544553241161466
0.6727272727272727	-0.25638797610253
0.6636363636363637	-0.2544553241161466
0.6863636363636364	-0.2587738116840788
0.6727272727272727	-0.25638797610253
0.6636363636363637	-0.2544553241161466
0.6636363636363637	-0.2544553241161466
0.6636363636363637	-0.2544553241161466
0.6727272727272727	-0.25638797610253
0.6636363636363637	-0.2544553241161466
0.6636363636363637	-0.2544553241161466
0.6636363636363637	-0.2544553241161466
0.6636363636363637	-0.2544553241161466
0.6727272727272727	-0.25638797610253
0.6636363636363637	-0.2544553241161466
0.6636363636363637	-0.2544553241161466
0.6636363636363637	-0.2544553241161466
0.6727272727272727	-0.25638797610253
0.6636363636363637	-0.2544553241161466
0.6727272727272727	-0.25638797610253
0.6636363636363637	-0.2544553241161466
0.6727272727272727	-0.25638797610253
0.6636363636363637	-0.2544553241161466
0.6636363636363637	-0.2544553241161466
0.6636363636363637	-0.2544553241161466
0.7	-0.26709432925318743
0.6636363636363637	-0.2544553241161466
0.6636363636363637	-0.2544553241161466
0.6727272727272727	-0.25638797610253
0.6636363636363637	-0.2544553241161466
0.6636363636363637	-0.2544553241161466
0.6636363636363637	-0.2544553241161466
0.6727272727272727	-0.25638797610253
0.6636363636363637	-0.2544553241161466
0.6636363636363637	-0.2544553241161466
0.6727272727272727	-0.25638797610253
0.6636363636363637	-0.2544553241161466
0.6636363636363637	-0.2544553241161466
0.6636363636363637	-0.2544553241161466
0.6727272727272727	-0.25638797610253
0.6636363636363637	-0.2544553241161466
0.6636363636363637	-0.2544553241161466
0.6727272727272727	-0.25638797610253
0.6636363636363637	-0.2544553241161466
0.6818181818181818	-0.2587690774642281
0.6636363636363637	-0.2544553241161466
0.7	-0.26709432925318743
0.6636363636363637	-0.2544553241161466
0.7	-0.26709432925318743
0.6727272727272727	-0.25638797610253
0.6727272727272727	-0.25638797610253
0.6636363636363637	-0.2544553241161466
0.6636363636363637	-0.2544553241161466
0.6636363636363637	-0.2544553241161466
0.6636363636363637	-0.2544553241161466
0.6636363636363637	-0.2544553241161466
0.6818181818181818	-0.2587690774642281
0.6636363636363637	-0.2544553241161466
0.6636363636363637	-0.2544553241161466
0.6636363636363637	-0.2544553241161466
0.6636363636363637	-0.2544553241161466
0.6636363636363637	-0.2544553241161466
0.6636363636363637	-0.2544553241161466
0.6636363636363637	-0.2544553241161466
0.6727272727272727	-0.25638797610253
0.6727272727272727	-0.25638797610253
0.6727272727272727	-0.25638797610253
0.6863636363636364	-0.2587738116840788
0.6636363636363637	-0.2544553241161466
0.6636363636363637	-0.2544553241161466
0.6636363636363637	-0.2544553241161466
0.6636363636363637	-0.2544553241161466
0.6636363636363637	-0.2544553241161466
0.6636363636363637	-0.2544553241161466
0.6636363636363637	-0.2544553241161466
0.6727272727272727	-0.25638797610253
0.6727272727272727	-0.25638797610253
0.6636363636363637	-0.2544553241161466
0.6636363636363637	-0.2544553241161466
0.6636363636363637	-0.2544553241161466
0.6636363636363637	-0.2544553241161466
0.6636363636363637	-0.2544553241161466
0.6636363636363637	-0.2544553241161466
0.6727272727272727	-0.25638797610253
0.7	-0.26709432925318743
0.6727272727272727	-0.25638797610253
0.6636363636363637	-0.2544553241161466
0.6636363636363637	-0.2544553241161466
0.6636363636363637	-0.2544553241161466
0.6636363636363637	-0.2544553241161466
0.6727272727272727	-0.25638797610253
0.7	-0.26709432925318743
0.6636363636363637	-0.2544553241161466
0.6636363636363637	-0.2544553241161466
0.6636363636363637	-0.2544553241161466
0.6727272727272727	-0.25638797610253
0.6636363636363637	-0.2544553241161466
0.6636363636363637	-0.2544553241161466
0.6636363636363637	-0.2544553241161466
0.6636363636363637	-0.2544553241161466
0.6727272727272727	-0.25638797610253
0.6636363636363637	-0.2544553241161466
0.6727272727272727	-0.25638797610253
0.6636363636363637	-0.2544553241161466
0.6727272727272727	-0.25638797610253
0.6727272727272727	-0.25638797610253
0.6636363636363637	-0.2544553241161466
0.6636363636363637	-0.2544553241161466
0.6636363636363637	-0.2544553241161466
0.6727272727272727	-0.25638797610253
0.6636363636363637	-0.2544553241161466
0.6727272727272727	-0.25638797610253
0.6727272727272727	-0.25638797610253
0.6727272727272727	-0.25638797610253
0.6727272727272727	-0.25638797610253
0.6636363636363637	-0.2544553241161466
0.6636363636363637	-0.2544553241161466
0.6636363636363637	-0.2544553241161466
0.6727272727272727	-0.25638797610253
0.6636363636363637	-0.2544553241161466
0.6636363636363637	-0.2544553241161466
0.6636363636363637	-0.2544553241161466
0.6727272727272727	-0.25638797610253
0.6727272727272727	-0.25638797610253
0.6636363636363637	-0.2544553241161466
0.6727272727272727	-0.25638797610253
0.6636363636363637	-0.2544553241161466
0.6636363636363637	-0.2544553241161466
0.6636363636363637	-0.2544553241161466
0.6636363636363637	-0.2544553241161466
0.6636363636363637	-0.2544553241161466
0.6636363636363637	-0.2544553241161466
0.7	-0.26709432925318743
0.6636363636363637	-0.2544553241161466
0.6727272727272727	-0.25638797610253
0.6818181818181818	-0.2587690774642281
0.6636363636363637	-0.2544553241161466
0.6727272727272727	-0.25638797610253
0.6727272727272727	-0.25638797610253
0.6636363636363637	-0.2544553241161466
0.6727272727272727	-0.25638797610253
0.6636363636363637	-0.2544553241161466
0.6636363636363637	-0.2544553241161466
0.6727272727272727	-0.25638797610253
0.6727272727272727	-0.25638797610253
0.6636363636363637	-0.2544553241161466
0.6727272727272727	-0.25638797610253
0.6636363636363637	-0.2544553241161466
0.6636363636363637	-0.2544553241161466
0.7	-0.26709432925318743
0.6636363636363637	-0.2544553241161466
0.6636363636363637	-0.2544553241161466
0.6636363636363637	-0.2544553241161466
0.6636363636363637	-0.2544553241161466
0.6636363636363637	-0.2544553241161466
0.6636363636363637	-0.2544553241161466
0.6818181818181818	-0.2587690774642281
0.6636363636363637	-0.2544553241161466
0.6727272727272727	-0.25638797610253
0.6636363636363637	-0.2544553241161466
0.6636363636363637	-0.2544553241161466
