0.65	-0.26962318994637974
0.6818181818181818	-0.28334387062856203
0.6681818181818182	-0.27752635303905776
0.6727272727272727	-0.2816939631361109
0.6636363636363637	-0.2726458698025858
0.6545454545454545	-0.2720490983258673
0.6681818181818182	-0.27752635303905776
0.6636363636363637	-0.2726458698025858
0.6681818181818182	-0.27752635303905776
0.6636363636363637	-0.2726458698025858
0.6545454545454545	-0.2720490983258673
0.6636363636363637	-0.2726458698025858
0.6727272727272727	-0.2816939631361109
0.6681818181818182	-0.27752635303905776
0.6545454545454545	-0.2720490983258673
0.6545454545454545	-0.2720490983258673
0.6545454545454545	-0.2720490983258673
0.6545454545454545	-0.2720490983258673
0.6545454545454545	-0.2720490983258673
0.6636363636363637	-0.2726458698025858
0.6681818181818182	-0.27752635303905776
0.6727272727272727	-0.2816939631361109
0.6545454545454545	-0.2720490983258673
0.6727272727272727	-0.2816939631361109
0.6681818181818182	-0.27752635303905776
0.6681818181818182	-0.27752635303905776
0.6818181818181818	-0.28334387062856203
0.6636363636363637	-0.2726458698025858
0.6545454545454545	-0.2720490983258673
0.6545454545454545	-0.2720490983258673
0.6636363636363637	-0.2726458698025858
0.6727272727272727	-0.2816939631361109
0.6727272727272727	-0.2816939631361109
0.6681818181818182	-0.27752635303905776
0.6545454545454545	-0.2720490983258673
0.6681818181818182	-0.27752635303905776
0.6545454545454545	-0.2720490983258673
0.6636363636363637	-0.2726458698025858
0.6545454545454545	-0.2720490983258673
0.6727272727272727	-0.2816939631361109
0.6636363636363637	-0.2726458698025858
0.6545454545454545	-0.2720490983258673
0.6681818181818182	-0.27752635303905776
0.6681818181818182	-0.27752635303905776
0.6681818181818182	-0.27752635303905776
0.6545454545454545	-0.2720490983258673
0.6545454545454545	-0.2720490983258673
0.6545454545454545	-0.2720490983258673
0.6636363636363637	-0.2726458698025858
0.6681818181818182	-0.27752635303905776
0.6545454545454545	-0.2720490983258673
0.6636363636363637	-0.2726458698025858
0.6545454545454545	-0.2720490983258673
0.6727272727272727	-0.2816939631361109
0.6681818181818182	-0.27752635303905776
0.6545454545454545	-0.2720490983258673
0.6545454545454545	-0.2720490983258673
0.6727272727272727	-0.2816939631361109
0.6727272727272727	-0.2816939631361109
0.6727272727272727	-0.2816939631361109
0.6727272727272727	-0.2816939631361109
0.6545454545454545	-0.2720490983258673
0.6681818181818182	-0.27752635303905776
0.6681818181818182	-0.27752635303905776
0.6636363636363637	-0.2726458698025858
0.6681818181818182	-0.27752635303905776
0.6636363636363637	-0.2726458698025858
0.6636363636363637	-0.2726458698025858
0.6727272727272727	-0.2816939631361109
0.6681818181818182	-0.27752635303905776
0.6681818181818182	-0.27752635303905776
0.6636363636363637	-0.2726458698025858
0.6545454545454545	-0.2720490983258673
0.6681818181818182	-0.27752635303905776
0.6681818181818182	-0.27752635303905776
0.6681818181818182	-0.27752635303905776
0.6727272727272727	-0.2816939631361109
0.6545454545454545	-0.2720490983258673
0.6545454545454545	-0.2720490983258673
0.6727272727272727	-0.2816939631361109
0.6545454545454545	-0.2720490983258673
0.6681818181818182	-0.27752635303905776
0.6545454545454545	-0.2720490983258673
0.6681818181818182	-0.27752635303905776
0.6545454545454545	-0.2720490983258673
0.6681818181818182	-0.27752635303905776
0.6545454545454545	-0.2720490983258673
0.6636363636363637	-0.2726458698025858
0.6636363636363637	-0.2726458698025858
0.6727272727272727	-0.2816939631361109
0.6681818181818182	-0.27752635303905776
0.6681818181818182	-0.27752635303905776
0.6636363636363637	-0.2726458698025858
0.6545454545454545	-0.2720490983258673
0.6545454545454545	-0.2720490983258673
0.6727272727272727	-0.2816939631361109
0.6636363636363637	-0.2726458698025858
0.6636363636363637	-0.2726458698025858
0.6545454545454545	-0.2720490983258673
0.6636363636363637	-0.2726458698025858
0.6681818181818182	-0.27752635303905776
0.6545454545454545	-0.2720490983258673
0.6545454545454545	-0.2720490983258673
0.6681818181818182	-0.27752635303905776
0.6545454545454545	-0.2720490983258673
0.6545454545454545	-0.2720490983258673
0.6545454545454545	-0.2720490983258673
0.6636363636363637	-0.2726458698025858
0.6681818181818182	-0.27752635303905776
0.6636363636363637	-0.2726458698025858
0.6727272727272727	-0.2816939631361109
0.6727272727272727	-0.2816939631361109
0.6681818181818182	-0.27752635303905776
0.6545454545454545	-0.2720490983258673
0.6818181818181818	-0.28334387062856203
0.6545454545454545	-0.2720490983258673
0.6681818181818182	-0.27752635303905776
0.6681818181818182	-0.27752635303905776
0.6681818181818182	-0.27752635303905776
0.6681818181818182	-0.27752635303905776
0.6545454545454545	-0.2720490983258673
0.6545454545454545	-0.2720490983258673
0.6727272727272727	-0.2816939631361109
0.6545454545454545	-0.2720490983258673
0.6636363636363637	-0.2726458698025858
0.6636363636363637	-0.2726458698025858
0.6636363636363637	-0.2726458698025858
0.6681818181818182	-0.27752635303905776
0.6636363636363637	-0.2726458698025858
0.6545454545454545	-0.2720490983258673
0.6681818181818182	-0.27752635303905776
0.6636363636363637	-0.2726458698025858
0.6681818181818182	-0.27752635303905776
0.6681818181818182	-0.27752635303905776
0.6545454545454545	-0.2720490983258673
0.6545454545454545	-0.2720490983258673
0.6545454545454545	-0.2720490983258673
0.6727272727272727	-0.2816939631361109
0.6727272727272727	-0.2816939631361109
0.6818181818181818	-0.28334387062856203
0.6681818181818182	-0.27752635303905776
0.6681818181818182	-0.27752635303905776
0.6545454545454545	-0.2720490983258673
0.65	-0.26962318994637974
0.6545454545454545	-0.2720490983258673
0.6636363636363637	-0.2726458698025858
0.6681818181818182	-0.27752635303905776
0.65	-0.26962318994637974
0.6545454545454545	-0.2720490983258673
0.6545454545454545	-0.2720490983258673
0.6545454545454545	-0.2720490983258673
0.6545454545454545	-0.2720490983258673
0.6727272727272727	-0.2816939631361109
0.6545454545454545	-0.2720490983258673
0.6681818181818182	-0.27752635303905776
0.6681818181818182	-0.27752635303905776
0.6818181818181818	-0.28334387062856203
0.6545454545454545	-0.2720490983258673
0.6681818181818182	-0.27752635303905776
0.6545454545454545	-0.2720490983258673
0.6545454545454545	-0.2720490983258673
0.6545454545454545	-0.2720490983258673
0.6545454545454545	-0.2720490983258673
0.6545454545454545	-0.2720490983258673
0.6681818181818182	-0.27752635303905776
0.6681818181818182	-0.27752635303905776
0.6681818181818182	-0.27752635303905776
0.6727272727272727	-0.2816939631361109
0.6636363636363637	-0.2726458698025858
0.6681818181818182	-0.27752635303905776
0.6545454545454545	-0.2720490983258673
0.6636363636363637	-0.2726458698025858
0.6545454545454545	-0.2720490983258673
0.6681818181818182	-0.27752635303905776
0.6545454545454545	-0.2720490983258673
0.6545454545454545	-0.2720490983258673
0.6636363636363637	-0.2726458698025858
0.6727272727272727	-0.2816939631361109
0.6545454545454545	-0.2720490983258673
0.6545454545454545	-0.2720490983258673
0.6545454545454545	-0.2720490983258673
0.6681818181818182	-0.27752635303905776
0.6681818181818182	-0.27752635303905776
0.6636363636363637	-0.2726458698025858
0.65	-0.26962318994637974
0.6727272727272727	-0.2816939631361109
0.6545454545454545	-0.2720490983258673
0.6727272727272727	-0.2816939631361109
0.6636363636363637	-0.2726458698025858
0.6681818181818182	-0.27752635303905776
0.6636363636363637	-0.2726458698025858
0.6636363636363637	-0.2726458698025858
0.6681818181818182	-0.27752635303905776
0.6681818181818182	-0.27752635303905776
0.6681818181818182	-0.27752635303905776
0.6681818181818182	-0.27752635303905776
0.6681818181818182	-0.27752635303905776
0.6727272727272727	-0.2816939631361109
0.6727272727272727	-0.2816939631361109
0.6545454545454545	-0.2720490983258673
