0.6954545454545454	-0.27086278081813203
0.6590909090909091	-0.26438131733985676
0.6727272727272727	-0.2691551673533295
0.6636363636363637	-0.2650930007958323
0.6863636363636364	-0.2691917468319438
0.6909090909090909	-0.27041919044817386
0.6590909090909091	-0.26438131733985676
0.6636363636363637	-0.2650930007958323
0.6636363636363637	-0.2650930007958323
0.6727272727272727	-0.2691551673533295
0.6636363636363637	-0.2650930007958323
0.6727272727272727	-0.2691551673533295
0.6590909090909091	-0.26438131733985676
0.6636363636363637	-0.2650930007958323
0.6636363636363637	-0.2650930007958323
0.6727272727272727	-0.2691551673533295
0.6636363636363637	-0.2650930007958323
0.6727272727272727	-0.2691551673533295
0.6636363636363637	-0.2650930007958323
0.6727272727272727	-0.2691551673533295
0.6636363636363637	-0.2650930007958323
0.6636363636363637	-0.2650930007958323
0.6727272727272727	-0.2691551673533295
0.6636363636363637	-0.2650930007958323
0.6636363636363637	-0.2650930007958323
0.6590909090909091	-0.26438131733985676
0.6727272727272727	-0.2691551673533295
0.6727272727272727	-0.2691551673533295
0.6727272727272727	-0.2691551673533295
0.6727272727272727	-0.2691551673533295
0.6636363636363637	-0.2650930007958323
0.6727272727272727	-0.2691551673533295
0.6636363636363637	-0.2650930007958323
0.6727272727272727	-0.2691551673533295
0.6727272727272727	-0.2691551673533295
0.6636363636363637	-0.2650930007958323
0.6636363636363637	-0.2650930007958323
0.6727272727272727	-0.2691551673533295
0.6636363636363637	-0.2650930007958323
0.6636363636363637	-0.2650930007958323
0.6590909090909091	-0.26438131733985676
0.6727272727272727	-0.2691551673533295
0.6727272727272727	-0.2691551673533295
0.6727272727272727	-0.2691551673533295
0.6636363636363637	-0.2650930007958323
0.6636363636363637	-0.2650930007958323
0.6636363636363637	-0.2650930007958323
0.6636363636363637	-0.2650930007958323
0.6636363636363637	-0.2650930007958323
0.6636363636363637	-0.2650930007958323
0.6636363636363637	-0.2650930007958323
0.6727272727272727	-0.2691551673533295
0.6727272727272727	-0.2691551673533295
0.6590909090909091	-0.26438131733985676
0.6727272727272727	-0.2691551673533295
0.6727272727272727	-0.2691551673533295
0.6863636363636364	-0.2691917468319438
0.6636363636363637	-0.2650930007958323
0.6590909090909091	-0.26438131733985676
0.6727272727272727	-0.2691551673533295
0.6636363636363637	-0.2650930007958323
0.6727272727272727	-0.2691551673533295
0.6636363636363637	-0.2650930007958323
0.6636363636363637	-0.2650930007958323
0.6636363636363637	-0.2650930007958323
0.6727272727272727	-0.2691551673533295
0.6636363636363637	-0.2650930007958323
0.6863636363636364	-0.2691917468319438
0.6636363636363637	-0.2650930007958323
0.6636363636363637	-0.2650930007958323
0.6636363636363637	-0.2650930007958323
0.6727272727272727	-0.2691551673533295
0.6727272727272727	-0.2691551673533295
0.6636363636363637	-0.2650930007958323
0.6590909090909091	-0.26438131733985676
0.6727272727272727	-0.2691551673533295
0.6636363636363637	-0.2650930007958323
0.6727272727272727	-0.2691551673533295
0.6727272727272727	-0.2691551673533295
0.6590909090909091	-0.26438131733985676
0.6727272727272727	-0.2691551673533295
0.6636363636363637	-0.2650930007958323
0.6636363636363637	-0.2650930007958323
0.6636363636363637	-0.2650930007958323
0.6636363636363637	-0.2650930007958323
0.6727272727272727	-0.2691551673533295
0.6636363636363637	-0.2650930007958323
0.6590909090909091	-0.26438131733985676
0.6636363636363637	-0.2650930007958323
0.6727272727272727	-0.2691551673533295
0.6727272727272727	-0.2691551673533295
0.6727272727272727	-0.2691551673533295
0.6636363636363637	-0.2650930007958323
0.6636363636363637	-0.2650930007958323
0.6636363636363637	-0.2650930007958323
0.6590909090909091	-0.26438131733985676
0.6636363636363637	-0.2650930007958323
0.6636363636363637	-0.2650930007958323
0.6727272727272727	-0.2691551673533295
0.6636363636363637	-0.2650930007958323
0.6727272727272727	-0.2691551673533295
0.6636363636363637	-0.2650930007958323
0.6727272727272727	-0.2691551673533295
0.6636363636363637	-0.2650930007958323
0.6863636363636364	-0.2691917468319438
0.6590909090909091	-0.26438131733985676
0.6590909090909091	-0.26438131733985676
0.6727272727272727	-0.2691551673533295
0.6727272727272727	-0.2691551673533295
0.6727272727272727	-0.2691551673533295
0.6636363636363637	-0.2650930007958323
0.6636363636363637	-0.2650930007958323
0.6727272727272727	-0.2691551673533295
0.6636363636363637	-0.2650930007958323
0.6727272727272727	-0.2691551673533295
0.6636363636363637	-0.2650930007958323
0.6727272727272727	-0.2691551673533295
0.6636363636363637	-0.2650930007958323
0.6590909090909091	-0.26438131733985676
0.6727272727272727	-0.2691551673533295
0.6636363636363637	-0.2650930007958323
0.6636363636363637	-0.2650930007958323
0.6636363636363637	-0.2650930007958323
0.6727272727272727	-0.2691551673533295
0.6636363636363637	-0.2650930007958323
0.6727272727272727	-0.2691551673533295
0.6636363636363637	-0.2650930007958323
0.6636363636363637	-0.2650930007958323
0.6636363636363637	-0.2650930007958323
0.6636363636363637	-0.2650930007958323
0.6636363636363637	-0.2650930007958323
0.6727272727272727	-0.2691551673533295
0.6636363636363637	-0.2650930007958323
0.6727272727272727	-0.2691551673533295
0.6636363636363637	-0.2650930007958323
0.6636363636363637	-0.2650930007958323
0.6727272727272727	-0.2691551673533295
0.6727272727272727	-0.2691551673533295
0.6727272727272727	-0.2691551673533295
0.6636363636363637	-0.2650930007958323
0.6636363636363637	-0.2650930007958323
0.6727272727272727	-0.2691551673533295
0.6590909090909091	-0.26438131733985676
0.6954545454545454	-0.27086278081813203
0.6954545454545454	-0.27086278081813203
0.6727272727272727	-0.2691551673533295
0.6636363636363637	-0.2650930007958323
0.6636363636363637	-0.2650930007958323
0.6727272727272727	-0.2691551673533295
0.6636363636363637	-0.2650930007958323
0.6590909090909091	-0.26438131733985676
0.6636363636363637	-0.2650930007958323
0.6636363636363637	-0.2650930007958323
0.6590909090909091	-0.26438131733985676
0.6727272727272727	-0.2691551673533295
0.6954545454545454	-0.27086278081813203
0.6727272727272727	-0.2691551673533295
0.6727272727272727	-0.2691551673533295
0.6636363636363637	-0.2650930007958323
0.6727272727272727	-0.2691551673533295
0.6727272727272727	-0.2691551673533295
0.6727272727272727	-0.2691551673533295
0.6727272727272727	-0.2691551673533295
0.6590909090909091	-0.26438131733985676
0.6590909090909091	-0.26438131733985676
0.6727272727272727	-0.2691551673533295
0.6727272727272727	-0.2691551673533295
0.6636363636363637	-0.2650930007958323
0.6636363636363637	-0.2650930007958323
0.6636363636363637	-0.2650930007958323
0.6636363636363637	-0.2650930007958323
0.6727272727272727	-0.2691551673533295
0.6727272727272727	-0.2691551673533295
0.6636363636363637	-0.2650930007958323
0.6636363636363637	-0.2650930007958323
0.6727272727272727	-0.2691551673533295
0.6636363636363637	-0.2650930007958323
0.6727272727272727	-0.2691551673533295
0.6727272727272727	-0.2691551673533295
0.6636363636363637	-0.2650930007958323
0.6727272727272727	-0.2691551673533295
0.6636363636363637	-0.2650930007958323
0.6636363636363637	-0.2650930007958323
0.6636363636363637	-0.2650930007958323
0.6727272727272727	-0.2691551673533295
0.6727272727272727	-0.2691551673533295
0.6636363636363637	-0.2650930007958323
0.6636363636363637	-0.2650930007958323
0.6727272727272727	-0.2691551673533295
0.6727272727272727	-0.2691551673533295
0.6636363636363637	-0.2650930007958323
0.6727272727272727	-0.2691551673533295
0.6727272727272727	-0.2691551673533295
0.6636363636363637	-0.2650930007958323
0.6636363636363637	-0.2650930007958323
0.6590909090909091	-0.26438131733985676
0.6590909090909091	-0.26438131733985676
0.6636363636363637	-0.2650930007958323
0.6636363636363637	-0.2650930007958323
0.6727272727272727	-0.2691551673533295
