0.7227272727272728	-0.24901483647154032
0.7090909090909091	-0.2437148827127262
0.7136363636363636	-0.24599284417074976
0.7181818181818181	-0.24707552180936487
0.7090909090909091	-0.2437148827127262
0.7090909090909091	-0.2437148827127262
0.7136363636363636	-0.24599284417074976
0.7090909090909091	-0.2437148827127262
0.7136363636363636	-0.24599284417074976
0.7136363636363636	-0.24599284417074976
0.7136363636363636	-0.24599284417074976
0.7227272727272728	-0.24901483647154032
0.7136363636363636	-0.24599284417074976
0.7136363636363636	-0.24599284417074976
0.7136363636363636	-0.24599284417074976
0.7136363636363636	-0.24599284417074976
0.7090909090909091	-0.2437148827127262
0.7227272727272728	-0.24901483647154032
0.7136363636363636	-0.24599284417074976
0.7227272727272728	-0.24901483647154032
0.7227272727272728	-0.24901483647154032
0.7090909090909091	-0.2437148827127262
0.7136363636363636	-0.24599284417074976
0.7090909090909091	-0.2437148827127262
0.7136363636363636	-0.24599284417074976
0.7136363636363636	-0.24599284417074976
0.7136363636363636	-0.24599284417074976
0.7090909090909091	-0.2437148827127262
0.7090909090909091	-0.2437148827127262
0.7227272727272728	-0.24901483647154032
0.7227272727272728	-0.24901483647154032
0.7181818181818181	-0.24707552180936487
0.7136363636363636	-0.24599284417074976
0.7090909090909091	-0.2437148827127262
0.7136363636363636	-0.24599284417074976
0.7227272727272728	-0.24901483647154032
0.7136363636363636	-0.24599284417074976
0.7136363636363636	-0.24599284417074976
0.7227272727272728	-0.24901483647154032
0.7227272727272728	-0.24901483647154032
0.7136363636363636	-0.24599284417074976
0.7136363636363636	-0.24599284417074976
0.7227272727272728	-0.24901483647154032
0.7136363636363636	-0.24599284417074976
0.7227272727272728	-0.24901483647154032
0.7227272727272728	-0.24901483647154032
0.7227272727272728	-0.24901483647154032
0.7090909090909091	-0.2437148827127262
0.7136363636363636	-0.24599284417074976
0.7227272727272728	-0.24901483647154032
0.7227272727272728	-0.24901483647154032
0.7136363636363636	-0.24599284417074976
0.7136363636363636	-0.24599284417074976
0.7227272727272728	-0.24901483647154032
0.7181818181818181	-0.24707552180936487
0.7136363636363636	-0.24599284417074976
0.7136363636363636	-0.24599284417074976
0.7227272727272728	-0.24901483647154032
0.7090909090909091	-0.2437148827127262
0.7090909090909091	-0.2437148827127262
0.7136363636363636	-0.24599284417074976
0.7227272727272728	-0.24901483647154032
0.7227272727272728	-0.24901483647154032
0.7136363636363636	-0.24599284417074976
0.7090909090909091	-0.2437148827127262
0.7227272727272728	-0.24901483647154032
0.7136363636363636	-0.24599284417074976
0.7136363636363636	-0.24599284417074976
0.7181818181818181	-0.24707552180936487
0.7136363636363636	-0.24599284417074976
0.7227272727272728	-0.24901483647154032
0.7227272727272728	-0.24901483647154032
0.7136363636363636	-0.24599284417074976
0.7136363636363636	-0.24599284417074976
0.7136363636363636	-0.24599284417074976
0.7090909090909091	-0.2437148827127262
0.7136363636363636	-0.24599284417074976
0.7136363636363636	-0.24599284417074976
0.7090909090909091	-0.2437148827127262
0.7090909090909091	-0.2437148827127262
0.7090909090909091	-0.2437148827127262
0.7136363636363636	-0.24599284417074976
0.7227272727272728	-0.24901483647154032
0.7136363636363636	-0.24599284417074976
0.7090909090909091	-0.2437148827127262
0.7136363636363636	-0.24599284417074976
0.7136363636363636	-0.24599284417074976
0.7227272727272728	-0.24901483647154032
0.7136363636363636	-0.24599284417074976
0.7227272727272728	-0.24901483647154032
0.7227272727272728	-0.24901483647154032
0.7227272727272728	-0.24901483647154032
0.7090909090909091	-0.2437148827127262
0.7136363636363636	-0.24599284417074976
0.7090909090909091	-0.2437148827127262
0.7136363636363636	-0.24599284417074976
0.7090909090909091	-0.2437148827127262
0.7227272727272728	-0.24901483647154032
0.7136363636363636	-0.24599284417074976
0.7136363636363636	-0.24599284417074976
0.7227272727272728	-0.24901483647154032
0.7227272727272728	-0.24901483647154032
0.7227272727272728	-0.24901483647154032
0.7090909090909091	-0.2437148827127262
0.7136363636363636	-0.24599284417074976
0.7090909090909091	-0.2437148827127262
0.7136363636363636	-0.24599284417074976
0.7136363636363636	-0.24599284417074976
0.7090909090909091	-0.2437148827127262
0.7136363636363636	-0.24599284417074976
0.7227272727272728	-0.24901483647154032
0.7227272727272728	-0.24901483647154032
0.7136363636363636	-0.24599284417074976
0.7227272727272728	-0.24901483647154032
0.7136363636363636	-0.24599284417074976
0.7227272727272728	-0.24901483647154032
0.7227272727272728	-0.24901483647154032
0.7227272727272728	-0.24901483647154032
0.7227272727272728	-0.24901483647154032
0.7136363636363636	-0.24599284417074976
0.7227272727272728	-0.24901483647154032
0.7227272727272728	-0.24901483647154032
0.7136363636363636	-0.24599284417074976
0.7227272727272728	-0.24901483647154032
0.7136363636363636	-0.24599284417074976
0.7090909090909091	-0.2437148827127262
0.7090909090909091	-0.2437148827127262
0.7090909090909091	-0.2437148827127262
0.7090909090909091	-0.2437148827127262
0.7136363636363636	-0.24599284417074976
0.7181818181818181	-0.24707552180936487
0.7227272727272728	-0.24901483647154032
0.7090909090909091	-0.2437148827127262
0.7227272727272728	-0.24901483647154032
0.7136363636363636	-0.24599284417074976
0.7136363636363636	-0.24599284417074976
0.7090909090909091	-0.2437148827127262
0.7227272727272728	-0.24901483647154032
0.7227272727272728	-0.24901483647154032
0.7090909090909091	-0.2437148827127262
0.7136363636363636	-0.24599284417074976
0.7090909090909091	-0.2437148827127262
0.7227272727272728	-0.24901483647154032
0.7227272727272728	-0.24901483647154032
0.7227272727272728	-0.24901483647154032
0.7227272727272728	-0.24901483647154032
0.7090909090909091	-0.2437148827127262
0.7136363636363636	-0.24599284417074976
0.7136363636363636	-0.24599284417074976
0.7090909090909091	-0.2437148827127262
0.7090909090909091	-0.2437148827127262
0.7227272727272728	-0.24901483647154032
0.7090909090909091	-0.2437148827127262
0.7136363636363636	-0.24599284417074976
0.7136363636363636	-0.24599284417074976
0.7136363636363636	-0.24599284417074976
0.7090909090909091	-0.2437148827127262
0.7181818181818181	-0.24707552180936487
0.7090909090909091	-0.2437148827127262
0.7227272727272728	-0.24901483647154032
0.7227272727272728	-0.24901483647154032
0.7136363636363636	-0.24599284417074976
0.7227272727272728	-0.24901483647154032
0.7136363636363636	-0.24599284417074976
0.7136363636363636	-0.24599284417074976
0.7136363636363636	-0.24599284417074976
0.7136363636363636	-0.24599284417074976
0.7227272727272728	-0.24901483647154032
0.7090909090909091	-0.2437148827127262
0.7136363636363636	-0.24599284417074976
0.7227272727272728	-0.24901483647154032
0.7136363636363636	-0.24599284417074976
0.7227272727272728	-0.24901483647154032
0.7227272727272728	-0.24901483647154032
0.7227272727272728	-0.24901483647154032
0.7227272727272728	-0.24901483647154032
0.7136363636363636	-0.24599284417074976
0.7136363636363636	-0.24599284417074976
0.7227272727272728	-0.24901483647154032
0.7090909090909091	-0.2437148827127262
0.7227272727272728	-0.24901483647154032
0.7227272727272728	-0.24901483647154032
0.7136363636363636	-0.24599284417074976
0.7090909090909091	-0.2437148827127262
0.7136363636363636	-0.24599284417074976
0.7136363636363636	-0.24599284417074976
0.7227272727272728	-0.24901483647154032
0.7090909090909091	-0.2437148827127262
0.7136363636363636	-0.24599284417074976
0.7227272727272728	-0.24901483647154032
0.7227272727272728	-0.24901483647154032
0.7181818181818181	-0.24707552180936487
0.7136363636363636	-0.24599284417074976
0.7227272727272728	-0.24901483647154032
0.7227272727272728	-0.24901483647154032
0.7227272727272728	-0.24901483647154032
0.7136363636363636	-0.24599284417074976
0.7136363636363636	-0.24599284417074976
0.7227272727272728	-0.24901483647154032
0.7227272727272728	-0.24901483647154032
