0.6590909090909091	-0.268974134272576
0.6954545454545454	-0.2795975347242865
0.6909090909090909	-0.2738903824841587
0.6681818181818182	-0.2705897659222943
0.6636363636363637	-0.27020488361816086
0.6590909090909091	-0.268974134272576
0.6590909090909091	-0.268974134272576
0.6954545454545454	-0.2795975347242865
0.6636363636363637	-0.27020488361816086
0.6636363636363637	-0.27020488361816086
0.6681818181818182	-0.2705897659222943
0.6636363636363637	-0.27020488361816086
0.6681818181818182	-0.2705897659222943
0.6636363636363637	-0.27020488361816086
0.6681818181818182	-0.2705897659222943
0.6681818181818182	-0.2705897659222943
0.6636363636363637	-0.27020488361816086
0.6590909090909091	-0.268974134272576
0.6590909090909091	-0.268974134272576
0.6681818181818182	-0.2705897659222943
0.6681818181818182	-0.2705897659222943
0.6681818181818182	-0.2705897659222943
0.6681818181818182	-0.2705897659222943
0.6636363636363637	-0.27020488361816086
0.6590909090909091	-0.268974134272576
0.6590909090909091	-0.268974134272576
0.6590909090909091	-0.268974134272576
0.6590909090909091	-0.268974134272576
0.6681818181818182	-0.2705897659222943
0.6636363636363637	-0.27020488361816086
0.6681818181818182	-0.2705897659222943
0.6636363636363637	-0.27020488361816086
0.6681818181818182	-0.2705897659222943
0.6590909090909091	-0.268974134272576
0.6636363636363637	-0.27020488361816086
0.6636363636363637	-0.27020488361816086
0.6590909090909091	-0.268974134272576
0.6590909090909091	-0.268974134272576
0.6681818181818182	-0.2705897659222943
0.6590909090909091	-0.268974134272576
0.6681818181818182	-0.2705897659222943
0.6681818181818182	-0.2705897659222943
0.6681818181818182	-0.2705897659222943
0.6636363636363637	-0.27020488361816086
0.6636363636363637	-0.27020488361816086
0.6636363636363637	-0.27020488361816086
0.6636363636363637	-0.27020488361816086
0.6636363636363637	-0.27020488361816086
0.6590909090909091	-0.268974134272576
0.6590909090909091	-0.268974134272576
0.6590909090909091	-0.268974134272576
0.6681818181818182	-0.2705897659222943
0.6681818181818182	-0.2705897659222943
0.6681818181818182	-0.2705897659222943
0.6636363636363637	-0.27020488361816086
0.6681818181818182	-0.2705897659222943
0.6590909090909091	-0.268974134272576
0.6590909090909091	-0.268974134272576
0.6636363636363637	-0.27020488361816086
0.6636363636363637	-0.27020488361816086
0.6681818181818182	-0.2705897659222943
0.6636363636363637	-0.27020488361816086
0.6636363636363637	-0.27020488361816086
0.6636363636363637	-0.27020488361816086
0.6590909090909091	-0.268974134272576
0.6636363636363637	-0.27020488361816086
0.6590909090909091	-0.268974134272576
0.6636363636363637	-0.27020488361816086
0.6636363636363637	-0.27020488361816086
0.6636363636363637	-0.27020488361816086
0.6590909090909091	-0.268974134272576
0.6590909090909091	-0.268974134272576
0.6590909090909091	-0.268974134272576
0.6681818181818182	-0.2705897659222943
0.6590909090909091	-0.268974134272576
0.6590909090909091	-0.268974134272576
0.6636363636363637	-0.27020488361816086
0.6636363636363637	-0.27020488361816086
0.6681818181818182	-0.2705897659222943
0.6636363636363637	-0.27020488361816086
0.6636363636363637	-0.27020488361816086
0.6590909090909091	-0.268974134272576
0.6590909090909091	-0.268974134272576
0.6681818181818182	-0.2705897659222943
0.6590909090909091	-0.268974134272576
0.6590909090909091	-0.268974134272576
0.6636363636363637	-0.27020488361816086
0.6681818181818182	-0.2705897659222943
0.6681818181818182	-0.2705897659222943
0.6681818181818182	-0.2705897659222943
0.6681818181818182	-0.2705897659222943
0.6681818181818182	-0.2705897659222943
0.6636363636363637	-0.27020488361816086
0.6590909090909091	-0.268974134272576
0.6909090909090909	-0.2738903824841587
0.6636363636363637	-0.27020488361816086
0.6590909090909091	-0.268974134272576
0.6681818181818182	-0.2705897659222943
0.6681818181818182	-0.2705897659222943
0.6590909090909091	-0.268974134272576
0.6590909090909091	-0.268974134272576
0.6590909090909091	-0.268974134272576
0.6681818181818182	-0.2705897659222943
0.6681818181818182	-0.2705897659222943
0.6590909090909091	-0.268974134272576
0.6590909090909091	-0.268974134272576
0.6681818181818182	-0.2705897659222943
0.6590909090909091	-0.268974134272576
0.6636363636363637	-0.27020488361816086
0.6636363636363637	-0.27020488361816086
0.6681818181818182	-0.2705897659222943
0.6636363636363637	-0.27020488361816086
0.6681818181818182	-0.2705897659222943
0.6681818181818182	-0.2705897659222943
0.6636363636363637	-0.27020488361816086
0.6681818181818182	-0.2705897659222943
0.6681818181818182	-0.2705897659222943
0.6590909090909091	-0.268974134272576
0.6681818181818182	-0.2705897659222943
0.6590909090909091	-0.268974134272576
0.6590909090909091	-0.268974134272576
0.6590909090909091	-0.268974134272576
0.6590909090909091	-0.268974134272576
0.6636363636363637	-0.27020488361816086
0.6590909090909091	-0.268974134272576
0.6681818181818182	-0.2705897659222943
0.6636363636363637	-0.27020488361816086
0.6909090909090909	-0.2738903824841587
0.6681818181818182	-0.2705897659222943
0.6590909090909091	-0.268974134272576
0.6590909090909091	-0.268974134272576
0.6590909090909091	-0.268974134272576
0.6681818181818182	-0.2705897659222943
0.6590909090909091	-0.268974134272576
0.6681818181818182	-0.2705897659222943
0.6681818181818182	-0.2705897659222943
0.6681818181818182	-0.2705897659222943
0.6590909090909091	-0.268974134272576
0.6590909090909091	-0.268974134272576
0.6681818181818182	-0.2705897659222943
0.6636363636363637	-0.27020488361816086
0.6681818181818182	-0.2705897659222943
0.6636363636363637	-0.27020488361816086
0.6636363636363637	-0.27020488361816086
0.6681818181818182	-0.2705897659222943
0.6636363636363637	-0.27020488361816086
0.6590909090909091	-0.268974134272576
0.6636363636363637	-0.27020488361816086
0.6636363636363637	-0.27020488361816086
0.6590909090909091	-0.268974134272576
0.6590909090909091	-0.268974134272576
0.6590909090909091	-0.268974134272576
0.6590909090909091	-0.268974134272576
0.6681818181818182	-0.2705897659222943
0.6590909090909091	-0.268974134272576
0.6590909090909091	-0.268974134272576
0.6681818181818182	-0.2705897659222943
0.6636363636363637	-0.27020488361816086
0.6681818181818182	-0.2705897659222943
0.6954545454545454	-0.2795975347242865
0.6636363636363637	-0.27020488361816086
0.6590909090909091	-0.268974134272576
0.6636363636363637	-0.27020488361816086
0.6681818181818182	-0.2705897659222943
0.6681818181818182	-0.2705897659222943
0.6636363636363637	-0.27020488361816086
0.6636363636363637	-0.27020488361816086
0.6681818181818182	-0.2705897659222943
0.6681818181818182	-0.2705897659222943
0.6590909090909091	-0.268974134272576
0.6954545454545454	-0.2795975347242865
0.6636363636363637	-0.27020488361816086
0.6636363636363637	-0.27020488361816086
0.6681818181818182	-0.2705897659222943
0.6636363636363637	-0.27020488361816086
0.6681818181818182	-0.2705897659222943
0.6590909090909091	-0.268974134272576
0.6590909090909091	-0.268974134272576
0.6636363636363637	-0.27020488361816086
0.6590909090909091	-0.268974134272576
0.6681818181818182	-0.2705897659222943
0.6681818181818182	-0.2705897659222943
0.6636363636363637	-0.27020488361816086
0.6681818181818182	-0.2705897659222943
0.6636363636363637	-0.27020488361816086
0.6681818181818182	-0.2705897659222943
0.6636363636363637	-0.27020488361816086
0.6590909090909091	-0.268974134272576
0.6636363636363637	-0.27020488361816086
0.6636363636363637	-0.27020488361816086
0.6590909090909091	-0.268974134272576
0.6681818181818182	-0.2705897659222943
0.6590909090909091	-0.268974134272576
0.6681818181818182	-0.2705897659222943
0.6636363636363637	-0.27020488361816086
0.6681818181818182	-0.2705897659222943
0.6636363636363637	-0.27020488361816086
0.6636363636363637	-0.27020488361816086
0.6681818181818182	-0.2705897659222943
0.6590909090909091	-0.268974134272576
