0.6318181818181818	-0.2762478661262685
0.6636363636363637	-0.2888422518354897
0.6590909090909091	-0.27826577444748
0.6409090909090909	-0.27691842347374895
0.65	-0.2782444603637729
0.6409090909090909	-0.27691842347374895
0.6409090909090909	-0.27691842347374895
0.6409090909090909	-0.27691842347374895
0.6590909090909091	-0.27826577444748
0.65	-0.2782444603637729
0.65	-0.2782444603637729
0.6409090909090909	-0.27691842347374895
0.6409090909090909	-0.27691842347374895
0.6409090909090909	-0.27691842347374895
0.6636363636363637	-0.2888422518354897
0.6590909090909091	-0.27826577444748
0.6409090909090909	-0.27691842347374895
0.6409090909090909	-0.27691842347374895
0.6409090909090909	-0.27691842347374895
0.65	-0.2782444603637729
0.6409090909090909	-0.27691842347374895
0.6409090909090909	-0.27691842347374895
0.6409090909090909	-0.27691842347374895
0.6409090909090909	-0.27691842347374895
0.6409090909090909	-0.27691842347374895
0.65	-0.2782444603637729
0.6409090909090909	-0.27691842347374895
0.6318181818181818	-0.2762478661262685
0.6318181818181818	-0.2762478661262685
0.6409090909090909	-0.27691842347374895
0.6318181818181818	-0.2762478661262685
0.6409090909090909	-0.27691842347374895
0.6409090909090909	-0.27691842347374895
0.6318181818181818	-0.2762478661262685
0.6409090909090909	-0.27691842347374895
0.6409090909090909	-0.27691842347374895
0.6318181818181818	-0.2762478661262685
0.6409090909090909	-0.27691842347374895
0.6409090909090909	-0.27691842347374895
0.6409090909090909	-0.27691842347374895
0.6409090909090909	-0.27691842347374895
0.6409090909090909	-0.27691842347374895
0.6409090909090909	-0.27691842347374895
0.6409090909090909	-0.27691842347374895
0.6409090909090909	-0.27691842347374895
0.65	-0.2782444603637729
0.6409090909090909	-0.27691842347374895
0.6636363636363637	-0.2888422518354897
0.6409090909090909	-0.27691842347374895
0.65	-0.2782444603637729
0.6318181818181818	-0.2762478661262685
0.6409090909090909	-0.27691842347374895
0.65	-0.2782444603637729
0.65	-0.2782444603637729
0.6409090909090909	-0.27691842347374895
0.6318181818181818	-0.2762478661262685
0.6409090909090909	-0.27691842347374895
0.65	-0.2782444603637729
0.6409090909090909	-0.27691842347374895
0.6409090909090909	-0.27691842347374895
0.6409090909090909	-0.27691842347374895
0.65	-0.2782444603637729
0.6318181818181818	-0.2762478661262685
0.6409090909090909	-0.27691842347374895
0.6409090909090909	-0.27691842347374895
0.6409090909090909	-0.27691842347374895
0.6409090909090909	-0.27691842347374895
0.6409090909090909	-0.27691842347374895
0.6409090909090909	-0.27691842347374895
0.6409090909090909	-0.27691842347374895
0.6409090909090909	-0.27691842347374895
0.6409090909090909	-0.27691842347374895
0.6409090909090909	-0.27691842347374895
0.6318181818181818	-0.2762478661262685
0.6409090909090909	-0.27691842347374895
0.6409090909090909	-0.27691842347374895
0.65	-0.2782444603637729
0.65	-0.2782444603637729
0.6409090909090909	-0.27691842347374895
0.6409090909090909	-0.27691842347374895
0.65	-0.2782444603637729
0.6409090909090909	-0.27691842347374895
0.6409090909090909	-0.27691842347374895
0.65	-0.2782444603637729
0.6318181818181818	-0.2762478661262685
0.6409090909090909	-0.27691842347374895
0.6409090909090909	-0.27691842347374895
0.6636363636363637	-0.2888422518354897
0.65	-0.2782444603637729
0.6409090909090909	-0.27691842347374895
0.6409090909090909	-0.27691842347374895
0.6409090909090909	-0.27691842347374895
0.6318181818181818	-0.2762478661262685
0.6590909090909091	-0.27826577444748
0.6318181818181818	-0.2762478661262685
0.6409090909090909	-0.27691842347374895
0.6409090909090909	-0.27691842347374895
0.6409090909090909	-0.27691842347374895
0.6590909090909091	-0.27826577444748
0.6409090909090909	-0.27691842347374895
0.6409090909090909	-0.27691842347374895
0.6409090909090909	-0.27691842347374895
0.6409090909090909	-0.27691842347374895
0.6409090909090909	-0.27691842347374895
0.6409090909090909	-0.27691842347374895
0.6409090909090909	-0.27691842347374895
0.6409090909090909	-0.27691842347374895
0.6318181818181818	-0.2762478661262685
0.65	-0.2782444603637729
0.6409090909090909	-0.27691842347374895
0.6409090909090909	-0.27691842347374895
0.6409090909090909	-0.27691842347374895
0.65	-0.2782444603637729
0.6590909090909091	-0.27826577444748
0.6409090909090909	-0.27691842347374895
0.6409090909090909	-0.27691842347374895
0.6409090909090909	-0.27691842347374895
0.6409090909090909	-0.27691842347374895
0.6409090909090909	-0.27691842347374895
0.6409090909090909	-0.27691842347374895
0.6409090909090909	-0.27691842347374895
0.6409090909090909	-0.27691842347374895
0.6409090909090909	-0.27691842347374895
0.6409090909090909	-0.27691842347374895
0.6409090909090909	-0.27691842347374895
0.6409090909090909	-0.27691842347374895
0.6409090909090909	-0.27691842347374895
0.65	-0.2782444603637729
0.6409090909090909	-0.27691842347374895
0.6318181818181818	-0.2762478661262685
0.6409090909090909	-0.27691842347374895
0.6409090909090909	-0.27691842347374895
0.6409090909090909	-0.27691842347374895
0.6409090909090909	-0.27691842347374895
0.6409090909090909	-0.27691842347374895
0.6409090909090909	-0.27691842347374895
0.6318181818181818	-0.2762478661262685
0.6409090909090909	-0.27691842347374895
0.65	-0.2782444603637729
0.6318181818181818	-0.2762478661262685
0.6409090909090909	-0.27691842347374895
0.6409090909090909	-0.27691842347374895
0.6409090909090909	-0.27691842347374895
0.6409090909090909	-0.27691842347374895
0.6409090909090909	-0.27691842347374895
0.6409090909090909	-0.27691842347374895
0.65	-0.2782444603637729
0.6409090909090909	-0.27691842347374895
0.6318181818181818	-0.2762478661262685
0.6409090909090909	-0.27691842347374895
0.6409090909090909	-0.27691842347374895
0.6318181818181818	-0.2762478661262685
0.6409090909090909	-0.27691842347374895
0.65	-0.2782444603637729
0.6318181818181818	-0.2762478661262685
0.65	-0.2782444603637729
0.6409090909090909	-0.27691842347374895
0.65	-0.2782444603637729
0.65	-0.2782444603637729
0.65	-0.2782444603637729
0.6409090909090909	-0.27691842347374895
0.65	-0.2782444603637729
0.6409090909090909	-0.27691842347374895
0.65	-0.2782444603637729
0.6409090909090909	-0.27691842347374895
0.6409090909090909	-0.27691842347374895
0.6409090909090909	-0.27691842347374895
0.6409090909090909	-0.27691842347374895
0.6409090909090909	-0.27691842347374895
0.65	-0.2782444603637729
0.6409090909090909	-0.27691842347374895
0.6409090909090909	-0.27691842347374895
0.6636363636363637	-0.2888422518354897
0.6318181818181818	-0.2762478661262685
0.6409090909090909	-0.27691842347374895
0.6409090909090909	-0.27691842347374895
0.6636363636363637	-0.2888422518354897
0.6409090909090909	-0.27691842347374895
0.6318181818181818	-0.2762478661262685
0.6409090909090909	-0.27691842347374895
0.65	-0.2782444603637729
0.65	-0.2782444603637729
0.65	-0.2782444603637729
0.65	-0.2782444603637729
0.6318181818181818	-0.2762478661262685
0.65	-0.2782444603637729
0.6409090909090909	-0.27691842347374895
0.6409090909090909	-0.27691842347374895
0.6409090909090909	-0.27691842347374895
0.65	-0.2782444603637729
0.6409090909090909	-0.27691842347374895
0.6409090909090909	-0.27691842347374895
0.6409090909090909	-0.27691842347374895
0.6409090909090909	-0.27691842347374895
0.65	-0.2782444603637729
0.6409090909090909	-0.27691842347374895
0.6409090909090909	-0.27691842347374895
0.6409090909090909	-0.27691842347374895
0.65	-0.2782444603637729
0.6318181818181818	-0.2762478661262685
