0.6772727272727272	-0.2441645217714842
0.7136363636363636	-0.2579020839290395
0.6909090909090909	-0.24518356953445386
0.6909090909090909	-0.24518356953445386
0.6909090909090909	-0.24518356953445386
0.7136363636363636	-0.2579020839290395
0.6772727272727272	-0.2441645217714842
0.6909090909090909	-0.24518356953445386
0.6772727272727272	-0.2441645217714842
0.6909090909090909	-0.24518356953445386
0.6772727272727272	-0.2441645217714842
0.6909090909090909	-0.24518356953445386
0.6909090909090909	-0.24518356953445386
0.6909090909090909	-0.24518356953445386
0.6909090909090909	-0.24518356953445386
0.6909090909090909	-0.24518356953445386
0.6909090909090909	-0.24518356953445386
0.6909090909090909	-0.24518356953445386
0.6909090909090909	-0.24518356953445386
0.6772727272727272	-0.2441645217714842
0.7136363636363636	-0.2579020839290395
0.6909090909090909	-0.24518356953445386
0.6772727272727272	-0.2441645217714842
0.7136363636363636	-0.2579020839290395
0.6909090909090909	-0.24518356953445386
0.6772727272727272	-0.2441645217714842
0.6909090909090909	-0.24518356953445386
0.6909090909090909	-0.24518356953445386
0.6772727272727272	-0.2441645217714842
0.6909090909090909	-0.24518356953445386
0.6772727272727272	-0.2441645217714842
0.6909090909090909	-0.24518356953445386
0.6909090909090909	-0.24518356953445386
0.6909090909090909	-0.24518356953445386
0.7136363636363636	-0.2579020839290395
0.6909090909090909	-0.24518356953445386
0.6909090909090909	-0.24518356953445386
0.6772727272727272	-0.2441645217714842
0.6909090909090909	-0.24518356953445386
0.7090909090909091	-0.2473365770396503
0.6909090909090909	-0.24518356953445386
0.6772727272727272	-0.2441645217714842
0.6909090909090909	-0.24518356953445386
0.6909090909090909	-0.24518356953445386
0.6909090909090909	-0.24518356953445386
0.6909090909090909	-0.24518356953445386
0.6909090909090909	-0.24518356953445386
0.7136363636363636	-0.2579020839290395
0.6909090909090909	-0.24518356953445386
0.6909090909090909	-0.24518356953445386
0.6909090909090909	-0.24518356953445386
0.6909090909090909	-0.24518356953445386
0.6909090909090909	-0.24518356953445386
0.6909090909090909	-0.24518356953445386
0.6909090909090909	-0.24518356953445386
0.6772727272727272	-0.2441645217714842
0.6772727272727272	-0.2441645217714842
0.6909090909090909	-0.24518356953445386
0.6909090909090909	-0.24518356953445386
0.6909090909090909	-0.24518356953445386
0.7136363636363636	-0.2579020839290395
0.7090909090909091	-0.2473365770396503
0.6909090909090909	-0.24518356953445386
0.6909090909090909	-0.24518356953445386
0.6772727272727272	-0.2441645217714842
