1.7011828585590925
2.055697215155448
2.1198806319020873
2.1198806319020873
2.1198806319020873
2.1198806319020873
2.1198806319020873
2.1198806319020873
2.1198806319020873
2.1198806319020873
2.1198806319020873
2.1198806319020873
2.1198806319020873
2.1198806319020873
2.1198806319020873
2.1198806319020873
2.1198806319020873
2.1198806319020873
2.1198806319020873
2.1198806319020873
2.1198806319020873
2.1198806319020873
2.1198806319020873
2.1198806319020873
2.1198806319020873
1.7011828585590925
2.0642072460101573
2.099984050976215
2.099984050976215
2.099984050976215
2.099984050976215
2.099984050976215
2.099984050976215
2.099984050976215
2.099984050976215
2.099984050976215
2.099984050976215
2.099984050976215
2.099984050976215
2.099984050976215
2.099984050976215
2.099984050976215
2.099984050976215
2.099984050976215
2.099984050976215
2.099984050976215
2.099984050976215
2.099984050976215
2.099984050976215
2.099984050976215
1.7011828585590925
2.0493622144607286
2.1276490894866544
2.1276490894866544
2.1276490894866544
2.1276490894866544
2.1276490894866544
2.1276490894866544
2.1276490894866544
2.1276490894866544
2.1276490894866544
2.1276490894866544
2.1276490894866544
2.1276490894866544
2.1276490894866544
2.1276490894866544
2.1276490894866544
2.1276490894866544
2.1276490894866544
2.1276490894866544
2.1276490894866544
2.1276490894866544
2.1276490894866544
2.1276490894866544
2.1276490894866544
1.7011828585590925
2.0312315264399734
2.0563962687969224
2.0563962687969224
2.0563962687969224
2.0563962687969224
2.0563962687969224
2.0563962687969224
2.0563962687969224
2.0563962687969224
2.0563962687969224
2.0563962687969224
2.0563962687969224
2.0563962687969224
2.0563962687969224
2.0563962687969224
2.0563962687969224
2.0563962687969224
2.0563962687969224
2.076751900278342
2.0886462410588598
2.0886462410588598
2.0886462410588598
2.0886462410588598
2.0886462410588598
1.7011828585590925
2.0724968848509873
2.081006915705697
2.081006915705697
2.087984948041196
2.087984948041196
2.087984948041196
2.087984948041196
2.087984948041196
2.087984948041196
2.087984948041196
2.087984948041196
2.087984948041196
2.087984948041196
2.087984948041196
2.087984948041196
2.087984948041196
2.087984948041196
2.087984948041196
2.087984948041196
2.087984948041196
2.087984948041196
2.087984948041196
2.087984948041196
2.087984948041196
1.7011828585590925
2.0835289524198464
2.104254892365465
2.104254892365465
2.104254892365465
2.104254892365465
2.104254892365465
2.104254892365465
2.1210545620610044
2.1210545620610044
2.1210545620610044
2.1210545620610044
2.1210545620610044
2.1210545620610044
2.1210545620610044
2.1210545620610044
2.1210545620610044
2.1210545620610044
2.1210545620610044
2.1210545620610044
2.1210545620610044
2.1210545620610044
2.1210545620610044
2.1210545620610044
2.1210545620610044
1.7011828585590925
2.0277182852291338
2.1276490894866544
2.1276490894866544
2.1276490894866544
2.1276490894866544
2.1276490894866544
2.1276490894866544
2.1276490894866544
2.1276490894866544
2.1276490894866544
2.1276490894866544
2.1276490894866544
2.1276490894866544
2.1276490894866544
2.1276490894866544
2.1276490894866544
2.1276490894866544
2.1276490894866544
2.1276490894866544
2.1276490894866544
2.1276490894866544
2.1276490894866544
2.1276490894866544
2.1276490894866544
1.7011828585590925
2.097806585401236
2.1276490894866544
2.1276490894866544
2.1276490894866544
2.1276490894866544
2.1276490894866544
2.1276490894866544
2.1276490894866544
2.1276490894866544
2.1276490894866544
2.1276490894866544
2.1276490894866544
2.1276490894866544
2.1276490894866544
2.1276490894866544
2.1276490894866544
2.1276490894866544
2.1276490894866544
2.1276490894866544
2.1276490894866544
2.1276490894866544
2.1276490894866544
2.1276490894866544
2.1276490894866544
1.7011828585590925
2.126100002737428
2.126100002737428
2.126100002737428
2.126100002737428
2.126100002737428
2.126100002737428
2.126100002737428
2.126100002737428
2.126100002737428
2.126100002737428
2.126100002737428
2.126100002737428
2.128847389722476
2.128847389722476
2.128847389722476
2.128847389722476
2.128847389722476
2.128847389722476
2.128847389722476
2.128847389722476
2.128847389722476
2.128847389722476
2.128847389722476
2.128847389722476
1.7011828585590925
2.060555066184784
2.0794749171864866
2.0794749171864866
2.0794749171864866
2.0794749171864866
2.0794749171864866
2.0794749171864866
2.0794749171864866
2.0794749171864866
2.0794749171864866
2.0794749171864866
2.0794749171864866
2.0794749171864866
2.0794749171864866
2.0794749171864866
2.0794749171864866
2.0794749171864866
2.0794749171864866
2.0794749171864866
2.0794749171864866
2.0794749171864866
2.0794749171864866
2.0794749171864866
2.0794749171864866
1.7011828585590925
2.1198806319020873
2.1198806319020873
2.1198806319020873
2.1198806319020873
2.1198806319020873
2.1198806319020873
2.1198806319020873
2.1198806319020873
2.1198806319020873
2.1198806319020873
2.1198806319020873
2.1198806319020873
2.1198806319020873
2.1198806319020873
2.1198806319020873
2.1198806319020873
2.1198806319020873
2.1198806319020873
2.1198806319020873
2.1198806319020873
2.1198806319020873
2.1198806319020873
2.1198806319020873
2.1198806319020873
1.7011828585590925
2.0529340022085045
2.095601165585576
2.095616991547472
2.099863462859818
2.099863462859818
2.099863462859818
2.099863462859818
2.099863462859818
2.099863462859818
2.099863462859818
2.099863462859818
2.099863462859818
2.099863462859818
2.099863462859818
2.099863462859818
2.099863462859818
2.099863462859818
2.099863462859818
2.099863462859818
2.099863462859818
2.099863462859818
2.099863462859818
2.099863462859818
2.099863462859818
1.7011828585590925
1.9940349610573511
1.9940349610573511
1.9940349610573511
1.9940349610573511
1.9940349610573511
1.9940349610573511
1.9940349610573511
1.9940349610573511
1.9940349610573511
1.9940349610573511
1.9940349610573511
1.9940349610573511
1.9940349610573511
1.9940349610573511
1.9940349610573511
1.9940349610573511
1.9940349610573511
1.9940349610573511
1.9940349610573511
1.9940349610573511
1.9940349610573511
1.9940349610573511
1.9940349610573511
1.9940349610573511
1.7011828585590925
2.0125930477098635
2.0877754237321926
2.087855815809791
2.0878729040398074
2.087953296117405
2.087953296117405
2.087953296117405
2.087953296117405
2.087953296117405
2.087953296117405
2.087953296117405
2.087953296117405
2.087953296117405
2.087953296117405
2.087953296117405
2.087953296117405
2.087953296117405
2.087953296117405
2.087953296117405
2.087953296117405
2.087953296117405
2.087953296117405
2.087953296117405
2.087953296117405
1.7011828585590925
2.0555096255083605
2.119041578324331
2.126100002737428
2.128847389722476
2.128847389722476
2.128847389722476
2.128847389722476
2.128847389722476
2.128847389722476
2.128847389722476
2.128847389722476
2.128847389722476
2.128847389722476
2.128847389722476
2.128847389722476
2.128847389722476
2.128847389722476
2.128847389722476
2.128847389722476
2.128847389722476
2.128847389722476
2.128847389722476
2.128847389722476
2.128847389722476
1.7011828585590925
2.1276490894866544
2.1276490894866544
2.1276490894866544
2.1276490894866544
2.1276490894866544
2.1276490894866544
2.1276490894866544
2.1276490894866544
2.1276490894866544
2.1276490894866544
2.1276490894866544
2.1276490894866544
2.1276490894866544
2.1276490894866544
2.1276490894866544
2.1276490894866544
2.1276490894866544
2.1276490894866544
2.1276490894866544
2.1276490894866544
2.1276490894866544
2.1276490894866544
2.1276490894866544
2.1276490894866544
1.7011828585590925
2.009861486686711
2.0422794199707277
2.0422794199707277
2.0422794199707277
2.0422794199707277
2.0422794199707277
2.0422794199707277
2.045187591110972
2.045187591110972
2.0724968848509877
2.0724968848509877
2.0724968848509877
2.0724968848509877
2.0724968848509877
2.0724968848509877
2.0724968848509877
2.0724968848509877
2.0724968848509877
2.0724968848509877
2.0724968848509877
2.0724968848509877
2.0724968848509877
2.0724968848509877
2.0724968848509877
1.7011828585590925
2.0222222489909174
2.1276490894866544
2.1276490894866544
2.1276490894866544
2.1276490894866544
2.1276490894866544
2.1276490894866544
2.1276490894866544
2.1276490894866544
2.1276490894866544
2.1276490894866544
2.1276490894866544
2.1276490894866544
2.1276490894866544
2.1276490894866544
2.1276490894866544
2.1276490894866544
2.1276490894866544
2.1276490894866544
2.1276490894866544
2.1276490894866544
2.1276490894866544
2.1276490894866544
2.1276490894866544
1.7011828585590925
2.066849870840704
2.099863462859818
2.099863462859818
2.099863462859818
2.099863462859818
2.099863462859818
2.099863462859818
2.099863462859818
2.099863462859818
2.099863462859818
2.099863462859818
2.099863462859818
2.099863462859818
2.099863462859818
2.099863462859818
2.099863462859818
2.099863462859818
2.099863462859818
2.099863462859818
2.099863462859818
2.099863462859818
2.099863462859818
2.099863462859818
2.099863462859818
