1.7011828585590925
2.055697215155448
2.1198806319020873
2.1198806319020873
2.1198806319020873
2.1198806319020873
2.1198806319020873
2.1198806319020873
2.1198806319020873
2.1198806319020873
2.1198806319020873
2.1198806319020873
2.1198806319020873
2.1198806319020873
2.1198806319020873
2.1198806319020873
2.1198806319020873
2.1198806319020873
2.1198806319020873
2.1198806319020873
2.1198806319020873
2.1198806319020873
2.1198806319020873
2.1198806319020873
2.1198806319020873
1.7011828585590925
2.0642072460101573
2.099984050976215
2.099984050976215
2.099984050976215
2.099984050976215
2.099984050976215
2.099984050976215
2.099984050976215
2.099984050976215
2.099984050976215
2.099984050976215
2.099984050976215
2.099984050976215
2.099984050976215
2.099984050976215
2.099984050976215
2.099984050976215
2.099984050976215
2.099984050976215
2.099984050976215
2.099984050976215
2.099984050976215
2.099984050976215
2.099984050976215
1.7011828585590925
2.0493622144607286
2.1276490894866544
2.1276490894866544
2.1276490894866544
2.1276490894866544
2.1276490894866544
2.1276490894866544
2.1276490894866544
2.1276490894866544
2.1276490894866544
2.1276490894866544
2.1276490894866544
2.1276490894866544
2.1276490894866544
2.1276490894866544
2.1276490894866544
2.1276490894866544
2.1276490894866544
2.1276490894866544
2.1276490894866544
2.1276490894866544
2.1276490894866544
2.1276490894866544
2.1276490894866544
