0.7402597402597403	-0.19004585843639463
0.7727272727272727	-0.19717306545841276
0.7597402597402597	-0.19432996493160576
0.7532467532467533	-0.1909096067734717
0.7597402597402597	-0.19432996493160576
0.7597402597402597	-0.19432996493160576
0.7597402597402597	-0.19432996493160576
0.7597402597402597	-0.19432996493160576
0.7727272727272727	-0.19717306545841276
0.7727272727272727	-0.19717306545841276
0.7597402597402597	-0.19432996493160576
0.7597402597402597	-0.19432996493160576
0.7597402597402597	-0.19432996493160576
0.7597402597402597	-0.19432996493160576
0.7597402597402597	-0.19432996493160576
0.7597402597402597	-0.19432996493160576
0.7597402597402597	-0.19432996493160576
0.7727272727272727	-0.19717306545841276
0.7727272727272727	-0.19717306545841276
0.7597402597402597	-0.19432996493160576
0.7727272727272727	-0.19717306545841276
0.7597402597402597	-0.19432996493160576
0.7727272727272727	-0.19717306545841276
0.7597402597402597	-0.19432996493160576
0.7597402597402597	-0.19432996493160576
0.7597402597402597	-0.19432996493160576
0.7727272727272727	-0.19717306545841276
0.7597402597402597	-0.19432996493160576
0.7597402597402597	-0.19432996493160576
0.7727272727272727	-0.19717306545841276
0.7597402597402597	-0.19432996493160576
0.7597402597402597	-0.19432996493160576
0.7597402597402597	-0.19432996493160576
0.7597402597402597	-0.19432996493160576
0.7597402597402597	-0.19432996493160576
0.7597402597402597	-0.19432996493160576
0.7727272727272727	-0.19717306545841276
0.7597402597402597	-0.19432996493160576
0.7727272727272727	-0.19717306545841276
0.7727272727272727	-0.19717306545841276
0.7597402597402597	-0.19432996493160576
0.7727272727272727	-0.19717306545841276
0.7597402597402597	-0.19432996493160576
0.7597402597402597	-0.19432996493160576
0.7727272727272727	-0.19717306545841276
0.7402597402597403	-0.19004585843639463
0.7727272727272727	-0.19717306545841276
0.7597402597402597	-0.19432996493160576
0.7727272727272727	-0.19717306545841276
0.7727272727272727	-0.19717306545841276
0.7597402597402597	-0.19432996493160576
0.7727272727272727	-0.19717306545841276
0.7727272727272727	-0.19717306545841276
0.7597402597402597	-0.19432996493160576
0.7727272727272727	-0.19717306545841276
0.7597402597402597	-0.19432996493160576
0.7597402597402597	-0.19432996493160576
0.7727272727272727	-0.19717306545841276
0.7597402597402597	-0.19432996493160576
0.7597402597402597	-0.19432996493160576
0.7597402597402597	-0.19432996493160576
0.7727272727272727	-0.19717306545841276
0.7727272727272727	-0.19717306545841276
0.7597402597402597	-0.19432996493160576
0.7727272727272727	-0.19717306545841276
0.7727272727272727	-0.19717306545841276
0.7727272727272727	-0.19717306545841276
0.7532467532467533	-0.1909096067734717
0.7597402597402597	-0.19432996493160576
0.7727272727272727	-0.19717306545841276
0.7597402597402597	-0.19432996493160576
0.7597402597402597	-0.19432996493160576
0.7727272727272727	-0.19717306545841276
0.7727272727272727	-0.19717306545841276
0.7597402597402597	-0.19432996493160576
0.7597402597402597	-0.19432996493160576
0.7532467532467533	-0.1909096067734717
0.7597402597402597	-0.19432996493160576
0.7727272727272727	-0.19717306545841276
0.7727272727272727	-0.19717306545841276
0.7597402597402597	-0.19432996493160576
0.7597402597402597	-0.19432996493160576
0.7597402597402597	-0.19432996493160576
0.7597402597402597	-0.19432996493160576
0.7727272727272727	-0.19717306545841276
0.7727272727272727	-0.19717306545841276
0.7597402597402597	-0.19432996493160576
0.7727272727272727	-0.19717306545841276
0.7597402597402597	-0.19432996493160576
0.7597402597402597	-0.19432996493160576
0.7597402597402597	-0.19432996493160576
0.7597402597402597	-0.19432996493160576
0.7597402597402597	-0.19432996493160576
0.7597402597402597	-0.19432996493160576
0.7727272727272727	-0.19717306545841276
0.7727272727272727	-0.19717306545841276
0.7597402597402597	-0.19432996493160576
0.7727272727272727	-0.19717306545841276
0.7727272727272727	-0.19717306545841276
0.7727272727272727	-0.19717306545841276
0.7727272727272727	-0.19717306545841276
0.7597402597402597	-0.19432996493160576
0.7597402597402597	-0.19432996493160576
0.7727272727272727	-0.19717306545841276
0.7597402597402597	-0.19432996493160576
0.7727272727272727	-0.19717306545841276
0.7597402597402597	-0.19432996493160576
0.7597402597402597	-0.19432996493160576
0.7727272727272727	-0.19717306545841276
0.7597402597402597	-0.19432996493160576
0.7727272727272727	-0.19717306545841276
0.7597402597402597	-0.19432996493160576
0.7727272727272727	-0.19717306545841276
0.7597402597402597	-0.19432996493160576
0.7597402597402597	-0.19432996493160576
0.7597402597402597	-0.19432996493160576
0.7727272727272727	-0.19717306545841276
0.7727272727272727	-0.19717306545841276
0.7532467532467533	-0.1909096067734717
0.7597402597402597	-0.19432996493160576
0.7727272727272727	-0.19717306545841276
0.7597402597402597	-0.19432996493160576
0.7597402597402597	-0.19432996493160576
0.7727272727272727	-0.19717306545841276
0.7727272727272727	-0.19717306545841276
0.7597402597402597	-0.19432996493160576
0.7727272727272727	-0.19717306545841276
0.7597402597402597	-0.19432996493160576
0.7727272727272727	-0.19717306545841276
0.7727272727272727	-0.19717306545841276
0.7727272727272727	-0.19717306545841276
0.7597402597402597	-0.19432996493160576
0.7727272727272727	-0.19717306545841276
0.7597402597402597	-0.19432996493160576
0.7727272727272727	-0.19717306545841276
0.7727272727272727	-0.19717306545841276
0.7597402597402597	-0.19432996493160576
0.7727272727272727	-0.19717306545841276
0.7727272727272727	-0.19717306545841276
0.7727272727272727	-0.19717306545841276
0.7727272727272727	-0.19717306545841276
0.7597402597402597	-0.19432996493160576
0.7727272727272727	-0.19717306545841276
0.7597402597402597	-0.19432996493160576
0.7727272727272727	-0.19717306545841276
0.7597402597402597	-0.19432996493160576
0.7597402597402597	-0.19432996493160576
0.7597402597402597	-0.19432996493160576
0.7597402597402597	-0.19432996493160576
0.7597402597402597	-0.19432996493160576
0.7727272727272727	-0.19717306545841276
0.7597402597402597	-0.19432996493160576
0.7597402597402597	-0.19432996493160576
0.7727272727272727	-0.19717306545841276
0.7597402597402597	-0.19432996493160576
0.7597402597402597	-0.19432996493160576
0.7597402597402597	-0.19432996493160576
0.7597402597402597	-0.19432996493160576
0.7727272727272727	-0.19717306545841276
0.7597402597402597	-0.19432996493160576
0.7597402597402597	-0.19432996493160576
0.7597402597402597	-0.19432996493160576
0.7597402597402597	-0.19432996493160576
0.7727272727272727	-0.19717306545841276
0.7727272727272727	-0.19717306545841276
0.7727272727272727	-0.19717306545841276
0.7597402597402597	-0.19432996493160576
0.7727272727272727	-0.19717306545841276
0.7597402597402597	-0.19432996493160576
0.7597402597402597	-0.19432996493160576
0.7727272727272727	-0.19717306545841276
0.7727272727272727	-0.19717306545841276
0.7727272727272727	-0.19717306545841276
0.7597402597402597	-0.19432996493160576
0.7597402597402597	-0.19432996493160576
0.7727272727272727	-0.19717306545841276
0.7597402597402597	-0.19432996493160576
0.7597402597402597	-0.19432996493160576
0.7727272727272727	-0.19717306545841276
0.7597402597402597	-0.19432996493160576
0.7597402597402597	-0.19432996493160576
0.7597402597402597	-0.19432996493160576
0.7597402597402597	-0.19432996493160576
0.7727272727272727	-0.19717306545841276
0.7727272727272727	-0.19717306545841276
0.7727272727272727	-0.19717306545841276
0.7597402597402597	-0.19432996493160576
0.7727272727272727	-0.19717306545841276
0.7727272727272727	-0.19717306545841276
0.7727272727272727	-0.19717306545841276
0.7597402597402597	-0.19432996493160576
0.7597402597402597	-0.19432996493160576
0.7597402597402597	-0.19432996493160576
0.7597402597402597	-0.19432996493160576
0.7597402597402597	-0.19432996493160576
0.7532467532467533	-0.1909096067734717
0.7727272727272727	-0.19717306545841276
0.7727272727272727	-0.19717306545841276
0.7597402597402597	-0.19432996493160576
0.7597402597402597	-0.19432996493160576
