1.7011828585590925
2.058460428102391
2.0984118564182057
2.104158674325972
2.1276490894866544
2.1276490894866544
2.1276490894866544
2.1276490894866544
2.1276490894866544
2.1276490894866544
2.1276490894866544
2.1276490894866544
2.1276490894866544
2.1276490894866544
2.1276490894866544
2.1276490894866544
2.1276490894866544
2.1276490894866544
2.1276490894866544
2.1276490894866544
2.1276490894866544
2.1276490894866544
2.1276490894866544
2.1276490894866544
2.1276490894866544
1.7011828585590925
2.0984435083419966
2.119041578324331
2.119041578324331
2.119041578324331
2.119041578324331
2.119041578324331
2.119041578324331
2.119041578324331
2.119041578324331
2.119041578324331
2.119041578324331
2.119041578324331
2.119041578324331
2.119041578324331
2.119041578324331
2.119041578324331
2.119041578324331
2.119041578324331
2.119041578324331
2.119041578324331
2.119041578324331
2.119041578324331
2.119041578324331
2.119041578324331
