1.7011828585590925
2.058460428102391
2.0984118564182057
2.104158674325972
2.1276490894866544
2.1276490894866544
2.1276490894866544
2.1276490894866544
2.1276490894866544
2.1276490894866544
2.1276490894866544
2.1276490894866544
2.1276490894866544
2.1276490894866544
2.1276490894866544
2.1276490894866544
2.1276490894866544
2.1276490894866544
2.1276490894866544
2.1276490894866544
2.1276490894866544
2.1276490894866544
2.1276490894866544
2.1276490894866544
2.1276490894866544
1.7011828585590925
2.0984435083419966
2.119041578324331
2.119041578324331
2.119041578324331
2.119041578324331
2.119041578324331
2.119041578324331
2.119041578324331
2.119041578324331
2.119041578324331
2.119041578324331
2.119041578324331
2.119041578324331
2.119041578324331
2.119041578324331
2.119041578324331
2.119041578324331
2.119041578324331
2.119041578324331
2.119041578324331
2.119041578324331
2.119041578324331
2.119041578324331
2.119041578324331
1.7011828585590925
1.9967506961186081
2.1106569837121283
2.1232734859429034
2.1232734859429034
2.1232734859429034
2.1232734859429034
2.1232734859429034
2.1232734859429034
2.1232734859429034
2.1232734859429034
2.1232734859429034
2.1232734859429034
2.1232734859429034
2.1232734859429034
2.1232734859429034
2.1232734859429034
2.1232734859429034
2.1232734859429034
2.1232734859429034
2.1232734859429034
2.1232734859429034
2.1232734859429034
2.1232734859429034
2.1232734859429034
1.7011828585590925
2.0348812708503594
2.1276490894866544
2.1276490894866544
2.1276490894866544
2.1276490894866544
2.1276490894866544
2.1276490894866544
2.1276490894866544
2.1276490894866544
2.1276490894866544
2.1276490894866544
2.1276490894866544
2.1276490894866544
2.1276490894866544
2.1276490894866544
2.1276490894866544
2.1276490894866544
2.1276490894866544
2.1276490894866544
2.1276490894866544
2.1276490894866544
2.1276490894866544
2.1276490894866544
2.1276490894866544
1.7011828585590925
2.0536488818118745
2.082739901264018
2.099984050976215
2.099984050976215
2.099984050976215
2.099984050976215
2.099984050976215
2.099984050976215
2.099984050976215
2.099984050976215
2.099984050976215
2.099984050976215
2.099984050976215
2.099984050976215
2.099984050976215
2.099984050976215
2.099984050976215
2.099984050976215
2.099984050976215
2.099984050976215
2.099984050976215
2.099984050976215
2.099984050976215
2.099984050976215
1.7011828585590925
2.069733671904044
2.119041578324331
2.119041578324331
2.119041578324331
2.119041578324331
2.119041578324331
2.119041578324331
2.119041578324331
2.119041578324331
2.119041578324331
2.119041578324331
2.119041578324331
2.119041578324331
2.119041578324331
2.119041578324331
2.119041578324331
2.119041578324331
2.119041578324331
2.119041578324331
2.119041578324331
2.119041578324331
2.119041578324331
2.119041578324331
2.119041578324331
1.7011828585590925
1.980925432757369
2.133997480728281
2.133997480728281
2.1459965836632997
2.1459965836632997
2.1459965836632997
2.1459965836632997
2.1459965836632997
2.1459965836632997
2.1459965836632997
2.1459965836632997
2.1459965836632997
2.1459965836632997
2.1459965836632997
2.1459965836632997
2.1459965836632997
2.1459965836632997
2.1459965836632997
2.1459965836632997
2.1459965836632997
2.1459965836632997
2.1459965836632997
2.1459965836632997
2.1459965836632997
1.7011828585590925
2.0125930477098635
2.0376128318735116
2.0509014948268267
2.0509014948268267
2.0626594215290517
2.0626594215290517
2.0626594215290517
2.0626594215290517
2.0626594215290517
2.0626594215290517
2.0626594215290517
2.0626594215290517
2.0626594215290517
2.0626594215290517
2.0626594215290517
2.0626594215290517
2.0626594215290517
2.0626594215290517
2.0626594215290517
2.0626594215290517
2.0626594215290517
2.0626594215290517
2.0626594215290517
2.0626594215290517
1.7011828585590925
2.0403443928966647
2.0724968848509877
2.0724968848509877
2.0724968848509877
2.0724968848509877
2.0724968848509877
2.0724968848509877
2.0724968848509877
2.0724968848509877
2.0724968848509877
2.0724968848509877
2.0724968848509877
2.0724968848509877
2.0724968848509877
2.0724968848509877
2.0724968848509877
2.0724968848509877
2.0724968848509877
2.0724968848509877
2.0724968848509877
2.0724968848509877
2.0724968848509877
2.0724968848509877
2.0724968848509877
1.7011828585590925
2.0306031476142214
2.1276490894866544
2.1276490894866544
2.1276490894866544
2.1276490894866544
2.1276490894866544
2.1276490894866544
2.1276490894866544
2.1276490894866544
2.1276490894866544
2.1276490894866544
2.1276490894866544
2.1276490894866544
2.1276490894866544
2.1276490894866544
2.1276490894866544
2.1276490894866544
2.1276490894866544
2.1276490894866544
2.1276490894866544
2.1276490894866544
2.1276490894866544
2.1276490894866544
2.1276490894866544
1.7011828585590925
2.0984435083419966
2.119041578324331
2.119041578324331
2.119041578324331
2.119041578324331
2.119041578324331
2.119041578324331
2.119041578324331
2.119041578324331
2.119041578324331
2.119041578324331
2.119041578324331
2.119041578324331
2.119041578324331
2.119041578324331
2.119041578324331
2.119041578324331
2.119041578324331
2.119041578324331
2.119041578324331
2.119041578324331
2.119041578324331
2.119041578324331
2.119041578324331
1.7011828585590925
2.0865333415995835
2.0984435083419966
2.119041578324331
2.119041578324331
2.119041578324331
2.119041578324331
2.119041578324331
2.119041578324331
2.119041578324331
2.119041578324331
2.119041578324331
2.119041578324331
2.119041578324331
2.119041578324331
2.119041578324331
2.119041578324331
2.119041578324331
2.119041578324331
2.119041578324331
2.119041578324331
2.119041578324331
2.119041578324331
2.119041578324331
2.119041578324331
1.7011828585590925
2.038034210926502
2.065213110166992
2.0830881632411824
2.0830881632411824
2.0830881632411824
2.0830881632411824
2.0830881632411824
2.0830881632411824
2.0830881632411824
2.0830881632411824
2.0830881632411824
2.0830881632411824
2.0830881632411824
2.0830881632411824
2.0830881632411824
2.0830881632411824
2.0830881632411824
2.0830881632411824
2.0830881632411824
2.0830881632411824
2.0830881632411824
2.0830881632411824
2.0830881632411824
2.0830881632411824
1.7011828585590925
1.996485149808911
2.119041578324331
2.119041578324331
2.126100002737428
2.177634308987757
2.177634308987757
2.177634308987757
2.177634308987757
2.177634308987757
2.177634308987757
2.177634308987757
2.177634308987757
2.177634308987757
2.177634308987757
2.177634308987757
2.177634308987757
2.177634308987757
2.177634308987757
2.177634308987757
2.177634308987757
2.177634308987757
2.177634308987757
2.177634308987757
2.177634308987757
