1.7011828585590925
2.058460428102391
2.0984118564182057
2.104158674325972
2.1276490894866544
2.1276490894866544
2.1276490894866544
2.1276490894866544
2.1276490894866544
2.1276490894866544
2.1276490894866544
2.1276490894866544
2.1276490894866544
2.1276490894866544
2.1276490894866544
2.1276490894866544
2.1276490894866544
2.1276490894866544
2.1276490894866544
2.1276490894866544
2.1276490894866544
2.1276490894866544
2.1276490894866544
2.1276490894866544
2.1276490894866544
1.7011828585590925
2.0984435083419966
2.119041578324331
2.119041578324331
2.119041578324331
2.119041578324331
2.119041578324331
2.119041578324331
2.119041578324331
2.119041578324331
2.119041578324331
2.119041578324331
2.119041578324331
2.119041578324331
2.119041578324331
2.119041578324331
2.119041578324331
2.119041578324331
2.119041578324331
2.119041578324331
2.119041578324331
2.119041578324331
2.119041578324331
2.119041578324331
2.119041578324331
1.7011828585590925
1.9967506961186081
2.1106569837121283
2.1232734859429034
2.1232734859429034
2.1232734859429034
2.1232734859429034
2.1232734859429034
2.1232734859429034
2.1232734859429034
2.1232734859429034
2.1232734859429034
2.1232734859429034
2.1232734859429034
2.1232734859429034
2.1232734859429034
2.1232734859429034
2.1232734859429034
2.1232734859429034
2.1232734859429034
2.1232734859429034
2.1232734859429034
2.1232734859429034
2.1232734859429034
2.1232734859429034
1.7011828585590925
2.0348812708503594
2.1276490894866544
2.1276490894866544
2.1276490894866544
2.1276490894866544
2.1276490894866544
2.1276490894866544
2.1276490894866544
2.1276490894866544
2.1276490894866544
2.1276490894866544
2.1276490894866544
2.1276490894866544
2.1276490894866544
2.1276490894866544
2.1276490894866544
2.1276490894866544
2.1276490894866544
2.1276490894866544
2.1276490894866544
2.1276490894866544
2.1276490894866544
2.1276490894866544
2.1276490894866544
1.7011828585590925
2.0536488818118745
2.082739901264018
2.099984050976215
2.099984050976215
2.099984050976215
2.099984050976215
2.099984050976215
2.099984050976215
2.099984050976215
2.099984050976215
2.099984050976215
2.099984050976215
2.099984050976215
2.099984050976215
2.099984050976215
2.099984050976215
2.099984050976215
2.099984050976215
2.099984050976215
2.099984050976215
2.099984050976215
2.099984050976215
2.099984050976215
2.099984050976215
1.7011828585590925
2.069733671904044
2.119041578324331
2.119041578324331
2.119041578324331
2.119041578324331
2.119041578324331
2.119041578324331
2.119041578324331
2.119041578324331
2.119041578324331
2.119041578324331
2.119041578324331
2.119041578324331
2.119041578324331
2.119041578324331
2.119041578324331
2.119041578324331
2.119041578324331
2.119041578324331
2.119041578324331
2.119041578324331
2.119041578324331
2.119041578324331
2.119041578324331
1.7011828585590925
1.980925432757369
2.133997480728281
2.133997480728281
2.1459965836632997
2.1459965836632997
2.1459965836632997
2.1459965836632997
2.1459965836632997
2.1459965836632997
2.1459965836632997
2.1459965836632997
2.1459965836632997
2.1459965836632997
2.1459965836632997
2.1459965836632997
2.1459965836632997
2.1459965836632997
2.1459965836632997
2.1459965836632997
2.1459965836632997
2.1459965836632997
2.1459965836632997
2.1459965836632997
2.1459965836632997
