0.7444444444444445	-0.21721613131939127
0.7666666666666667	-0.22736195924769964
0.7611111111111111	-0.22463871632614588
0.7555555555555555	-0.22167775753153912
0.75	-0.2201268248702821
0.7611111111111111	-0.22463871632614588
0.7611111111111111	-0.22463871632614588
0.7611111111111111	-0.22463871632614588
0.7666666666666667	-0.22736195924769964
0.7611111111111111	-0.22463871632614588
0.7611111111111111	-0.22463871632614588
0.7611111111111111	-0.22463871632614588
0.7611111111111111	-0.22463871632614588
0.7666666666666667	-0.22736195924769964
0.7611111111111111	-0.22463871632614588
0.7611111111111111	-0.22463871632614588
0.7666666666666667	-0.22736195924769964
0.7666666666666667	-0.22736195924769964
0.7611111111111111	-0.22463871632614588
0.7611111111111111	-0.22463871632614588
0.7611111111111111	-0.22463871632614588
0.7666666666666667	-0.22736195924769964
0.7611111111111111	-0.22463871632614588
0.7611111111111111	-0.22463871632614588
0.7611111111111111	-0.22463871632614588
0.7611111111111111	-0.22463871632614588
0.7611111111111111	-0.22463871632614588
0.7611111111111111	-0.22463871632614588
0.7611111111111111	-0.22463871632614588
0.7666666666666667	-0.22736195924769964
0.7611111111111111	-0.22463871632614588
0.7611111111111111	-0.22463871632614588
0.7666666666666667	-0.22736195924769964
0.7666666666666667	-0.22736195924769964
0.7611111111111111	-0.22463871632614588
0.7611111111111111	-0.22463871632614588
0.7666666666666667	-0.22736195924769964
0.7611111111111111	-0.22463871632614588
0.7666666666666667	-0.22736195924769964
0.7611111111111111	-0.22463871632614588
0.7611111111111111	-0.22463871632614588
0.7611111111111111	-0.22463871632614588
0.7611111111111111	-0.22463871632614588
0.7611111111111111	-0.22463871632614588
0.7611111111111111	-0.22463871632614588
0.7611111111111111	-0.22463871632614588
0.7611111111111111	-0.22463871632614588
0.7611111111111111	-0.22463871632614588
0.7611111111111111	-0.22463871632614588
0.7611111111111111	-0.22463871632614588
0.7666666666666667	-0.22736195924769964
0.7611111111111111	-0.22463871632614588
0.7611111111111111	-0.22463871632614588
0.7611111111111111	-0.22463871632614588
0.7611111111111111	-0.22463871632614588
0.7611111111111111	-0.22463871632614588
0.7611111111111111	-0.22463871632614588
0.7611111111111111	-0.22463871632614588
0.7611111111111111	-0.22463871632614588
0.7611111111111111	-0.22463871632614588
0.7611111111111111	-0.22463871632614588
0.7611111111111111	-0.22463871632614588
0.7611111111111111	-0.22463871632614588
0.7611111111111111	-0.22463871632614588
0.7611111111111111	-0.22463871632614588
0.7611111111111111	-0.22463871632614588
0.7666666666666667	-0.22736195924769964
0.7666666666666667	-0.22736195924769964
0.7611111111111111	-0.22463871632614588
0.7611111111111111	-0.22463871632614588
0.7666666666666667	-0.22736195924769964
0.7611111111111111	-0.22463871632614588
0.7666666666666667	-0.22736195924769964
0.7611111111111111	-0.22463871632614588
0.7611111111111111	-0.22463871632614588
0.7611111111111111	-0.22463871632614588
0.7611111111111111	-0.22463871632614588
0.7611111111111111	-0.22463871632614588
0.7611111111111111	-0.22463871632614588
0.7666666666666667	-0.22736195924769964
0.7611111111111111	-0.22463871632614588
0.7666666666666667	-0.22736195924769964
0.7611111111111111	-0.22463871632614588
0.7611111111111111	-0.22463871632614588
0.7611111111111111	-0.22463871632614588
0.7666666666666667	-0.22736195924769964
0.7611111111111111	-0.22463871632614588
0.7611111111111111	-0.22463871632614588
0.7611111111111111	-0.22463871632614588
0.7611111111111111	-0.22463871632614588
0.7611111111111111	-0.22463871632614588
0.7611111111111111	-0.22463871632614588
0.7611111111111111	-0.22463871632614588
0.7611111111111111	-0.22463871632614588
0.7666666666666667	-0.22736195924769964
0.7611111111111111	-0.22463871632614588
0.7611111111111111	-0.22463871632614588
0.7666666666666667	-0.22736195924769964
0.7666666666666667	-0.22736195924769964
0.7611111111111111	-0.22463871632614588
0.7611111111111111	-0.22463871632614588
0.7611111111111111	-0.22463871632614588
0.7611111111111111	-0.22463871632614588
0.7611111111111111	-0.22463871632614588
0.7611111111111111	-0.22463871632614588
0.7611111111111111	-0.22463871632614588
0.7611111111111111	-0.22463871632614588
0.7611111111111111	-0.22463871632614588
0.7611111111111111	-0.22463871632614588
0.7611111111111111	-0.22463871632614588
0.7611111111111111	-0.22463871632614588
0.7611111111111111	-0.22463871632614588
0.7611111111111111	-0.22463871632614588
0.7611111111111111	-0.22463871632614588
0.7611111111111111	-0.22463871632614588
0.7611111111111111	-0.22463871632614588
0.7611111111111111	-0.22463871632614588
0.7611111111111111	-0.22463871632614588
0.7611111111111111	-0.22463871632614588
0.7611111111111111	-0.22463871632614588
0.7611111111111111	-0.22463871632614588
0.7611111111111111	-0.22463871632614588
0.7611111111111111	-0.22463871632614588
0.7611111111111111	-0.22463871632614588
0.7611111111111111	-0.22463871632614588
0.7666666666666667	-0.22736195924769964
0.7611111111111111	-0.22463871632614588
0.7611111111111111	-0.22463871632614588
0.7611111111111111	-0.22463871632614588
0.7611111111111111	-0.22463871632614588
0.7611111111111111	-0.22463871632614588
0.7611111111111111	-0.22463871632614588
0.7611111111111111	-0.22463871632614588
0.7611111111111111	-0.22463871632614588
0.7444444444444445	-0.21721613131939127
0.7611111111111111	-0.22463871632614588
0.7611111111111111	-0.22463871632614588
0.7611111111111111	-0.22463871632614588
0.7611111111111111	-0.22463871632614588
0.7611111111111111	-0.22463871632614588
0.7611111111111111	-0.22463871632614588
0.7666666666666667	-0.22736195924769964
0.7611111111111111	-0.22463871632614588
0.7611111111111111	-0.22463871632614588
0.7611111111111111	-0.22463871632614588
0.7611111111111111	-0.22463871632614588
0.7611111111111111	-0.22463871632614588
0.7611111111111111	-0.22463871632614588
0.7611111111111111	-0.22463871632614588
0.7611111111111111	-0.22463871632614588
0.7611111111111111	-0.22463871632614588
0.7666666666666667	-0.22736195924769964
0.7611111111111111	-0.22463871632614588
0.7611111111111111	-0.22463871632614588
0.7611111111111111	-0.22463871632614588
0.7611111111111111	-0.22463871632614588
0.7611111111111111	-0.22463871632614588
0.7611111111111111	-0.22463871632614588
0.7611111111111111	-0.22463871632614588
0.7611111111111111	-0.22463871632614588
0.7611111111111111	-0.22463871632614588
0.7666666666666667	-0.22736195924769964
0.7611111111111111	-0.22463871632614588
0.7611111111111111	-0.22463871632614588
0.7611111111111111	-0.22463871632614588
0.7611111111111111	-0.22463871632614588
0.7611111111111111	-0.22463871632614588
0.7611111111111111	-0.22463871632614588
0.7666666666666667	-0.22736195924769964
0.7611111111111111	-0.22463871632614588
0.7611111111111111	-0.22463871632614588
0.7611111111111111	-0.22463871632614588
0.7666666666666667	-0.22736195924769964
0.7611111111111111	-0.22463871632614588
0.7666666666666667	-0.22736195924769964
0.7611111111111111	-0.22463871632614588
0.7611111111111111	-0.22463871632614588
0.7611111111111111	-0.22463871632614588
0.7666666666666667	-0.22736195924769964
0.7611111111111111	-0.22463871632614588
0.7611111111111111	-0.22463871632614588
0.7611111111111111	-0.22463871632614588
0.7611111111111111	-0.22463871632614588
0.7611111111111111	-0.22463871632614588
0.7611111111111111	-0.22463871632614588
0.7611111111111111	-0.22463871632614588
0.7611111111111111	-0.22463871632614588
0.7611111111111111	-0.22463871632614588
0.7611111111111111	-0.22463871632614588
0.7611111111111111	-0.22463871632614588
0.7611111111111111	-0.22463871632614588
0.7611111111111111	-0.22463871632614588
0.7611111111111111	-0.22463871632614588
0.7611111111111111	-0.22463871632614588
0.7611111111111111	-0.22463871632614588
0.7611111111111111	-0.22463871632614588
0.7611111111111111	-0.22463871632614588
0.7611111111111111	-0.22463871632614588
0.7611111111111111	-0.22463871632614588
0.7611111111111111	-0.22463871632614588
