0.7222222222222222	-0.22160098318781024
0.7444444444444445	-0.23275680255056097
0.7333333333333333	-0.22558411702315004
0.7388888888888889	-0.23023014903303882
0.7277777777777777	-0.22241651294329737
0.7388888888888889	-0.23023014903303882
0.7388888888888889	-0.23023014903303882
0.7444444444444445	-0.23275680255056097
0.7388888888888889	-0.23023014903303882
0.7388888888888889	-0.23023014903303882
0.7388888888888889	-0.23023014903303882
0.7388888888888889	-0.23023014903303882
0.7388888888888889	-0.23023014903303882
0.7388888888888889	-0.23023014903303882
0.7388888888888889	-0.23023014903303882
0.7388888888888889	-0.23023014903303882
0.7388888888888889	-0.23023014903303882
0.7388888888888889	-0.23023014903303882
0.7388888888888889	-0.23023014903303882
0.7388888888888889	-0.23023014903303882
0.7388888888888889	-0.23023014903303882
0.7388888888888889	-0.23023014903303882
0.7388888888888889	-0.23023014903303882
0.7388888888888889	-0.23023014903303882
0.7388888888888889	-0.23023014903303882
0.7388888888888889	-0.23023014903303882
0.7388888888888889	-0.23023014903303882
0.7388888888888889	-0.23023014903303882
0.7388888888888889	-0.23023014903303882
0.7222222222222222	-0.22160098318781024
0.7388888888888889	-0.23023014903303882
0.7388888888888889	-0.23023014903303882
0.7388888888888889	-0.23023014903303882
0.7388888888888889	-0.23023014903303882
0.7388888888888889	-0.23023014903303882
0.7388888888888889	-0.23023014903303882
0.7388888888888889	-0.23023014903303882
0.7388888888888889	-0.23023014903303882
0.7388888888888889	-0.23023014903303882
0.7388888888888889	-0.23023014903303882
0.7388888888888889	-0.23023014903303882
0.7388888888888889	-0.23023014903303882
0.7388888888888889	-0.23023014903303882
0.7388888888888889	-0.23023014903303882
0.7388888888888889	-0.23023014903303882
0.7388888888888889	-0.23023014903303882
0.7388888888888889	-0.23023014903303882
0.7388888888888889	-0.23023014903303882
0.7388888888888889	-0.23023014903303882
0.7388888888888889	-0.23023014903303882
0.7388888888888889	-0.23023014903303882
0.7388888888888889	-0.23023014903303882
0.7388888888888889	-0.23023014903303882
0.7388888888888889	-0.23023014903303882
0.7388888888888889	-0.23023014903303882
0.7388888888888889	-0.23023014903303882
0.7388888888888889	-0.23023014903303882
0.7388888888888889	-0.23023014903303882
0.7388888888888889	-0.23023014903303882
0.7388888888888889	-0.23023014903303882
0.7388888888888889	-0.23023014903303882
0.7388888888888889	-0.23023014903303882
0.7388888888888889	-0.23023014903303882
0.7388888888888889	-0.23023014903303882
0.7444444444444445	-0.23275680255056097
0.7388888888888889	-0.23023014903303882
0.7388888888888889	-0.23023014903303882
0.7388888888888889	-0.23023014903303882
0.7388888888888889	-0.23023014903303882
0.7388888888888889	-0.23023014903303882
0.7388888888888889	-0.23023014903303882
0.7388888888888889	-0.23023014903303882
0.7388888888888889	-0.23023014903303882
0.7388888888888889	-0.23023014903303882
0.7388888888888889	-0.23023014903303882
0.7388888888888889	-0.23023014903303882
0.7388888888888889	-0.23023014903303882
0.7388888888888889	-0.23023014903303882
0.7388888888888889	-0.23023014903303882
0.7388888888888889	-0.23023014903303882
0.7388888888888889	-0.23023014903303882
0.7388888888888889	-0.23023014903303882
0.7444444444444445	-0.23275680255056097
0.7388888888888889	-0.23023014903303882
0.7388888888888889	-0.23023014903303882
0.7388888888888889	-0.23023014903303882
0.7388888888888889	-0.23023014903303882
0.7388888888888889	-0.23023014903303882
0.7388888888888889	-0.23023014903303882
0.7388888888888889	-0.23023014903303882
0.7388888888888889	-0.23023014903303882
0.7388888888888889	-0.23023014903303882
0.7388888888888889	-0.23023014903303882
0.7388888888888889	-0.23023014903303882
0.7388888888888889	-0.23023014903303882
0.7388888888888889	-0.23023014903303882
0.7388888888888889	-0.23023014903303882
0.7388888888888889	-0.23023014903303882
0.7333333333333333	-0.22558411702315004
0.7388888888888889	-0.23023014903303882
0.7388888888888889	-0.23023014903303882
0.7388888888888889	-0.23023014903303882
0.7388888888888889	-0.23023014903303882
0.7388888888888889	-0.23023014903303882
0.7388888888888889	-0.23023014903303882
0.7388888888888889	-0.23023014903303882
0.7388888888888889	-0.23023014903303882
0.7388888888888889	-0.23023014903303882
0.7388888888888889	-0.23023014903303882
0.7388888888888889	-0.23023014903303882
0.7388888888888889	-0.23023014903303882
0.7388888888888889	-0.23023014903303882
0.7388888888888889	-0.23023014903303882
0.7388888888888889	-0.23023014903303882
0.7388888888888889	-0.23023014903303882
0.7388888888888889	-0.23023014903303882
0.7388888888888889	-0.23023014903303882
0.7388888888888889	-0.23023014903303882
0.7388888888888889	-0.23023014903303882
0.7388888888888889	-0.23023014903303882
0.7388888888888889	-0.23023014903303882
0.7388888888888889	-0.23023014903303882
0.7388888888888889	-0.23023014903303882
0.7388888888888889	-0.23023014903303882
0.7388888888888889	-0.23023014903303882
0.7388888888888889	-0.23023014903303882
0.7388888888888889	-0.23023014903303882
0.7388888888888889	-0.23023014903303882
0.7388888888888889	-0.23023014903303882
0.7277777777777777	-0.22241651294329737
0.7388888888888889	-0.23023014903303882
0.7388888888888889	-0.23023014903303882
0.7388888888888889	-0.23023014903303882
0.7388888888888889	-0.23023014903303882
0.7388888888888889	-0.23023014903303882
0.7388888888888889	-0.23023014903303882
0.7388888888888889	-0.23023014903303882
0.7388888888888889	-0.23023014903303882
0.7388888888888889	-0.23023014903303882
0.7388888888888889	-0.23023014903303882
0.7388888888888889	-0.23023014903303882
0.7388888888888889	-0.23023014903303882
0.7388888888888889	-0.23023014903303882
0.7388888888888889	-0.23023014903303882
0.7388888888888889	-0.23023014903303882
0.7388888888888889	-0.23023014903303882
0.7388888888888889	-0.23023014903303882
0.7333333333333333	-0.22558411702315004
0.7388888888888889	-0.23023014903303882
0.7388888888888889	-0.23023014903303882
0.7388888888888889	-0.23023014903303882
0.7388888888888889	-0.23023014903303882
0.7388888888888889	-0.23023014903303882
0.7388888888888889	-0.23023014903303882
0.7388888888888889	-0.23023014903303882
0.7444444444444445	-0.23275680255056097
0.7388888888888889	-0.23023014903303882
0.7388888888888889	-0.23023014903303882
0.7388888888888889	-0.23023014903303882
0.7388888888888889	-0.23023014903303882
0.7277777777777777	-0.22241651294329737
0.7388888888888889	-0.23023014903303882
0.7388888888888889	-0.23023014903303882
0.7388888888888889	-0.23023014903303882
0.7388888888888889	-0.23023014903303882
0.7388888888888889	-0.23023014903303882
0.7388888888888889	-0.23023014903303882
0.7388888888888889	-0.23023014903303882
0.7388888888888889	-0.23023014903303882
0.7388888888888889	-0.23023014903303882
0.7388888888888889	-0.23023014903303882
0.7277777777777777	-0.22241651294329737
0.7388888888888889	-0.23023014903303882
0.7388888888888889	-0.23023014903303882
0.7388888888888889	-0.23023014903303882
0.7388888888888889	-0.23023014903303882
0.7388888888888889	-0.23023014903303882
0.7388888888888889	-0.23023014903303882
0.7388888888888889	-0.23023014903303882
0.7388888888888889	-0.23023014903303882
0.7388888888888889	-0.23023014903303882
0.7388888888888889	-0.23023014903303882
0.7388888888888889	-0.23023014903303882
0.7388888888888889	-0.23023014903303882
0.7388888888888889	-0.23023014903303882
0.7222222222222222	-0.22160098318781024
0.7388888888888889	-0.23023014903303882
0.7388888888888889	-0.23023014903303882
0.7388888888888889	-0.23023014903303882
0.7388888888888889	-0.23023014903303882
0.7333333333333333	-0.22558411702315004
0.7388888888888889	-0.23023014903303882
0.7388888888888889	-0.23023014903303882
0.7388888888888889	-0.23023014903303882
0.7388888888888889	-0.23023014903303882
0.7388888888888889	-0.23023014903303882
0.7388888888888889	-0.23023014903303882
0.7388888888888889	-0.23023014903303882
0.7388888888888889	-0.23023014903303882
0.7388888888888889	-0.23023014903303882
