0.75	-0.2000467575789536
0.7666666666666667	-0.20915418652436035
0.7611111111111111	-0.2063579803183258
0.7555555555555555	-0.20242511172670205
0.7611111111111111	-0.2063579803183258
0.7611111111111111	-0.2063579803183258
0.7611111111111111	-0.2063579803183258
0.7611111111111111	-0.2063579803183258
0.7611111111111111	-0.2063579803183258
0.7611111111111111	-0.2063579803183258
0.7611111111111111	-0.2063579803183258
0.7611111111111111	-0.2063579803183258
0.7611111111111111	-0.2063579803183258
0.7555555555555555	-0.20242511172670205
0.7611111111111111	-0.2063579803183258
0.7611111111111111	-0.2063579803183258
0.7611111111111111	-0.2063579803183258
0.7555555555555555	-0.20242511172670205
0.7611111111111111	-0.2063579803183258
0.7611111111111111	-0.2063579803183258
0.7611111111111111	-0.2063579803183258
0.7611111111111111	-0.2063579803183258
0.7611111111111111	-0.2063579803183258
0.7611111111111111	-0.2063579803183258
0.7611111111111111	-0.2063579803183258
0.7611111111111111	-0.2063579803183258
0.7611111111111111	-0.2063579803183258
0.7611111111111111	-0.2063579803183258
0.7666666666666667	-0.20915418652436035
0.7611111111111111	-0.2063579803183258
0.7611111111111111	-0.2063579803183258
0.7611111111111111	-0.2063579803183258
0.7611111111111111	-0.2063579803183258
0.7611111111111111	-0.2063579803183258
0.7611111111111111	-0.2063579803183258
0.7611111111111111	-0.2063579803183258
0.7555555555555555	-0.20242511172670205
0.7611111111111111	-0.2063579803183258
0.75	-0.2000467575789536
0.7611111111111111	-0.2063579803183258
0.7611111111111111	-0.2063579803183258
0.7611111111111111	-0.2063579803183258
0.7611111111111111	-0.2063579803183258
0.7611111111111111	-0.2063579803183258
0.7611111111111111	-0.2063579803183258
0.7611111111111111	-0.2063579803183258
0.7611111111111111	-0.2063579803183258
0.7611111111111111	-0.2063579803183258
0.7611111111111111	-0.2063579803183258
0.7611111111111111	-0.2063579803183258
0.7611111111111111	-0.2063579803183258
0.7555555555555555	-0.20242511172670205
0.7611111111111111	-0.2063579803183258
0.7611111111111111	-0.2063579803183258
0.7611111111111111	-0.2063579803183258
0.7555555555555555	-0.20242511172670205
0.7611111111111111	-0.2063579803183258
0.7611111111111111	-0.2063579803183258
0.7611111111111111	-0.2063579803183258
0.7611111111111111	-0.2063579803183258
0.7611111111111111	-0.2063579803183258
0.7611111111111111	-0.2063579803183258
0.7611111111111111	-0.2063579803183258
0.7555555555555555	-0.20242511172670205
0.7611111111111111	-0.2063579803183258
0.7611111111111111	-0.2063579803183258
0.7611111111111111	-0.2063579803183258
0.7611111111111111	-0.2063579803183258
0.7611111111111111	-0.2063579803183258
0.7611111111111111	-0.2063579803183258
0.7611111111111111	-0.2063579803183258
0.7611111111111111	-0.2063579803183258
0.7611111111111111	-0.2063579803183258
0.7611111111111111	-0.2063579803183258
0.7611111111111111	-0.2063579803183258
0.7611111111111111	-0.2063579803183258
0.7611111111111111	-0.2063579803183258
0.7611111111111111	-0.2063579803183258
0.7611111111111111	-0.2063579803183258
0.7611111111111111	-0.2063579803183258
0.7611111111111111	-0.2063579803183258
0.7611111111111111	-0.2063579803183258
0.7611111111111111	-0.2063579803183258
0.7611111111111111	-0.2063579803183258
0.7611111111111111	-0.2063579803183258
0.7611111111111111	-0.2063579803183258
0.7611111111111111	-0.2063579803183258
0.7555555555555555	-0.20242511172670205
0.7555555555555555	-0.20242511172670205
0.7611111111111111	-0.2063579803183258
0.7611111111111111	-0.2063579803183258
0.7611111111111111	-0.2063579803183258
0.7555555555555555	-0.20242511172670205
0.7611111111111111	-0.2063579803183258
0.7611111111111111	-0.2063579803183258
0.7611111111111111	-0.2063579803183258
0.7611111111111111	-0.2063579803183258
0.7611111111111111	-0.2063579803183258
0.7611111111111111	-0.2063579803183258
0.7611111111111111	-0.2063579803183258
0.75	-0.2000467575789536
0.7611111111111111	-0.2063579803183258
0.7611111111111111	-0.2063579803183258
0.7611111111111111	-0.2063579803183258
0.7611111111111111	-0.2063579803183258
0.75	-0.2000467575789536
0.7611111111111111	-0.2063579803183258
0.7611111111111111	-0.2063579803183258
0.7611111111111111	-0.2063579803183258
0.7555555555555555	-0.20242511172670205
0.7611111111111111	-0.2063579803183258
0.7555555555555555	-0.20242511172670205
0.7611111111111111	-0.2063579803183258
0.7666666666666667	-0.20915418652436035
0.7611111111111111	-0.2063579803183258
0.7611111111111111	-0.2063579803183258
0.7611111111111111	-0.2063579803183258
0.7611111111111111	-0.2063579803183258
0.7555555555555555	-0.20242511172670205
0.7611111111111111	-0.2063579803183258
0.7611111111111111	-0.2063579803183258
0.7611111111111111	-0.2063579803183258
0.7611111111111111	-0.2063579803183258
0.7611111111111111	-0.2063579803183258
0.7611111111111111	-0.2063579803183258
0.7555555555555555	-0.20242511172670205
0.7611111111111111	-0.2063579803183258
0.7611111111111111	-0.2063579803183258
0.7611111111111111	-0.2063579803183258
0.7611111111111111	-0.2063579803183258
0.7611111111111111	-0.2063579803183258
0.7611111111111111	-0.2063579803183258
0.7611111111111111	-0.2063579803183258
0.7611111111111111	-0.2063579803183258
0.7611111111111111	-0.2063579803183258
0.7555555555555555	-0.20242511172670205
0.7611111111111111	-0.2063579803183258
0.7555555555555555	-0.20242511172670205
0.7611111111111111	-0.2063579803183258
0.7611111111111111	-0.2063579803183258
0.7611111111111111	-0.2063579803183258
0.7611111111111111	-0.2063579803183258
0.7611111111111111	-0.2063579803183258
0.7611111111111111	-0.2063579803183258
0.7611111111111111	-0.2063579803183258
0.7666666666666667	-0.20915418652436035
0.7611111111111111	-0.2063579803183258
0.7611111111111111	-0.2063579803183258
0.7611111111111111	-0.2063579803183258
0.7555555555555555	-0.20242511172670205
0.7611111111111111	-0.2063579803183258
0.7666666666666667	-0.20915418652436035
0.7555555555555555	-0.20242511172670205
0.7611111111111111	-0.2063579803183258
0.7611111111111111	-0.2063579803183258
0.7611111111111111	-0.2063579803183258
0.7611111111111111	-0.2063579803183258
0.7611111111111111	-0.2063579803183258
0.7611111111111111	-0.2063579803183258
0.7611111111111111	-0.2063579803183258
0.7611111111111111	-0.2063579803183258
0.7611111111111111	-0.2063579803183258
0.7611111111111111	-0.2063579803183258
0.7611111111111111	-0.2063579803183258
0.7611111111111111	-0.2063579803183258
0.7611111111111111	-0.2063579803183258
0.7611111111111111	-0.2063579803183258
0.7611111111111111	-0.2063579803183258
0.7611111111111111	-0.2063579803183258
0.7611111111111111	-0.2063579803183258
0.7555555555555555	-0.20242511172670205
0.7611111111111111	-0.2063579803183258
0.7611111111111111	-0.2063579803183258
0.7555555555555555	-0.20242511172670205
0.7611111111111111	-0.2063579803183258
0.7611111111111111	-0.2063579803183258
0.7555555555555555	-0.20242511172670205
0.7611111111111111	-0.2063579803183258
0.7611111111111111	-0.2063579803183258
0.7611111111111111	-0.2063579803183258
0.7611111111111111	-0.2063579803183258
0.7611111111111111	-0.2063579803183258
0.7611111111111111	-0.2063579803183258
0.75	-0.2000467575789536
0.7666666666666667	-0.20915418652436035
0.7611111111111111	-0.2063579803183258
0.7611111111111111	-0.2063579803183258
0.7555555555555555	-0.20242511172670205
0.7611111111111111	-0.2063579803183258
0.7611111111111111	-0.2063579803183258
0.7555555555555555	-0.20242511172670205
0.7611111111111111	-0.2063579803183258
0.7611111111111111	-0.2063579803183258
0.7611111111111111	-0.2063579803183258
0.7611111111111111	-0.2063579803183258
0.7611111111111111	-0.2063579803183258
0.7611111111111111	-0.2063579803183258
0.7611111111111111	-0.2063579803183258
0.7611111111111111	-0.2063579803183258
0.7611111111111111	-0.2063579803183258
