0.7444444444444445	-0.22281235479070835
0.7277777777777777	-0.21737707284871538
0.7333333333333333	-0.22026727284492947
0.7388888888888889	-0.2214546590274946
0.7388888888888889	-0.2214546590274946
0.7333333333333333	-0.22026727284492947
0.7388888888888889	-0.2214546590274946
0.7388888888888889	-0.2214546590274946
0.7388888888888889	-0.2214546590274946
0.7333333333333333	-0.22026727284492947
0.7333333333333333	-0.22026727284492947
0.7388888888888889	-0.2214546590274946
0.7333333333333333	-0.22026727284492947
0.7388888888888889	-0.2214546590274946
0.7388888888888889	-0.2214546590274946
0.7388888888888889	-0.2214546590274946
0.7333333333333333	-0.22026727284492947
0.7388888888888889	-0.2214546590274946
0.7388888888888889	-0.2214546590274946
0.7388888888888889	-0.2214546590274946
0.7333333333333333	-0.22026727284492947
0.7333333333333333	-0.22026727284492947
0.7388888888888889	-0.2214546590274946
0.7333333333333333	-0.22026727284492947
0.7333333333333333	-0.22026727284492947
0.7444444444444445	-0.22281235479070835
0.7388888888888889	-0.2214546590274946
0.7333333333333333	-0.22026727284492947
0.7333333333333333	-0.22026727284492947
0.7388888888888889	-0.2214546590274946
0.7333333333333333	-0.22026727284492947
0.7333333333333333	-0.22026727284492947
0.7388888888888889	-0.2214546590274946
0.7333333333333333	-0.22026727284492947
0.7388888888888889	-0.2214546590274946
0.7333333333333333	-0.22026727284492947
0.7388888888888889	-0.2214546590274946
0.7388888888888889	-0.2214546590274946
0.7333333333333333	-0.22026727284492947
0.7388888888888889	-0.2214546590274946
0.7388888888888889	-0.2214546590274946
0.7333333333333333	-0.22026727284492947
0.7388888888888889	-0.2214546590274946
0.7388888888888889	-0.2214546590274946
0.7388888888888889	-0.2214546590274946
0.7388888888888889	-0.2214546590274946
0.7333333333333333	-0.22026727284492947
0.7388888888888889	-0.2214546590274946
0.7388888888888889	-0.2214546590274946
0.7388888888888889	-0.2214546590274946
0.7333333333333333	-0.22026727284492947
0.7333333333333333	-0.22026727284492947
0.7333333333333333	-0.22026727284492947
0.7388888888888889	-0.2214546590274946
0.7388888888888889	-0.2214546590274946
0.7388888888888889	-0.2214546590274946
0.7333333333333333	-0.22026727284492947
0.7333333333333333	-0.22026727284492947
0.7333333333333333	-0.22026727284492947
0.7388888888888889	-0.2214546590274946
0.7333333333333333	-0.22026727284492947
0.7333333333333333	-0.22026727284492947
0.7388888888888889	-0.2214546590274946
0.7333333333333333	-0.22026727284492947
0.7388888888888889	-0.2214546590274946
0.7333333333333333	-0.22026727284492947
0.7277777777777777	-0.21737707284871538
0.7388888888888889	-0.2214546590274946
0.7444444444444445	-0.22281235479070835
0.7388888888888889	-0.2214546590274946
0.7333333333333333	-0.22026727284492947
0.7333333333333333	-0.22026727284492947
0.7333333333333333	-0.22026727284492947
0.7388888888888889	-0.2214546590274946
0.7388888888888889	-0.2214546590274946
0.7333333333333333	-0.22026727284492947
0.7333333333333333	-0.22026727284492947
0.7333333333333333	-0.22026727284492947
0.7333333333333333	-0.22026727284492947
0.7388888888888889	-0.2214546590274946
0.7388888888888889	-0.2214546590274946
0.7388888888888889	-0.2214546590274946
0.7388888888888889	-0.2214546590274946
0.7388888888888889	-0.2214546590274946
0.7388888888888889	-0.2214546590274946
0.7333333333333333	-0.22026727284492947
0.7388888888888889	-0.2214546590274946
0.7388888888888889	-0.2214546590274946
0.7388888888888889	-0.2214546590274946
0.7388888888888889	-0.2214546590274946
0.7333333333333333	-0.22026727284492947
0.7333333333333333	-0.22026727284492947
0.7333333333333333	-0.22026727284492947
0.7333333333333333	-0.22026727284492947
0.7388888888888889	-0.2214546590274946
0.7388888888888889	-0.2214546590274946
0.7388888888888889	-0.2214546590274946
0.7333333333333333	-0.22026727284492947
0.7333333333333333	-0.22026727284492947
0.7388888888888889	-0.2214546590274946
0.7388888888888889	-0.2214546590274946
0.7388888888888889	-0.2214546590274946
0.7388888888888889	-0.2214546590274946
0.7388888888888889	-0.2214546590274946
0.7333333333333333	-0.22026727284492947
0.7333333333333333	-0.22026727284492947
0.7388888888888889	-0.2214546590274946
0.7333333333333333	-0.22026727284492947
0.7388888888888889	-0.2214546590274946
0.7388888888888889	-0.2214546590274946
0.7388888888888889	-0.2214546590274946
0.7388888888888889	-0.2214546590274946
0.7333333333333333	-0.22026727284492947
0.7333333333333333	-0.22026727284492947
0.7388888888888889	-0.2214546590274946
0.7333333333333333	-0.22026727284492947
0.7388888888888889	-0.2214546590274946
0.7333333333333333	-0.22026727284492947
0.7333333333333333	-0.22026727284492947
0.7333333333333333	-0.22026727284492947
0.7388888888888889	-0.2214546590274946
0.7333333333333333	-0.22026727284492947
0.7388888888888889	-0.2214546590274946
0.7333333333333333	-0.22026727284492947
0.7388888888888889	-0.2214546590274946
0.7388888888888889	-0.2214546590274946
0.7333333333333333	-0.22026727284492947
0.7388888888888889	-0.2214546590274946
0.7388888888888889	-0.2214546590274946
0.7333333333333333	-0.22026727284492947
0.7333333333333333	-0.22026727284492947
0.7388888888888889	-0.2214546590274946
0.7333333333333333	-0.22026727284492947
0.7388888888888889	-0.2214546590274946
0.7333333333333333	-0.22026727284492947
0.7388888888888889	-0.2214546590274946
0.7333333333333333	-0.22026727284492947
0.7333333333333333	-0.22026727284492947
0.7333333333333333	-0.22026727284492947
0.7333333333333333	-0.22026727284492947
0.7333333333333333	-0.22026727284492947
0.7388888888888889	-0.2214546590274946
0.7333333333333333	-0.22026727284492947
0.7333333333333333	-0.22026727284492947
0.7333333333333333	-0.22026727284492947
0.7333333333333333	-0.22026727284492947
0.7333333333333333	-0.22026727284492947
0.7333333333333333	-0.22026727284492947
0.7333333333333333	-0.22026727284492947
0.7388888888888889	-0.2214546590274946
0.7277777777777777	-0.21737707284871538
0.7388888888888889	-0.2214546590274946
0.7388888888888889	-0.2214546590274946
0.7333333333333333	-0.22026727284492947
0.7388888888888889	-0.2214546590274946
0.7388888888888889	-0.2214546590274946
0.7388888888888889	-0.2214546590274946
0.7388888888888889	-0.2214546590274946
0.7333333333333333	-0.22026727284492947
0.7333333333333333	-0.22026727284492947
0.7388888888888889	-0.2214546590274946
0.7333333333333333	-0.22026727284492947
0.7388888888888889	-0.2214546590274946
0.7444444444444445	-0.22281235479070835
0.7333333333333333	-0.22026727284492947
0.7333333333333333	-0.22026727284492947
0.7333333333333333	-0.22026727284492947
0.7333333333333333	-0.22026727284492947
0.7388888888888889	-0.2214546590274946
0.7388888888888889	-0.2214546590274946
0.7333333333333333	-0.22026727284492947
0.7388888888888889	-0.2214546590274946
0.7333333333333333	-0.22026727284492947
0.7333333333333333	-0.22026727284492947
0.7388888888888889	-0.2214546590274946
0.7388888888888889	-0.2214546590274946
0.7388888888888889	-0.2214546590274946
0.7388888888888889	-0.2214546590274946
0.7388888888888889	-0.2214546590274946
0.7388888888888889	-0.2214546590274946
0.7333333333333333	-0.22026727284492947
0.7333333333333333	-0.22026727284492947
0.7333333333333333	-0.22026727284492947
0.7333333333333333	-0.22026727284492947
0.7333333333333333	-0.22026727284492947
0.7333333333333333	-0.22026727284492947
0.7388888888888889	-0.2214546590274946
0.7333333333333333	-0.22026727284492947
0.7333333333333333	-0.22026727284492947
0.7333333333333333	-0.22026727284492947
0.7388888888888889	-0.2214546590274946
0.7388888888888889	-0.2214546590274946
0.7333333333333333	-0.22026727284492947
0.7388888888888889	-0.2214546590274946
0.7333333333333333	-0.22026727284492947
0.7333333333333333	-0.22026727284492947
0.7333333333333333	-0.22026727284492947
0.7388888888888889	-0.2214546590274946
0.7333333333333333	-0.22026727284492947
0.7333333333333333	-0.22026727284492947
