0.7666666666666667	-0.21042771510197886
0.7333333333333333	-0.19775684022930837
0.7555555555555555	-0.2071017557711382
0.7388888888888889	-0.20215052319802962
0.75	-0.2036208704563096
0.7611111111111111	-0.21002227592661332
0.7444444444444445	-0.20322221305393245
0.75	-0.2036208704563096
0.7555555555555555	-0.2071017557711382
0.7555555555555555	-0.2071017557711382
0.7555555555555555	-0.2071017557711382
0.7555555555555555	-0.2071017557711382
0.7666666666666667	-0.21042771510197886
0.7555555555555555	-0.2071017557711382
0.75	-0.2036208704563096
0.7555555555555555	-0.2071017557711382
0.7555555555555555	-0.2071017557711382
0.7555555555555555	-0.2071017557711382
0.7555555555555555	-0.2071017557711382
0.7555555555555555	-0.2071017557711382
0.7555555555555555	-0.2071017557711382
0.7555555555555555	-0.2071017557711382
0.7555555555555555	-0.2071017557711382
0.7555555555555555	-0.2071017557711382
0.7555555555555555	-0.2071017557711382
0.7555555555555555	-0.2071017557711382
0.7555555555555555	-0.2071017557711382
0.7555555555555555	-0.2071017557711382
0.7555555555555555	-0.2071017557711382
0.7555555555555555	-0.2071017557711382
0.7555555555555555	-0.2071017557711382
0.7555555555555555	-0.2071017557711382
0.7555555555555555	-0.2071017557711382
0.7555555555555555	-0.2071017557711382
0.7555555555555555	-0.2071017557711382
0.7555555555555555	-0.2071017557711382
0.75	-0.2036208704563096
0.7555555555555555	-0.2071017557711382
0.75	-0.2036208704563096
0.7555555555555555	-0.2071017557711382
0.7555555555555555	-0.2071017557711382
0.75	-0.2036208704563096
0.7555555555555555	-0.2071017557711382
0.7555555555555555	-0.2071017557711382
0.7555555555555555	-0.2071017557711382
0.7388888888888889	-0.20215052319802962
0.7555555555555555	-0.2071017557711382
0.7555555555555555	-0.2071017557711382
0.7555555555555555	-0.2071017557711382
0.7555555555555555	-0.2071017557711382
0.7555555555555555	-0.2071017557711382
0.75	-0.2036208704563096
0.7555555555555555	-0.2071017557711382
0.75	-0.2036208704563096
0.7555555555555555	-0.2071017557711382
0.7555555555555555	-0.2071017557711382
0.75	-0.2036208704563096
0.7555555555555555	-0.2071017557711382
0.7555555555555555	-0.2071017557711382
0.7555555555555555	-0.2071017557711382
0.75	-0.2036208704563096
0.7555555555555555	-0.2071017557711382
0.7555555555555555	-0.2071017557711382
0.7555555555555555	-0.2071017557711382
0.7555555555555555	-0.2071017557711382
0.7555555555555555	-0.2071017557711382
0.7555555555555555	-0.2071017557711382
0.7555555555555555	-0.2071017557711382
0.7555555555555555	-0.2071017557711382
0.7555555555555555	-0.2071017557711382
0.7555555555555555	-0.2071017557711382
0.7555555555555555	-0.2071017557711382
0.7555555555555555	-0.2071017557711382
0.7555555555555555	-0.2071017557711382
0.75	-0.2036208704563096
0.7555555555555555	-0.2071017557711382
0.7555555555555555	-0.2071017557711382
0.7555555555555555	-0.2071017557711382
0.7555555555555555	-0.2071017557711382
0.7555555555555555	-0.2071017557711382
0.75	-0.2036208704563096
0.75	-0.2036208704563096
0.7555555555555555	-0.2071017557711382
0.7555555555555555	-0.2071017557711382
0.7555555555555555	-0.2071017557711382
0.7555555555555555	-0.2071017557711382
0.7555555555555555	-0.2071017557711382
0.7555555555555555	-0.2071017557711382
0.7555555555555555	-0.2071017557711382
0.7555555555555555	-0.2071017557711382
0.7555555555555555	-0.2071017557711382
0.7555555555555555	-0.2071017557711382
0.7555555555555555	-0.2071017557711382
0.7555555555555555	-0.2071017557711382
0.7555555555555555	-0.2071017557711382
0.7555555555555555	-0.2071017557711382
0.75	-0.2036208704563096
0.7555555555555555	-0.2071017557711382
0.7555555555555555	-0.2071017557711382
0.7555555555555555	-0.2071017557711382
0.7555555555555555	-0.2071017557711382
0.75	-0.2036208704563096
0.7555555555555555	-0.2071017557711382
0.75	-0.2036208704563096
0.7555555555555555	-0.2071017557711382
0.7555555555555555	-0.2071017557711382
0.7555555555555555	-0.2071017557711382
0.75	-0.2036208704563096
0.7555555555555555	-0.2071017557711382
0.7555555555555555	-0.2071017557711382
0.7555555555555555	-0.2071017557711382
0.7555555555555555	-0.2071017557711382
0.7555555555555555	-0.2071017557711382
0.7555555555555555	-0.2071017557711382
0.7555555555555555	-0.2071017557711382
0.7555555555555555	-0.2071017557711382
0.7555555555555555	-0.2071017557711382
0.7555555555555555	-0.2071017557711382
0.7555555555555555	-0.2071017557711382
0.7555555555555555	-0.2071017557711382
0.7555555555555555	-0.2071017557711382
0.75	-0.2036208704563096
0.7555555555555555	-0.2071017557711382
0.7555555555555555	-0.2071017557711382
0.7555555555555555	-0.2071017557711382
0.7555555555555555	-0.2071017557711382
0.7555555555555555	-0.2071017557711382
0.7555555555555555	-0.2071017557711382
0.75	-0.2036208704563096
0.7555555555555555	-0.2071017557711382
0.75	-0.2036208704563096
0.7555555555555555	-0.2071017557711382
0.7555555555555555	-0.2071017557711382
0.7555555555555555	-0.2071017557711382
0.75	-0.2036208704563096
0.7555555555555555	-0.2071017557711382
0.7555555555555555	-0.2071017557711382
0.7555555555555555	-0.2071017557711382
0.7555555555555555	-0.2071017557711382
0.7555555555555555	-0.2071017557711382
0.7555555555555555	-0.2071017557711382
0.7555555555555555	-0.2071017557711382
0.7555555555555555	-0.2071017557711382
0.7555555555555555	-0.2071017557711382
0.7555555555555555	-0.2071017557711382
0.7555555555555555	-0.2071017557711382
0.75	-0.2036208704563096
0.7555555555555555	-0.2071017557711382
0.7555555555555555	-0.2071017557711382
0.75	-0.2036208704563096
0.7555555555555555	-0.2071017557711382
0.7555555555555555	-0.2071017557711382
0.7555555555555555	-0.2071017557711382
0.7555555555555555	-0.2071017557711382
0.7555555555555555	-0.2071017557711382
0.7555555555555555	-0.2071017557711382
0.7555555555555555	-0.2071017557711382
0.7555555555555555	-0.2071017557711382
0.7555555555555555	-0.2071017557711382
0.7555555555555555	-0.2071017557711382
0.7555555555555555	-0.2071017557711382
0.7555555555555555	-0.2071017557711382
0.7555555555555555	-0.2071017557711382
0.7555555555555555	-0.2071017557711382
0.7555555555555555	-0.2071017557711382
0.7555555555555555	-0.2071017557711382
0.75	-0.2036208704563096
0.7555555555555555	-0.2071017557711382
0.75	-0.2036208704563096
0.75	-0.2036208704563096
0.7555555555555555	-0.2071017557711382
0.7555555555555555	-0.2071017557711382
0.7555555555555555	-0.2071017557711382
0.7555555555555555	-0.2071017557711382
0.7555555555555555	-0.2071017557711382
0.7555555555555555	-0.2071017557711382
0.7555555555555555	-0.2071017557711382
0.7555555555555555	-0.2071017557711382
0.7555555555555555	-0.2071017557711382
0.7555555555555555	-0.2071017557711382
0.7555555555555555	-0.2071017557711382
0.7555555555555555	-0.2071017557711382
0.7555555555555555	-0.2071017557711382
0.7555555555555555	-0.2071017557711382
0.7555555555555555	-0.2071017557711382
0.7555555555555555	-0.2071017557711382
0.7555555555555555	-0.2071017557711382
0.75	-0.2036208704563096
0.7555555555555555	-0.2071017557711382
0.7555555555555555	-0.2071017557711382
0.7555555555555555	-0.2071017557711382
0.7555555555555555	-0.2071017557711382
0.7555555555555555	-0.2071017557711382
0.7555555555555555	-0.2071017557711382
0.7555555555555555	-0.2071017557711382
0.7555555555555555	-0.2071017557711382
0.7555555555555555	-0.2071017557711382
0.7555555555555555	-0.2071017557711382
0.75	-0.2036208704563096
0.7555555555555555	-0.2071017557711382
