1.3647943794817852
1.7422324203924657
1.8211060718830834
1.8495988748395527
1.8680469558021908
1.9097673829053903
1.9127078426896766
1.924023365778601
1.9308710705985843
1.9321636603303292
1.9321706009629995
1.9321706009629995
1.932231569764548
1.932231569764548
1.9322421960601432
1.9322421960601432
1.937708401333941
1.9377670809541918
1.9377670809541918
1.9377670809541918
1.9377670809541918
1.9377670809541918
1.9377857687969229
1.9377857687969229
1.9377857687969229
1.3647943794817852
1.774945852703983
1.8354120884565313
1.8788396948279071
1.9315532822516892
1.9316393908337013
1.9609801261827406
1.972045682851806
1.9775171834710212
1.9775653526967378
1.9775653526967378
1.9780376096824912
1.9889954360393494
1.9889954360393494
1.9889954360393494
1.9889954360393494
1.9889954360393494
1.9889954360393494
1.9889954360393494
1.9889954360393494
1.9889954360393494
1.9889954360393494
1.9890043485867699
1.9890043485867699
1.9890043485867699
1.3647943794817852
1.756438792364356
1.8160651509595593
1.867261613622177
1.9009697788737878
1.9152029833215178
1.9159018661405094
1.9280177598293182
1.937038227568824
1.9530057208760816
1.96139086810094
1.961805854641882
1.9748878004493367
1.9798355063699768
1.984204330481882
1.984204330481882
1.984204330481882
1.984204330481882
1.984204330481882
1.984204330481882
1.984204330481882
1.984204330481882
1.984204330481882
1.984204330481882
1.984204330481882
1.3647943794817852
1.7305922183199884
1.8541175648961452
1.9067699527255124
1.9353494045067936
1.9525013363040309
1.9786640931482329
1.978680095222631
1.978680095222631
1.984204330481882
1.984204330481882
1.984204330481882
1.984204330481882
1.984204330481882
1.984204330481882
1.984204330481882
1.984204330481882
1.984204330481882
1.984204330481882
1.984204330481882
1.984204330481882
1.984204330481882
1.984204330481882
1.984204330481882
1.984204330481882
1.3647943794817852
1.6946417864809793
1.8333159367704557
1.9200910859753582
1.925586291442673
1.928329456271812
1.9611060567003238
1.97507421470792
1.9750898871955367
1.980594386841783
1.9805948011187697
1.980598745360036
1.980598745360036
1.980609580672765
1.9819334907691042
1.9819334907691042
1.9819334907691042
1.9819334907691042
1.9819532666061437
1.9819863455670212
1.9819863455670212
1.9819863455670212
1.9819863455670212
1.9819863455670212
1.9819863455670212
1.3647943794817852
1.752424961749378
1.8366123051162582
1.864625464384363
1.9111708907557563
1.9166028126737684
1.9252582281244865
1.9252719743641944
1.9322175563320634
1.938157006585167
1.9381645294406147
1.9381645294406147
1.9413141323396164
1.9413141323396164
1.941325271123308
1.941325271123308
1.941331596887725
1.9478153433617604
1.9478206446495232
1.9478206446495232
1.949258912899138
1.9587100464968474
1.9587100464968474
1.9587100464968474
1.9588055342866735
1.3647943794817852
1.7375317840905962
1.8464008814368857
1.8732040465454545
1.888954000892983
1.902573936412293
1.9228550242687852
1.9257808355150978
1.935045598075511
1.935045598075511
1.935045598075511
1.935045598075511
1.9360497600330546
1.9431761066872852
1.9431887582161191
1.948423876997072
1.948433106884129
1.9547412050225643
1.9547532506085512
1.9547925220815103
1.9547925220815103
1.9547925220815103
1.9548457597846973
1.9548457597846973
1.9548457597846973
1.3647943794817852
1.7099380641212436
1.8490865696906378
1.8674503864525038
1.8875531210643728
1.899410377563115
1.904888085718513
1.9092617829729797
1.9125242599456709
1.9315168073770836
1.9433005491484896
1.9433005491484896
1.9433005491484896
1.9433555941276903
1.9433555941276903
1.9433555941276903
1.9433555941276903
1.9433651871089976
1.9433651871089976
1.9433651871089976
1.9433651871089976
1.9433651871089976
1.9433651871089976
1.9433651871089976
1.9433651871089976
1.3647943794817852
1.754784086278758
1.8410760930296814
1.893717431805
1.940890007574783
1.9624823675813297
1.9624823675813297
1.9692031952104267
1.9715792693886907
1.9771436169220193
1.9771678646308548
1.9771678646308548
1.9771678646308548
1.9772018001225957
1.9772018001225957
1.9772018001225957
1.9772018001225957
1.9772018001225957
1.9772018001225957
1.9772018001225957
1.9772018001225957
1.9827006518907937
1.9827006518907937
1.9827006518907937
1.9827006518907937
1.3647943794817852
1.7544050117815044
1.8355410608845633
1.8703528594874206
1.8946697713468972
1.894920207587546
1.8951173041713012
1.9041180857644444
1.9043907142083412
1.9105460516973105
1.9424454533445885
1.9561271905609705
1.9561969829434305
1.9617328702486898
1.9670702184032094
1.967604787532673
1.9719663708443518
1.9719663708443518
1.9719663708443518
1.9719663708443518
1.9719777465342945
1.971988113477328
1.9733552670215935
1.9733552670215935
1.9733552670215935
1.3647943794817852
1.6966815478354837
1.8300873512118365
1.8944698199784085
1.9034468510157416
1.9102395677008732
1.9110495835080723
1.9154604425361672
1.9182096756761
1.9182096756761
1.9182096756761
1.9182096756761
1.9182096756761
1.9182096756761
1.9182096756761
1.9182096756761
1.9182096756761
1.9182096756761
1.9308716523557532
1.9316188426807501
1.9316188426807501
1.9316188426807501
1.9316188426807501
1.9316188426807501
1.9316188426807501
1.3647943794817852
1.6466519686851817
1.7860197707942804
1.8547706237990809
1.8765243809409247
1.9021315118289466
1.9355588678871236
1.9355792995759873
1.9459389003898058
1.9546574652246633
1.967884078414914
1.967884078414914
1.9678926134998709
1.9678926134998709
1.9678926134998709
1.981461964694955
1.981462735261854
1.981462735261854
1.981462735261854
1.981462735261854
1.981462735261854
1.981462735261854
1.981462735261854
1.981462735261854
1.981462735261854
1.3647943794817852
1.7479599936865968
1.8495498018899847
1.8622498753409087
1.8798911193060712
1.90066850406655
1.903702835740452
1.9185098107354788
1.9248879019190526
1.925513165818829
1.925513165818829
1.925513165818829
1.925513165818829
1.925513165818829
1.925513165818829
1.925513165818829
1.925513165818829
1.925513165818829
1.925513165818829
1.925513165818829
1.925513165818829
1.925513165818829
1.925513165818829
1.925513165818829
1.925513165818829
1.3647943794817852
1.7295310947491098
1.8070211911075271
1.9168674165039552
1.9334047532491883
1.9428752950812274
1.9428752950812274
1.9428752950812274
1.9567696509100805
1.9567696509100805
1.9567696509100805
1.9567696509100805
1.962258745160692
1.962258745160692
1.962258745160692
1.962258745160692
1.962258745160692
1.962258745160692
1.962258745160692
1.962258745160692
1.962258745160692
1.962258745160692
1.962258745160692
1.962258745160692
1.962258745160692
1.3647943794817852
1.6885381913482267
1.8069592654944242
1.8349154495378683
1.8352211661302127
1.8601927680607575
1.8631278817223338
1.8760859062125927
1.8814952591287186
1.892321493782541
1.899904145865331
1.899970799359451
1.8999759153739264
1.9000334782634427
1.9054239392776553
1.905457529864636
1.9063624397700623
1.907768543522252
1.907768543522252
1.907768543522252
1.907768543522252
1.907768543522252
1.907768543522252
1.914541161621106
1.9145468839901942
