1.3647943794817852
1.7422324203924657
1.8211060718830834
1.8495988748395527
1.8680469558021908
1.9097673829053903
1.9127078426896766
1.924023365778601
1.9308710705985843
1.9321636603303292
1.9321706009629995
1.9321706009629995
1.932231569764548
1.932231569764548
1.9322421960601432
1.9322421960601432
1.937708401333941
1.9377670809541918
1.9377670809541918
1.9377670809541918
1.9377670809541918
1.9377670809541918
1.9377857687969229
1.9377857687969229
1.9377857687969229
1.3647943794817852
1.774945852703983
1.8354120884565313
1.8788396948279071
1.9315532822516892
1.9316393908337013
1.9609801261827406
1.972045682851806
1.9775171834710212
1.9775653526967378
1.9775653526967378
1.9780376096824912
1.9889954360393494
1.9889954360393494
1.9889954360393494
1.9889954360393494
1.9889954360393494
1.9889954360393494
1.9889954360393494
1.9889954360393494
1.9889954360393494
1.9889954360393494
1.9890043485867699
1.9890043485867699
1.9890043485867699
