1.3568703756095848
1.588613812187421
1.714213011833668
1.7691743994229165
1.770086075723349
1.7701049599213148
1.7701188146513347
1.7701188146513347
1.7701188146513347
1.7701188146513347
1.7701188146513347
1.7701188146513347
1.7735698733828769
1.7792188703280372
1.7792188703280372
1.7834219774137714
1.7834219774137714
1.7834554200142627
1.7834597084607253
1.783463968560466
1.7834657687440694
1.7834657687440694
1.7834657687440694
1.7834657687440694
1.7834657687440694
1.3568703756095848
1.5420277975754169
1.679538970107938
1.7101786808879251
1.7101976132464305
1.7103033426940302
1.7462405458718204
1.7462518112362138
1.746257449442465
1.746257449442465
1.7532222748204387
1.7574272693535842
1.7574350377261083
1.7574350377261083
1.7574350377261083
1.7574350377261083
1.7574350377261083
1.7574350377261083
1.7574350377261083
1.7574350377261083
1.7574350377261083
1.7616006868702372
1.7616006868702372
1.7616130450923668
1.7616130450923668
