1.3323786413260312
1.6566680678991568
1.7429239775238194
1.7704672720890438
1.770501022654145
1.77766322353411
1.7822922448379563
1.7823381962017215
1.7823381962017215
1.782387681413296
1.7896418048347038
1.7896418048347038
1.7896418048347038
1.7896418048347038
1.7896418048347038
1.7896418048347038
1.7904100734555295
1.7904100734555295
1.7951205852061354
1.7951205852061354
1.7951205852061354
1.7951205852061354
1.7951205852061354
1.7951205852061354
1.7951205852061354
1.3323786413260312
1.5746529542386063
1.6664958720855836
1.7154615090123504
1.7410492287025223
1.7410492287025223
1.7410492287025223
1.7410492287025223
1.7410492287025223
1.7410510099908358
1.7413800170599274
1.7413800170599274
1.7413800170599274
1.7413800170599274
1.7413800170599274
1.7413945499529282
1.7413945499529282
1.741401563449437
1.741401563449437
1.741401563449437
1.741401563449437
1.741401563449437
1.741401563449437
1.741401563449437
1.741401563449437
1.3323786413260312
1.6648755881359307
1.784425422419341
1.818624134446487
1.8265261039230805
1.851839962659408
1.851839962659408
1.851839962659408
1.857412543735332
1.857412543735332
1.857412543735332
1.857412543735332
1.857412543735332
1.857412543735332
1.857412543735332
1.857412543735332
1.857412543735332
1.857412543735332
1.857412543735332
1.857412543735332
1.857412543735332
1.857412543735332
1.857412543735332
1.857412543735332
1.857412543735332
1.3323786413260312
1.626522717452108
1.7048972694864197
1.7323278061658198
1.739235072440493
1.739235072440493
1.739465387180934
1.739465387180934
1.739465387180934
1.739465387180934
1.739465387180934
1.739465387180934
1.739465387180934
1.739465387180934
1.7440815900701876
1.7440815900701876
1.7440815900701876
1.7440815900701876
1.7440815900701876
1.750188798268543
1.750188798268543
1.7506180986276532
1.7506349722217396
1.7506480278529573
1.7544452558907793
1.3323786413260312
1.566082563459401
1.7206314806991658
1.7548109423128233
1.7715064816343447
1.7715064816343447
1.7781917087572376
1.7782388227616421
1.7782483771146242
1.7782483771146242
1.7782887175770605
1.7793610268577906
1.7801379093622163
1.7934673849951923
1.7934673849951923
1.7934770222761018
1.7934958954954008
1.793499449183585
1.793499449183585
1.793499449183585
1.793499449183585
1.793499449183585
1.793560858864365
1.7940638105985294
1.7940638105985294
1.3323786413260312
1.6339213510280204
1.6891749351127914
1.702200503316151
1.711449133118466
1.714811336147882
1.7239153852924305
1.7357199707963369
1.735726081459016
1.735726081459016
1.735726081459016
1.735726081459016
1.735726081459016
1.735726081459016
1.735726081459016
1.735726081459016
1.735726081459016
1.735726081459016
1.735726081459016
1.7486339794065766
1.7486339794065766
1.7486339794065766
1.7486339794065766
1.7486339794065766
1.7486339794065766
1.3323786413260312
1.6716135378203003
1.7734644974176488
1.7990173982375026
1.7990656738389073
1.7990656738389073
1.7991687925713586
1.8018432009641514
1.8018872616688404
1.8018872616688404
1.8018872616688404
1.8018872616688404
1.8018872616688404
1.8065527231714453
1.8065527231714453
1.8065527231714453
1.8065527231714453
1.8065527231714453
1.8065527231714453
1.8065527231714453
1.8065527231714453
1.8079529068236826
1.8104066540708983
1.8104066540708983
1.8104066540708983
1.3323786413260312
1.599648548214178
1.7309611502023567
1.7455053032605523
1.7455053032605523
1.7508316211677097
1.7508316211677097
1.7508316211677097
1.7508316211677097
1.7508316211677097
1.7508316211677097
1.7508316211677097
1.7565759885464474
1.7927407571380711
1.7966483000417364
1.7966483000417364
1.8013411742214223
1.8013411742214223
1.8013411742214223
1.8013432081461678
1.8013432081461678
1.8013432081461678
1.806035803651212
1.806035803651212
1.806035803651212
1.3323786413260312
1.5722465138221482
1.7193414166584744
1.7621001875680375
1.7621055136560926
1.7687851280529916
1.7687851280529916
1.7708407892660516
1.7712185754941658
1.7712217665480365
1.7712217665480365
1.7907852754436968
1.8000443495166425
1.8000443495166425
1.8000443495166425
1.8000443495166425
1.8000443495166425
1.8000443495166425
1.8000561567583877
1.8017804603101313
1.8017804603101313
1.8017804603101313
1.801809383862208
1.801809383862208
1.801809383862208
1.3323786413260312
1.6089933212759058
1.703763543494752
1.7097977598961462
1.7097977598961462
1.7097977598961462
1.7117661969104248
1.71635270331123
1.7214235381745997
1.7214819292006225
1.7228129266046928
1.7301386820564146
1.7301386820564146
1.7301386820564146
1.7301386820564146
1.7301386820564146
1.7301386820564146
1.7301386820564146
1.7301386820564146
1.7301386820564146
1.7301386820564146
1.7301386820564146
1.7301386820564146
1.7301386820564146
1.7301386820564146
1.3323786413260312
1.6167747463592257
1.7204015114226476
1.740655365592737
1.7518169191548267
1.7518169191548267
1.7518169191548267
1.7518169191548267
1.7518324138348647
1.7518324138348647
1.7564547445365644
1.7564547445365644
1.7564547445365644
1.7564673329760057
1.7564673329760057
1.7564726751820823
1.7610776435394788
1.7610776435394788
1.7611194862820567
1.7750371300524959
1.7750371300524959
1.7750371300524959
1.7750371300524959
1.7895136985010405
1.7895136985010405
1.3323786413260312
1.5983254462091623
1.6485057395666418
1.6790484555967102
1.6977526737908568
1.7036903881313314
1.7037096822591964
1.7037096822591964
1.7037112363221683
1.7037112363221683
1.7037112363221683
1.7037112363221683
1.7037211351279524
1.7037211351279524
1.7037211351279524
1.703740588286719
1.703740588286719
1.703740588286719
1.7038623364904792
1.7125249554008066
1.7125249554008066
1.712558055768511
1.7126782228512398
1.7134994350443797
1.7200147248045363
1.3323786413260312
1.6201845988851868
1.6943050408278786
1.7515162930230295
1.7609162520599948
1.7609162520599948
1.7610719842431817
1.7610719842431817
1.7610719842431817
1.7610719842431817
1.7610719842431817
1.7610719842431817
1.7610719842431817
1.7610719842431817
1.7619359615248515
1.7619359615248515
1.7619359615248515
1.7619359615248515
1.7629153653235299
1.7629153653235299
1.7629153653235299
1.7629153653235299
1.7629153653235299
1.7629153653235299
1.7629153653235299
1.3323786413260312
1.5963175070909676
1.6985453301646634
1.7476223778480975
1.782582380058728
1.787254558201689
1.787254558201689
1.7908286363903116
1.7908286363903116
1.7908286363903116
1.8041143481128343
1.8041341070161963
1.8043327339025794
1.811360371304222
1.8160589242860887
1.8160706386797196
1.8160706386797196
1.8160706386797196
1.8160706386797196
1.8160706386797196
1.8160706386797196
1.8160706386797196
1.8160706386797196
1.8160706386797196
1.8160706386797196
1.3323786413260312
1.572554791051608
1.6599929283502293
1.7057715993244071
1.7200196936599998
1.7256543217614804
1.7256543217614804
1.725769038691847
1.725769038691847
1.7263220357721676
1.7372165212589439
1.741395828447181
1.741395828447181
1.796564951998416
1.8055346712770517
1.806379062593284
1.806379062593284
1.806379062593284
1.806379062593284
1.806379062593284
1.806379062593284
1.806379062593284
1.806379062593284
1.8099940536433077
1.8099940536433077
1.3323786413260312
1.6577855759264706
1.7180780319595672
1.767803403687161
1.7781336801092635
1.7781336801092635
1.7802152750595275
1.7802152750595275
1.7802152750595275
1.7802152750595275
1.7802152750595275
1.7802152750595275
1.7802152750595275
1.7802152750595275
1.7802152750595275
1.7802187619378063
1.7802187619378063
1.7843400707186199
1.7843400707186199
1.7843400707186199
1.7843400707186199
1.7843400707186199
1.7843400707186199
1.7843400707186199
1.7843400707186199
