1.3323786413260312
1.6566680678991568
1.7429239775238194
1.7704672720890438
1.770501022654145
1.77766322353411
1.7822922448379563
1.7823381962017215
1.7823381962017215
1.782387681413296
1.7896418048347038
1.7896418048347038
1.7896418048347038
1.7896418048347038
1.7896418048347038
1.7896418048347038
1.7904100734555295
1.7904100734555295
1.7951205852061354
1.7951205852061354
1.7951205852061354
1.7951205852061354
1.7951205852061354
1.7951205852061354
1.7951205852061354
1.3323786413260312
1.5746529542386063
1.6664958720855836
1.7154615090123504
1.7410492287025223
1.7410492287025223
1.7410492287025223
1.7410492287025223
1.7410492287025223
1.7410510099908358
1.7413800170599274
1.7413800170599274
1.7413800170599274
1.7413800170599274
1.7413800170599274
1.7413945499529282
1.7413945499529282
1.741401563449437
1.741401563449437
1.741401563449437
1.741401563449437
1.741401563449437
1.741401563449437
1.741401563449437
1.741401563449437
1.3323786413260312
1.6648755881359307
1.784425422419341
1.818624134446487
1.8265261039230805
1.851839962659408
1.851839962659408
1.851839962659408
1.857412543735332
1.857412543735332
1.857412543735332
1.857412543735332
1.857412543735332
1.857412543735332
1.857412543735332
1.857412543735332
1.857412543735332
1.857412543735332
1.857412543735332
1.857412543735332
1.857412543735332
1.857412543735332
1.857412543735332
1.857412543735332
1.857412543735332
1.3323786413260312
1.626522717452108
1.7048972694864197
1.7323278061658198
1.739235072440493
1.739235072440493
1.739465387180934
1.739465387180934
1.739465387180934
1.739465387180934
1.739465387180934
1.739465387180934
1.739465387180934
1.739465387180934
1.7440815900701876
1.7440815900701876
1.7440815900701876
1.7440815900701876
1.7440815900701876
1.750188798268543
1.750188798268543
1.7506180986276532
1.7506349722217396
1.7506480278529573
1.7544452558907793
