1.3323786413260312
1.6566680678991568
1.7429239775238194
1.7704672720890438
1.770501022654145
1.77766322353411
1.7822922448379563
1.7823381962017215
1.7823381962017215
1.782387681413296
1.7896418048347038
1.7896418048347038
1.7896418048347038
1.7896418048347038
1.7896418048347038
1.7896418048347038
1.7904100734555295
1.7904100734555295
1.7951205852061354
1.7951205852061354
1.7951205852061354
1.7951205852061354
1.7951205852061354
1.7951205852061354
1.7951205852061354
1.3323786413260312
1.5746529542386063
1.6664958720855836
1.7154615090123504
1.7410492287025223
1.7410492287025223
1.7410492287025223
1.7410492287025223
1.7410492287025223
1.7410510099908358
1.7413800170599274
1.7413800170599274
1.7413800170599274
1.7413800170599274
1.7413800170599274
1.7413945499529282
1.7413945499529282
1.741401563449437
1.741401563449437
1.741401563449437
1.741401563449437
1.741401563449437
1.741401563449437
1.741401563449437
1.741401563449437
1.3323786413260312
1.6648755881359307
1.784425422419341
1.818624134446487
1.8265261039230805
1.851839962659408
1.851839962659408
1.851839962659408
1.857412543735332
1.857412543735332
1.857412543735332
1.857412543735332
1.857412543735332
1.857412543735332
1.857412543735332
1.857412543735332
1.857412543735332
1.857412543735332
1.857412543735332
1.857412543735332
1.857412543735332
1.857412543735332
1.857412543735332
1.857412543735332
1.857412543735332
1.3323786413260312
1.626522717452108
1.7048972694864197
1.7323278061658198
1.739235072440493
1.739235072440493
1.739465387180934
1.739465387180934
1.739465387180934
1.739465387180934
1.739465387180934
1.739465387180934
1.739465387180934
1.739465387180934
1.7440815900701876
1.7440815900701876
1.7440815900701876
1.7440815900701876
1.7440815900701876
1.750188798268543
1.750188798268543
1.7506180986276532
1.7506349722217396
1.7506480278529573
1.7544452558907793
1.3323786413260312
1.566082563459401
1.7206314806991658
1.7548109423128233
1.7715064816343447
1.7715064816343447
1.7781917087572376
1.7782388227616421
1.7782483771146242
1.7782483771146242
1.7782887175770605
1.7793610268577906
1.7801379093622163
1.7934673849951923
1.7934673849951923
1.7934770222761018
1.7934958954954008
1.793499449183585
1.793499449183585
1.793499449183585
1.793499449183585
1.793499449183585
1.793560858864365
1.7940638105985294
1.7940638105985294
