1.3323786413260312
1.6566680678991568
1.7429239775238194
1.7704672720890438
1.770501022654145
1.77766322353411
1.7822922448379563
1.7823381962017215
1.7823381962017215
1.782387681413296
1.7896418048347038
1.7896418048347038
1.7896418048347038
1.7896418048347038
1.7896418048347038
1.7896418048347038
1.7904100734555295
1.7904100734555295
1.7951205852061354
1.7951205852061354
1.7951205852061354
1.7951205852061354
1.7951205852061354
1.7951205852061354
1.7951205852061354
1.3323786413260312
1.5746529542386063
1.6664958720855836
1.7154615090123504
1.7410492287025223
1.7410492287025223
1.7410492287025223
1.7410492287025223
1.7410492287025223
1.7410510099908358
1.7413800170599274
1.7413800170599274
1.7413800170599274
1.7413800170599274
1.7413800170599274
1.7413945499529282
1.7413945499529282
1.741401563449437
1.741401563449437
1.741401563449437
1.741401563449437
1.741401563449437
1.741401563449437
1.741401563449437
1.741401563449437
1.3323786413260312
1.6648755881359307
1.784425422419341
1.818624134446487
1.8265261039230805
1.851839962659408
1.851839962659408
1.851839962659408
1.857412543735332
1.857412543735332
1.857412543735332
1.857412543735332
1.857412543735332
1.857412543735332
1.857412543735332
1.857412543735332
1.857412543735332
1.857412543735332
1.857412543735332
1.857412543735332
1.857412543735332
1.857412543735332
1.857412543735332
1.857412543735332
1.857412543735332
1.3323786413260312
1.626522717452108
1.7048972694864197
1.7323278061658198
1.739235072440493
1.739235072440493
1.739465387180934
1.739465387180934
1.739465387180934
1.739465387180934
1.739465387180934
1.739465387180934
1.739465387180934
1.739465387180934
1.7440815900701876
1.7440815900701876
1.7440815900701876
1.7440815900701876
1.7440815900701876
1.750188798268543
1.750188798268543
1.7506180986276532
1.7506349722217396
1.7506480278529573
1.7544452558907793
1.3323786413260312
1.566082563459401
1.7206314806991658
1.7548109423128233
1.7715064816343447
1.7715064816343447
1.7781917087572376
1.7782388227616421
1.7782483771146242
1.7782483771146242
1.7782887175770605
1.7793610268577906
1.7801379093622163
1.7934673849951923
1.7934673849951923
1.7934770222761018
1.7934958954954008
1.793499449183585
1.793499449183585
1.793499449183585
1.793499449183585
1.793499449183585
1.793560858864365
1.7940638105985294
1.7940638105985294
1.3323786413260312
1.6339213510280204
1.6891749351127914
1.702200503316151
1.711449133118466
1.714811336147882
1.7239153852924305
1.7357199707963369
1.735726081459016
1.735726081459016
1.735726081459016
1.735726081459016
1.735726081459016
1.735726081459016
1.735726081459016
1.735726081459016
1.735726081459016
1.735726081459016
1.735726081459016
1.7486339794065766
1.7486339794065766
1.7486339794065766
1.7486339794065766
1.7486339794065766
1.7486339794065766
1.3323786413260312
1.6716135378203003
1.7734644974176488
1.7990173982375026
1.7990656738389073
1.7990656738389073
1.7991687925713586
1.8018432009641514
1.8018872616688404
1.8018872616688404
1.8018872616688404
1.8018872616688404
1.8018872616688404
1.8065527231714453
1.8065527231714453
1.8065527231714453
1.8065527231714453
1.8065527231714453
1.8065527231714453
1.8065527231714453
1.8065527231714453
1.8079529068236826
1.8104066540708983
1.8104066540708983
1.8104066540708983
1.3323786413260312
1.599648548214178
1.7309611502023567
1.7455053032605523
1.7455053032605523
1.7508316211677097
1.7508316211677097
1.7508316211677097
1.7508316211677097
1.7508316211677097
1.7508316211677097
1.7508316211677097
1.7565759885464474
1.7927407571380711
1.7966483000417364
1.7966483000417364
1.8013411742214223
1.8013411742214223
1.8013411742214223
1.8013432081461678
1.8013432081461678
1.8013432081461678
1.806035803651212
1.806035803651212
1.806035803651212
1.3323786413260312
1.5722465138221482
1.7193414166584744
1.7621001875680375
1.7621055136560926
1.7687851280529916
1.7687851280529916
1.7708407892660516
1.7712185754941658
1.7712217665480365
1.7712217665480365
1.7907852754436968
1.8000443495166425
1.8000443495166425
1.8000443495166425
1.8000443495166425
1.8000443495166425
1.8000443495166425
1.8000561567583877
1.8017804603101313
1.8017804603101313
1.8017804603101313
1.801809383862208
1.801809383862208
1.801809383862208
