1.3756637010453516
1.6699756925964722
1.8342062240432127
1.8423895552731797
1.8482906391809741
1.8482906391809741
1.8482906391809741
1.8482906391809741
1.8482906391809741
1.8482906391809741
1.8482906391809741
1.8482906391809741
1.8482906391809741
1.8482906391809741
1.8482906391809741
1.8482906391809741
1.8482906391809741
1.8482906391809741
1.8482906391809741
1.8482906391809741
1.8482906391809741
1.8482906391809741
1.8482906391809741
1.8482906391809741
1.8482906391809741
1.3756637010453516
1.6699756925964722
1.8342062240432127
1.8423895552731797
1.8482906391809741
1.8482906391809741
1.8482906391809741
1.8482906391809741
1.8482906391809741
1.8482906391809741
1.8482906391809741
1.8482906391809741
1.8482906391809741
1.8482906391809741
1.8482906391809741
1.8482906391809741
1.8482906391809741
1.8482906391809741
1.8482906391809741
1.8482906391809741
1.8482906391809741
1.8482906391809741
1.8482906391809741
1.8482906391809741
1.8482906391809741
1.3756637010453516
1.6699756925964722
1.8342062240432127
1.8423895552731797
1.8482906391809741
1.8482906391809741
1.8482906391809741
1.8482906391809741
1.8482906391809741
1.8482906391809741
1.8482906391809741
1.8482906391809741
1.8482906391809741
1.8482906391809741
1.8482906391809741
1.8482906391809741
1.8482906391809741
1.8482906391809741
1.8482906391809741
1.8482906391809741
1.8482906391809741
1.8482906391809741
1.8482906391809741
1.8482906391809741
1.8482906391809741
