0.7727272727272727	-0.21245976953207613
0.7520661157024794	-0.20725557343414372
0.768595041322314	-0.21042622344210293
0.7603305785123967	-0.20851085735501673
0.7644628099173554	-0.20899690473533317
0.7727272727272727	-0.21245976953207613
0.7727272727272727	-0.21245976953207613
0.7727272727272727	-0.21245976953207613
0.7727272727272727	-0.21245976953207613
0.7727272727272727	-0.21245976953207613
0.7727272727272727	-0.21245976953207613
0.7520661157024794	-0.20725557343414372
0.7727272727272727	-0.21245976953207613
0.7727272727272727	-0.21245976953207613
0.7727272727272727	-0.21245976953207613
0.7727272727272727	-0.21245976953207613
0.7727272727272727	-0.21245976953207613
0.7727272727272727	-0.21245976953207613
0.7727272727272727	-0.21245976953207613
0.7727272727272727	-0.21245976953207613
0.7727272727272727	-0.21245976953207613
0.7727272727272727	-0.21245976953207613
0.768595041322314	-0.21042622344210293
0.7727272727272727	-0.21245976953207613
0.7727272727272727	-0.21245976953207613
0.7603305785123967	-0.20851085735501673
0.7727272727272727	-0.21245976953207613
0.7727272727272727	-0.21245976953207613
0.7727272727272727	-0.21245976953207613
0.7727272727272727	-0.21245976953207613
0.7520661157024794	-0.20725557343414372
0.7727272727272727	-0.21245976953207613
0.7727272727272727	-0.21245976953207613
0.7727272727272727	-0.21245976953207613
0.7727272727272727	-0.21245976953207613
0.7727272727272727	-0.21245976953207613
0.7727272727272727	-0.21245976953207613
0.7727272727272727	-0.21245976953207613
0.7727272727272727	-0.21245976953207613
0.7727272727272727	-0.21245976953207613
0.7727272727272727	-0.21245976953207613
0.7727272727272727	-0.21245976953207613
0.7727272727272727	-0.21245976953207613
0.7727272727272727	-0.21245976953207613
0.7727272727272727	-0.21245976953207613
0.768595041322314	-0.21042622344210293
0.7727272727272727	-0.21245976953207613
0.7727272727272727	-0.21245976953207613
0.7727272727272727	-0.21245976953207613
0.7727272727272727	-0.21245976953207613
0.7727272727272727	-0.21245976953207613
0.7727272727272727	-0.21245976953207613
0.7727272727272727	-0.21245976953207613
0.7727272727272727	-0.21245976953207613
0.7727272727272727	-0.21245976953207613
0.7727272727272727	-0.21245976953207613
0.7727272727272727	-0.21245976953207613
0.7727272727272727	-0.21245976953207613
0.7727272727272727	-0.21245976953207613
0.7727272727272727	-0.21245976953207613
0.7727272727272727	-0.21245976953207613
0.7727272727272727	-0.21245976953207613
0.7727272727272727	-0.21245976953207613
0.7727272727272727	-0.21245976953207613
0.7727272727272727	-0.21245976953207613
0.7727272727272727	-0.21245976953207613
0.7727272727272727	-0.21245976953207613
0.7727272727272727	-0.21245976953207613
0.7727272727272727	-0.21245976953207613
0.7727272727272727	-0.21245976953207613
0.7727272727272727	-0.21245976953207613
0.7727272727272727	-0.21245976953207613
0.7727272727272727	-0.21245976953207613
0.7727272727272727	-0.21245976953207613
0.7727272727272727	-0.21245976953207613
0.7727272727272727	-0.21245976953207613
0.7727272727272727	-0.21245976953207613
0.7727272727272727	-0.21245976953207613
0.7727272727272727	-0.21245976953207613
0.7727272727272727	-0.21245976953207613
0.7727272727272727	-0.21245976953207613
0.7727272727272727	-0.21245976953207613
0.768595041322314	-0.21042622344210293
0.7727272727272727	-0.21245976953207613
0.7727272727272727	-0.21245976953207613
0.7727272727272727	-0.21245976953207613
0.7727272727272727	-0.21245976953207613
0.7520661157024794	-0.20725557343414372
0.7727272727272727	-0.21245976953207613
0.7727272727272727	-0.21245976953207613
0.7727272727272727	-0.21245976953207613
0.7727272727272727	-0.21245976953207613
0.7727272727272727	-0.21245976953207613
0.768595041322314	-0.21042622344210293
0.7644628099173554	-0.20899690473533317
0.7727272727272727	-0.21245976953207613
0.7727272727272727	-0.21245976953207613
0.7644628099173554	-0.20899690473533317
0.7727272727272727	-0.21245976953207613
0.7727272727272727	-0.21245976953207613
0.7727272727272727	-0.21245976953207613
0.7727272727272727	-0.21245976953207613
0.7727272727272727	-0.21245976953207613
0.768595041322314	-0.21042622344210293
0.7727272727272727	-0.21245976953207613
0.7727272727272727	-0.21245976953207613
0.7727272727272727	-0.21245976953207613
0.7727272727272727	-0.21245976953207613
0.7727272727272727	-0.21245976953207613
0.7727272727272727	-0.21245976953207613
0.768595041322314	-0.21042622344210293
0.7727272727272727	-0.21245976953207613
0.7727272727272727	-0.21245976953207613
0.7727272727272727	-0.21245976953207613
0.7727272727272727	-0.21245976953207613
0.7727272727272727	-0.21245976953207613
0.7727272727272727	-0.21245976953207613
0.7727272727272727	-0.21245976953207613
0.7727272727272727	-0.21245976953207613
0.7603305785123967	-0.20851085735501673
0.7727272727272727	-0.21245976953207613
0.7727272727272727	-0.21245976953207613
0.7727272727272727	-0.21245976953207613
0.7727272727272727	-0.21245976953207613
0.7644628099173554	-0.20899690473533317
0.7727272727272727	-0.21245976953207613
0.7727272727272727	-0.21245976953207613
0.7727272727272727	-0.21245976953207613
0.7727272727272727	-0.21245976953207613
0.7727272727272727	-0.21245976953207613
0.7520661157024794	-0.20725557343414372
0.7727272727272727	-0.21245976953207613
0.7727272727272727	-0.21245976953207613
0.7727272727272727	-0.21245976953207613
0.7727272727272727	-0.21245976953207613
0.7727272727272727	-0.21245976953207613
0.7727272727272727	-0.21245976953207613
0.7727272727272727	-0.21245976953207613
0.768595041322314	-0.21042622344210293
0.768595041322314	-0.21042622344210293
0.7727272727272727	-0.21245976953207613
0.7727272727272727	-0.21245976953207613
0.7727272727272727	-0.21245976953207613
0.768595041322314	-0.21042622344210293
0.7727272727272727	-0.21245976953207613
0.7727272727272727	-0.21245976953207613
0.7727272727272727	-0.21245976953207613
0.7727272727272727	-0.21245976953207613
0.7727272727272727	-0.21245976953207613
0.7727272727272727	-0.21245976953207613
0.7727272727272727	-0.21245976953207613
0.7727272727272727	-0.21245976953207613
0.7727272727272727	-0.21245976953207613
0.7727272727272727	-0.21245976953207613
0.7727272727272727	-0.21245976953207613
0.7727272727272727	-0.21245976953207613
0.7727272727272727	-0.21245976953207613
0.7727272727272727	-0.21245976953207613
0.7727272727272727	-0.21245976953207613
0.7520661157024794	-0.20725557343414372
0.7727272727272727	-0.21245976953207613
0.7727272727272727	-0.21245976953207613
0.7727272727272727	-0.21245976953207613
0.768595041322314	-0.21042622344210293
0.7727272727272727	-0.21245976953207613
0.7727272727272727	-0.21245976953207613
0.7727272727272727	-0.21245976953207613
0.768595041322314	-0.21042622344210293
0.7727272727272727	-0.21245976953207613
0.7727272727272727	-0.21245976953207613
0.7727272727272727	-0.21245976953207613
0.7727272727272727	-0.21245976953207613
0.7727272727272727	-0.21245976953207613
0.7727272727272727	-0.21245976953207613
0.7727272727272727	-0.21245976953207613
0.7727272727272727	-0.21245976953207613
0.7727272727272727	-0.21245976953207613
0.7727272727272727	-0.21245976953207613
0.7727272727272727	-0.21245976953207613
0.7727272727272727	-0.21245976953207613
0.7727272727272727	-0.21245976953207613
0.7727272727272727	-0.21245976953207613
0.7727272727272727	-0.21245976953207613
0.7520661157024794	-0.20725557343414372
0.7727272727272727	-0.21245976953207613
0.7727272727272727	-0.21245976953207613
0.7520661157024794	-0.20725557343414372
0.7727272727272727	-0.21245976953207613
0.7727272727272727	-0.21245976953207613
0.7727272727272727	-0.21245976953207613
0.7727272727272727	-0.21245976953207613
0.7727272727272727	-0.21245976953207613
0.7727272727272727	-0.21245976953207613
0.7727272727272727	-0.21245976953207613
0.768595041322314	-0.21042622344210293
0.7644628099173554	-0.20899690473533317
0.7727272727272727	-0.21245976953207613
0.7727272727272727	-0.21245976953207613
0.7727272727272727	-0.21245976953207613
0.7727272727272727	-0.21245976953207613
