0.7231404958677686	-0.2289837068567217
0.743801652892562	-0.24453626245375623
0.7396694214876033	-0.23408314069366112
0.731404958677686	-0.23008959150909422
0.7355371900826446	-0.23310579454478011
0.7231404958677686	-0.2289837068567217
0.7396694214876033	-0.23408314069366112
0.7396694214876033	-0.23408314069366112
0.7355371900826446	-0.23310579454478011
0.7231404958677686	-0.2289837068567217
0.7231404958677686	-0.2289837068567217
0.7355371900826446	-0.23310579454478011
0.731404958677686	-0.23008959150909422
0.7396694214876033	-0.23408314069366112
0.7396694214876033	-0.23408314069366112
0.731404958677686	-0.23008959150909422
0.7355371900826446	-0.23310579454478011
0.7396694214876033	-0.23408314069366112
0.7231404958677686	-0.2289837068567217
0.731404958677686	-0.23008959150909422
0.7396694214876033	-0.23408314069366112
0.7231404958677686	-0.2289837068567217
0.7396694214876033	-0.23408314069366112
0.7396694214876033	-0.23408314069366112
0.7355371900826446	-0.23310579454478011
0.7396694214876033	-0.23408314069366112
0.7231404958677686	-0.2289837068567217
0.7355371900826446	-0.23310579454478011
0.7355371900826446	-0.23310579454478011
0.7231404958677686	-0.2289837068567217
0.7355371900826446	-0.23310579454478011
0.731404958677686	-0.23008959150909422
0.731404958677686	-0.23008959150909422
0.7396694214876033	-0.23408314069366112
0.7355371900826446	-0.23310579454478011
0.7396694214876033	-0.23408314069366112
0.7396694214876033	-0.23408314069366112
0.7396694214876033	-0.23408314069366112
0.7396694214876033	-0.23408314069366112
0.7355371900826446	-0.23310579454478011
0.7355371900826446	-0.23310579454478011
0.7355371900826446	-0.23310579454478011
0.7355371900826446	-0.23310579454478011
0.7355371900826446	-0.23310579454478011
0.7396694214876033	-0.23408314069366112
0.7355371900826446	-0.23310579454478011
0.7396694214876033	-0.23408314069366112
0.7355371900826446	-0.23310579454478011
0.7396694214876033	-0.23408314069366112
0.743801652892562	-0.24453626245375623
0.7231404958677686	-0.2289837068567217
0.7355371900826446	-0.23310579454478011
0.7355371900826446	-0.23310579454478011
0.7231404958677686	-0.2289837068567217
0.731404958677686	-0.23008959150909422
0.7396694214876033	-0.23408314069366112
0.7396694214876033	-0.23408314069366112
0.731404958677686	-0.23008959150909422
0.7355371900826446	-0.23310579454478011
0.7396694214876033	-0.23408314069366112
0.7396694214876033	-0.23408314069366112
0.731404958677686	-0.23008959150909422
0.731404958677686	-0.23008959150909422
0.731404958677686	-0.23008959150909422
0.7231404958677686	-0.2289837068567217
0.7396694214876033	-0.23408314069366112
0.7231404958677686	-0.2289837068567217
0.7396694214876033	-0.23408314069366112
0.7396694214876033	-0.23408314069366112
0.7396694214876033	-0.23408314069366112
0.731404958677686	-0.23008959150909422
0.7231404958677686	-0.2289837068567217
0.7355371900826446	-0.23310579454478011
0.7231404958677686	-0.2289837068567217
0.7355371900826446	-0.23310579454478011
0.731404958677686	-0.23008959150909422
0.7355371900826446	-0.23310579454478011
0.7355371900826446	-0.23310579454478011
0.731404958677686	-0.23008959150909422
0.7355371900826446	-0.23310579454478011
0.7355371900826446	-0.23310579454478011
0.7231404958677686	-0.2289837068567217
0.731404958677686	-0.23008959150909422
0.7396694214876033	-0.23408314069366112
0.7396694214876033	-0.23408314069366112
0.7355371900826446	-0.23310579454478011
0.7355371900826446	-0.23310579454478011
0.7355371900826446	-0.23310579454478011
0.7355371900826446	-0.23310579454478011
0.731404958677686	-0.23008959150909422
0.7396694214876033	-0.23408314069366112
0.7355371900826446	-0.23310579454478011
0.7355371900826446	-0.23310579454478011
0.7355371900826446	-0.23310579454478011
0.7396694214876033	-0.23408314069366112
0.7396694214876033	-0.23408314069366112
0.7355371900826446	-0.23310579454478011
0.7231404958677686	-0.2289837068567217
0.731404958677686	-0.23008959150909422
0.7355371900826446	-0.23310579454478011
0.7396694214876033	-0.23408314069366112
0.7396694214876033	-0.23408314069366112
0.7396694214876033	-0.23408314069366112
0.731404958677686	-0.23008959150909422
0.7396694214876033	-0.23408314069366112
0.7231404958677686	-0.2289837068567217
0.731404958677686	-0.23008959150909422
0.7355371900826446	-0.23310579454478011
0.7355371900826446	-0.23310579454478011
0.731404958677686	-0.23008959150909422
0.7396694214876033	-0.23408314069366112
0.7355371900826446	-0.23310579454478011
0.7396694214876033	-0.23408314069366112
0.7355371900826446	-0.23310579454478011
0.7355371900826446	-0.23310579454478011
0.7231404958677686	-0.2289837068567217
0.731404958677686	-0.23008959150909422
0.7231404958677686	-0.2289837068567217
0.7231404958677686	-0.2289837068567217
0.7396694214876033	-0.23408314069366112
0.7396694214876033	-0.23408314069366112
0.7231404958677686	-0.2289837068567217
0.7355371900826446	-0.23310579454478011
0.731404958677686	-0.23008959150909422
0.7231404958677686	-0.2289837068567217
0.7355371900826446	-0.23310579454478011
0.731404958677686	-0.23008959150909422
0.7355371900826446	-0.23310579454478011
0.7355371900826446	-0.23310579454478011
0.7355371900826446	-0.23310579454478011
0.731404958677686	-0.23008959150909422
0.7396694214876033	-0.23408314069366112
0.7355371900826446	-0.23310579454478011
0.7355371900826446	-0.23310579454478011
0.7231404958677686	-0.2289837068567217
0.731404958677686	-0.23008959150909422
0.7396694214876033	-0.23408314069366112
0.7355371900826446	-0.23310579454478011
0.7231404958677686	-0.2289837068567217
0.7355371900826446	-0.23310579454478011
0.7396694214876033	-0.23408314069366112
0.731404958677686	-0.23008959150909422
0.7396694214876033	-0.23408314069366112
0.7396694214876033	-0.23408314069366112
0.731404958677686	-0.23008959150909422
0.731404958677686	-0.23008959150909422
0.731404958677686	-0.23008959150909422
0.7396694214876033	-0.23408314069366112
0.7355371900826446	-0.23310579454478011
0.7396694214876033	-0.23408314069366112
0.7355371900826446	-0.23310579454478011
0.7231404958677686	-0.2289837068567217
0.731404958677686	-0.23008959150909422
0.7396694214876033	-0.23408314069366112
0.7355371900826446	-0.23310579454478011
0.7231404958677686	-0.2289837068567217
0.7231404958677686	-0.2289837068567217
0.7355371900826446	-0.23310579454478011
0.731404958677686	-0.23008959150909422
0.7355371900826446	-0.23310579454478011
0.731404958677686	-0.23008959150909422
0.7355371900826446	-0.23310579454478011
0.731404958677686	-0.23008959150909422
0.731404958677686	-0.23008959150909422
0.7396694214876033	-0.23408314069366112
0.7396694214876033	-0.23408314069366112
0.7396694214876033	-0.23408314069366112
0.7396694214876033	-0.23408314069366112
0.7231404958677686	-0.2289837068567217
0.7396694214876033	-0.23408314069366112
0.731404958677686	-0.23008959150909422
0.7396694214876033	-0.23408314069366112
0.7396694214876033	-0.23408314069366112
0.731404958677686	-0.23008959150909422
0.7396694214876033	-0.23408314069366112
0.7355371900826446	-0.23310579454478011
0.731404958677686	-0.23008959150909422
0.7396694214876033	-0.23408314069366112
0.7396694214876033	-0.23408314069366112
0.7355371900826446	-0.23310579454478011
0.7396694214876033	-0.23408314069366112
0.7355371900826446	-0.23310579454478011
0.7231404958677686	-0.2289837068567217
0.7355371900826446	-0.23310579454478011
0.731404958677686	-0.23008959150909422
0.731404958677686	-0.23008959150909422
0.731404958677686	-0.23008959150909422
0.731404958677686	-0.23008959150909422
0.7396694214876033	-0.23408314069366112
0.7396694214876033	-0.23408314069366112
0.7355371900826446	-0.23310579454478011
0.7231404958677686	-0.2289837068567217
0.7355371900826446	-0.23310579454478011
0.7396694214876033	-0.23408314069366112
0.7355371900826446	-0.23310579454478011
0.7231404958677686	-0.2289837068567217
0.731404958677686	-0.23008959150909422
0.7396694214876033	-0.23408314069366112
0.7355371900826446	-0.23310579454478011
0.7396694214876033	-0.23408314069366112
