0.78099173553719	-0.21637394331239254
0.7644628099173554	-0.20105349582168647
0.7768595041322314	-0.21050837410993795
0.768595041322314	-0.20549528705912293
0.7727272727272727	-0.2061523563274174
0.7727272727272727	-0.2061523563274174
0.7644628099173554	-0.20105349582168647
0.7644628099173554	-0.20105349582168647
0.7644628099173554	-0.20105349582168647
0.7727272727272727	-0.2061523563274174
0.7644628099173554	-0.20105349582168647
0.7644628099173554	-0.20105349582168647
0.7768595041322314	-0.21050837410993795
0.7727272727272727	-0.2061523563274174
0.7768595041322314	-0.21050837410993795
0.7727272727272727	-0.2061523563274174
0.7644628099173554	-0.20105349582168647
0.768595041322314	-0.20549528705912293
0.78099173553719	-0.21637394331239254
0.7644628099173554	-0.20105349582168647
0.768595041322314	-0.20549528705912293
0.7727272727272727	-0.2061523563274174
0.7644628099173554	-0.20105349582168647
0.7644628099173554	-0.20105349582168647
0.7727272727272727	-0.2061523563274174
0.7727272727272727	-0.2061523563274174
0.7644628099173554	-0.20105349582168647
0.7644628099173554	-0.20105349582168647
0.7727272727272727	-0.2061523563274174
0.7727272727272727	-0.2061523563274174
0.7727272727272727	-0.2061523563274174
0.7644628099173554	-0.20105349582168647
0.7727272727272727	-0.2061523563274174
0.7644628099173554	-0.20105349582168647
0.7727272727272727	-0.2061523563274174
0.7644628099173554	-0.20105349582168647
0.7768595041322314	-0.21050837410993795
0.768595041322314	-0.20549528705912293
0.7727272727272727	-0.2061523563274174
0.7727272727272727	-0.2061523563274174
0.7644628099173554	-0.20105349582168647
0.7727272727272727	-0.2061523563274174
0.768595041322314	-0.20549528705912293
0.7727272727272727	-0.2061523563274174
0.7644628099173554	-0.20105349582168647
0.7727272727272727	-0.2061523563274174
0.7727272727272727	-0.2061523563274174
0.7644628099173554	-0.20105349582168647
0.7644628099173554	-0.20105349582168647
0.7644628099173554	-0.20105349582168647
0.7727272727272727	-0.2061523563274174
0.768595041322314	-0.20549528705912293
0.7644628099173554	-0.20105349582168647
0.7644628099173554	-0.20105349582168647
0.7727272727272727	-0.2061523563274174
0.7768595041322314	-0.21050837410993795
0.7727272727272727	-0.2061523563274174
0.7727272727272727	-0.2061523563274174
0.7727272727272727	-0.2061523563274174
0.7727272727272727	-0.2061523563274174
0.768595041322314	-0.20549528705912293
0.7727272727272727	-0.2061523563274174
0.7644628099173554	-0.20105349582168647
0.7644628099173554	-0.20105349582168647
0.7644628099173554	-0.20105349582168647
0.7727272727272727	-0.2061523563274174
0.7644628099173554	-0.20105349582168647
0.7644628099173554	-0.20105349582168647
0.7644628099173554	-0.20105349582168647
0.7768595041322314	-0.21050837410993795
0.7644628099173554	-0.20105349582168647
0.78099173553719	-0.21637394331239254
0.7644628099173554	-0.20105349582168647
0.7644628099173554	-0.20105349582168647
0.7644628099173554	-0.20105349582168647
0.7727272727272727	-0.2061523563274174
0.7644628099173554	-0.20105349582168647
0.7644628099173554	-0.20105349582168647
0.7768595041322314	-0.21050837410993795
0.7644628099173554	-0.20105349582168647
0.768595041322314	-0.20549528705912293
0.768595041322314	-0.20549528705912293
0.7727272727272727	-0.2061523563274174
0.768595041322314	-0.20549528705912293
0.7727272727272727	-0.2061523563274174
0.7644628099173554	-0.20105349582168647
0.7644628099173554	-0.20105349582168647
0.7644628099173554	-0.20105349582168647
0.7727272727272727	-0.2061523563274174
0.7727272727272727	-0.2061523563274174
0.7727272727272727	-0.2061523563274174
0.7768595041322314	-0.21050837410993795
0.7644628099173554	-0.20105349582168647
0.7644628099173554	-0.20105349582168647
0.768595041322314	-0.20549528705912293
0.768595041322314	-0.20549528705912293
0.7644628099173554	-0.20105349582168647
0.7727272727272727	-0.2061523563274174
0.768595041322314	-0.20549528705912293
0.7768595041322314	-0.21050837410993795
0.7644628099173554	-0.20105349582168647
0.7727272727272727	-0.2061523563274174
0.7727272727272727	-0.2061523563274174
0.7727272727272727	-0.2061523563274174
0.768595041322314	-0.20549528705912293
0.7727272727272727	-0.2061523563274174
0.7644628099173554	-0.20105349582168647
0.7644628099173554	-0.20105349582168647
0.78099173553719	-0.21637394331239254
0.7768595041322314	-0.21050837410993795
0.7727272727272727	-0.2061523563274174
0.7644628099173554	-0.20105349582168647
0.7644628099173554	-0.20105349582168647
0.7768595041322314	-0.21050837410993795
0.7644628099173554	-0.20105349582168647
0.78099173553719	-0.21637394331239254
0.7727272727272727	-0.2061523563274174
0.7644628099173554	-0.20105349582168647
0.768595041322314	-0.20549528705912293
0.7727272727272727	-0.2061523563274174
0.7644628099173554	-0.20105349582168647
0.7727272727272727	-0.2061523563274174
0.7644628099173554	-0.20105349582168647
0.768595041322314	-0.20549528705912293
0.7727272727272727	-0.2061523563274174
0.7644628099173554	-0.20105349582168647
0.7644628099173554	-0.20105349582168647
0.7644628099173554	-0.20105349582168647
0.7644628099173554	-0.20105349582168647
0.7644628099173554	-0.20105349582168647
0.7727272727272727	-0.2061523563274174
0.7727272727272727	-0.2061523563274174
0.7644628099173554	-0.20105349582168647
0.7644628099173554	-0.20105349582168647
0.7644628099173554	-0.20105349582168647
0.7644628099173554	-0.20105349582168647
0.7727272727272727	-0.2061523563274174
0.768595041322314	-0.20549528705912293
0.7727272727272727	-0.2061523563274174
0.7727272727272727	-0.2061523563274174
0.7727272727272727	-0.2061523563274174
0.7727272727272727	-0.2061523563274174
0.7727272727272727	-0.2061523563274174
0.7644628099173554	-0.20105349582168647
0.7727272727272727	-0.2061523563274174
0.7727272727272727	-0.2061523563274174
0.768595041322314	-0.20549528705912293
0.7727272727272727	-0.2061523563274174
0.7727272727272727	-0.2061523563274174
0.768595041322314	-0.20549528705912293
0.7644628099173554	-0.20105349582168647
0.7727272727272727	-0.2061523563274174
0.7727272727272727	-0.2061523563274174
0.7644628099173554	-0.20105349582168647
0.7644628099173554	-0.20105349582168647
0.7727272727272727	-0.2061523563274174
0.7727272727272727	-0.2061523563274174
0.7727272727272727	-0.2061523563274174
0.768595041322314	-0.20549528705912293
0.768595041322314	-0.20549528705912293
0.7727272727272727	-0.2061523563274174
0.7644628099173554	-0.20105349582168647
0.7768595041322314	-0.21050837410993795
0.7644628099173554	-0.20105349582168647
0.7727272727272727	-0.2061523563274174
0.7727272727272727	-0.2061523563274174
0.7768595041322314	-0.21050837410993795
0.7768595041322314	-0.21050837410993795
0.7727272727272727	-0.2061523563274174
0.7727272727272727	-0.2061523563274174
0.7727272727272727	-0.2061523563274174
0.7644628099173554	-0.20105349582168647
0.7727272727272727	-0.2061523563274174
0.7727272727272727	-0.2061523563274174
0.7727272727272727	-0.2061523563274174
0.7727272727272727	-0.2061523563274174
0.7727272727272727	-0.2061523563274174
0.7727272727272727	-0.2061523563274174
0.7768595041322314	-0.21050837410993795
0.7768595041322314	-0.21050837410993795
0.7727272727272727	-0.2061523563274174
0.768595041322314	-0.20549528705912293
0.7727272727272727	-0.2061523563274174
0.7644628099173554	-0.20105349582168647
0.7727272727272727	-0.2061523563274174
0.7727272727272727	-0.2061523563274174
0.7727272727272727	-0.2061523563274174
0.7727272727272727	-0.2061523563274174
0.7768595041322314	-0.21050837410993795
0.768595041322314	-0.20549528705912293
0.768595041322314	-0.20549528705912293
0.7727272727272727	-0.2061523563274174
0.7768595041322314	-0.21050837410993795
0.7727272727272727	-0.2061523563274174
0.7727272727272727	-0.2061523563274174
0.7727272727272727	-0.2061523563274174
0.7727272727272727	-0.2061523563274174
0.7727272727272727	-0.2061523563274174
0.7727272727272727	-0.2061523563274174
0.768595041322314	-0.20549528705912293
