0.7768595041322314	-0.21050837410993795
0.7603305785123967	-0.20312534027708545
0.7727272727272727	-0.2061523563274174
0.7644628099173554	-0.203758788678002
0.768595041322314	-0.20561725697561276
0.7603305785123967	-0.20312534027708545
0.7644628099173554	-0.203758788678002
0.7644628099173554	-0.203758788678002
0.7644628099173554	-0.203758788678002
0.7644628099173554	-0.203758788678002
0.7644628099173554	-0.203758788678002
0.7644628099173554	-0.203758788678002
0.7644628099173554	-0.203758788678002
0.7603305785123967	-0.20312534027708545
0.7644628099173554	-0.203758788678002
0.7644628099173554	-0.203758788678002
0.7644628099173554	-0.203758788678002
0.7603305785123967	-0.20312534027708545
0.7603305785123967	-0.20312534027708545
0.7603305785123967	-0.20312534027708545
0.7644628099173554	-0.203758788678002
0.7644628099173554	-0.203758788678002
0.7768595041322314	-0.21050837410993795
0.7603305785123967	-0.20312534027708545
0.7603305785123967	-0.20312534027708545
0.7644628099173554	-0.203758788678002
0.7603305785123967	-0.20312534027708545
0.7644628099173554	-0.203758788678002
0.7644628099173554	-0.203758788678002
0.7603305785123967	-0.20312534027708545
0.7644628099173554	-0.203758788678002
0.7603305785123967	-0.20312534027708545
0.7644628099173554	-0.203758788678002
0.7644628099173554	-0.203758788678002
0.7644628099173554	-0.203758788678002
0.7644628099173554	-0.203758788678002
0.7644628099173554	-0.203758788678002
0.768595041322314	-0.20561725697561276
0.7644628099173554	-0.203758788678002
0.7603305785123967	-0.20312534027708545
0.7603305785123967	-0.20312534027708545
0.7644628099173554	-0.203758788678002
0.7644628099173554	-0.203758788678002
0.7644628099173554	-0.203758788678002
0.7603305785123967	-0.20312534027708545
0.7603305785123967	-0.20312534027708545
0.7644628099173554	-0.203758788678002
0.7644628099173554	-0.203758788678002
0.7644628099173554	-0.203758788678002
0.7603305785123967	-0.20312534027708545
0.7644628099173554	-0.203758788678002
0.7644628099173554	-0.203758788678002
0.7603305785123967	-0.20312534027708545
0.768595041322314	-0.20561725697561276
0.7644628099173554	-0.203758788678002
0.7644628099173554	-0.203758788678002
0.7644628099173554	-0.203758788678002
0.7644628099173554	-0.203758788678002
0.7603305785123967	-0.20312534027708545
0.7603305785123967	-0.20312534027708545
0.7644628099173554	-0.203758788678002
0.7644628099173554	-0.203758788678002
0.768595041322314	-0.20561725697561276
0.7603305785123967	-0.20312534027708545
0.7644628099173554	-0.203758788678002
0.7644628099173554	-0.203758788678002
0.7644628099173554	-0.203758788678002
0.7644628099173554	-0.203758788678002
0.7603305785123967	-0.20312534027708545
0.7727272727272727	-0.2061523563274174
0.7644628099173554	-0.203758788678002
0.7603305785123967	-0.20312534027708545
0.7644628099173554	-0.203758788678002
0.7644628099173554	-0.203758788678002
0.7603305785123967	-0.20312534027708545
0.7768595041322314	-0.21050837410993795
0.7644628099173554	-0.203758788678002
0.7603305785123967	-0.20312534027708545
0.7644628099173554	-0.203758788678002
0.7644628099173554	-0.203758788678002
0.7603305785123967	-0.20312534027708545
0.7603305785123967	-0.20312534027708545
0.7644628099173554	-0.203758788678002
0.768595041322314	-0.20561725697561276
0.7644628099173554	-0.203758788678002
0.7644628099173554	-0.203758788678002
0.7644628099173554	-0.203758788678002
0.7644628099173554	-0.203758788678002
0.7644628099173554	-0.203758788678002
0.7644628099173554	-0.203758788678002
0.7644628099173554	-0.203758788678002
0.7644628099173554	-0.203758788678002
0.7644628099173554	-0.203758788678002
0.7644628099173554	-0.203758788678002
0.7644628099173554	-0.203758788678002
0.7644628099173554	-0.203758788678002
0.7644628099173554	-0.203758788678002
0.7603305785123967	-0.20312534027708545
0.7644628099173554	-0.203758788678002
0.7603305785123967	-0.20312534027708545
0.7644628099173554	-0.203758788678002
0.7644628099173554	-0.203758788678002
0.7644628099173554	-0.203758788678002
0.7644628099173554	-0.203758788678002
0.7644628099173554	-0.203758788678002
0.7644628099173554	-0.203758788678002
0.7644628099173554	-0.203758788678002
0.7644628099173554	-0.203758788678002
0.7644628099173554	-0.203758788678002
0.7603305785123967	-0.20312534027708545
0.7603305785123967	-0.20312534027708545
0.7644628099173554	-0.203758788678002
0.7644628099173554	-0.203758788678002
0.7644628099173554	-0.203758788678002
0.7644628099173554	-0.203758788678002
0.7644628099173554	-0.203758788678002
0.7644628099173554	-0.203758788678002
0.7603305785123967	-0.20312534027708545
0.7644628099173554	-0.203758788678002
0.7603305785123967	-0.20312534027708545
0.7644628099173554	-0.203758788678002
0.7644628099173554	-0.203758788678002
0.7603305785123967	-0.20312534027708545
0.7644628099173554	-0.203758788678002
0.7644628099173554	-0.203758788678002
0.7644628099173554	-0.203758788678002
0.7644628099173554	-0.203758788678002
0.7644628099173554	-0.203758788678002
0.7644628099173554	-0.203758788678002
0.7603305785123967	-0.20312534027708545
0.7644628099173554	-0.203758788678002
0.7644628099173554	-0.203758788678002
0.7644628099173554	-0.203758788678002
0.7644628099173554	-0.203758788678002
0.7644628099173554	-0.203758788678002
0.7644628099173554	-0.203758788678002
0.7644628099173554	-0.203758788678002
0.768595041322314	-0.20561725697561276
0.7644628099173554	-0.203758788678002
0.7644628099173554	-0.203758788678002
0.7644628099173554	-0.203758788678002
0.7603305785123967	-0.20312534027708545
0.7644628099173554	-0.203758788678002
0.7644628099173554	-0.203758788678002
0.7603305785123967	-0.20312534027708545
0.7603305785123967	-0.20312534027708545
0.7603305785123967	-0.20312534027708545
0.768595041322314	-0.20561725697561276
0.7644628099173554	-0.203758788678002
0.7644628099173554	-0.203758788678002
0.7644628099173554	-0.203758788678002
0.7644628099173554	-0.203758788678002
0.7644628099173554	-0.203758788678002
0.7644628099173554	-0.203758788678002
0.7644628099173554	-0.203758788678002
0.7603305785123967	-0.20312534027708545
0.7644628099173554	-0.203758788678002
0.7603305785123967	-0.20312534027708545
0.7644628099173554	-0.203758788678002
0.7644628099173554	-0.203758788678002
0.7644628099173554	-0.203758788678002
0.7644628099173554	-0.203758788678002
0.7644628099173554	-0.203758788678002
0.7603305785123967	-0.20312534027708545
0.7644628099173554	-0.203758788678002
0.7644628099173554	-0.203758788678002
0.7603305785123967	-0.20312534027708545
0.7644628099173554	-0.203758788678002
0.7644628099173554	-0.203758788678002
0.7644628099173554	-0.203758788678002
0.7644628099173554	-0.203758788678002
0.7644628099173554	-0.203758788678002
0.7603305785123967	-0.20312534027708545
0.7603305785123967	-0.20312534027708545
0.7644628099173554	-0.203758788678002
0.7644628099173554	-0.203758788678002
0.7644628099173554	-0.203758788678002
0.7644628099173554	-0.203758788678002
0.7603305785123967	-0.20312534027708545
0.768595041322314	-0.20561725697561276
0.7603305785123967	-0.20312534027708545
0.7644628099173554	-0.203758788678002
0.7644628099173554	-0.203758788678002
0.7644628099173554	-0.203758788678002
0.7644628099173554	-0.203758788678002
0.7603305785123967	-0.20312534027708545
0.7644628099173554	-0.203758788678002
0.7644628099173554	-0.203758788678002
0.7644628099173554	-0.203758788678002
0.7644628099173554	-0.203758788678002
0.7644628099173554	-0.203758788678002
0.7644628099173554	-0.203758788678002
0.7603305785123967	-0.20312534027708545
0.7644628099173554	-0.203758788678002
0.7644628099173554	-0.203758788678002
0.7603305785123967	-0.20312534027708545
0.7644628099173554	-0.203758788678002
0.7644628099173554	-0.203758788678002
0.7603305785123967	-0.20312534027708545
0.7603305785123967	-0.20312534027708545
