0.7768595041322314	-0.21235802764080322
0.743801652892562	-0.19917359342785812
0.7727272727272727	-0.2075367121152225
0.7520661157024794	-0.20274744799992298
0.7479338842975206	-0.1999086283449268
0.768595041322314	-0.20650882966957793
0.7644628099173554	-0.20437710506682907
0.756198347107438	-0.2035776562212629
0.7603305785123967	-0.2038347560788759
0.756198347107438	-0.2035776562212629
0.7479338842975206	-0.1999086283449268
0.7768595041322314	-0.21235802764080322
0.756198347107438	-0.2035776562212629
0.7479338842975206	-0.1999086283449268
0.756198347107438	-0.2035776562212629
0.756198347107438	-0.2035776562212629
0.756198347107438	-0.2035776562212629
0.7603305785123967	-0.2038347560788759
0.7520661157024794	-0.20274744799992298
0.7479338842975206	-0.1999086283449268
0.7603305785123967	-0.2038347560788759
0.7603305785123967	-0.2038347560788759
0.7479338842975206	-0.1999086283449268
0.756198347107438	-0.2035776562212629
0.756198347107438	-0.2035776562212629
0.7479338842975206	-0.1999086283449268
0.7479338842975206	-0.1999086283449268
0.7603305785123967	-0.2038347560788759
0.756198347107438	-0.2035776562212629
0.7479338842975206	-0.1999086283449268
0.756198347107438	-0.2035776562212629
0.756198347107438	-0.2035776562212629
0.7603305785123967	-0.2038347560788759
0.756198347107438	-0.2035776562212629
0.756198347107438	-0.2035776562212629
0.7520661157024794	-0.20274744799992298
0.7603305785123967	-0.2038347560788759
0.7520661157024794	-0.20274744799992298
0.7644628099173554	-0.20437710506682907
0.7520661157024794	-0.20274744799992298
0.7479338842975206	-0.1999086283449268
0.756198347107438	-0.2035776562212629
0.7479338842975206	-0.1999086283449268
0.7479338842975206	-0.1999086283449268
0.7644628099173554	-0.20437710506682907
0.756198347107438	-0.2035776562212629
0.756198347107438	-0.2035776562212629
0.7479338842975206	-0.1999086283449268
0.756198347107438	-0.2035776562212629
0.756198347107438	-0.2035776562212629
0.756198347107438	-0.2035776562212629
0.756198347107438	-0.2035776562212629
0.7520661157024794	-0.20274744799992298
0.756198347107438	-0.2035776562212629
0.7479338842975206	-0.1999086283449268
0.756198347107438	-0.2035776562212629
0.7603305785123967	-0.2038347560788759
0.756198347107438	-0.2035776562212629
0.756198347107438	-0.2035776562212629
0.756198347107438	-0.2035776562212629
0.7603305785123967	-0.2038347560788759
0.7603305785123967	-0.2038347560788759
0.756198347107438	-0.2035776562212629
0.756198347107438	-0.2035776562212629
0.7479338842975206	-0.1999086283449268
0.7479338842975206	-0.1999086283449268
0.756198347107438	-0.2035776562212629
0.7603305785123967	-0.2038347560788759
0.756198347107438	-0.2035776562212629
0.7603305785123967	-0.2038347560788759
0.7603305785123967	-0.2038347560788759
0.756198347107438	-0.2035776562212629
0.7603305785123967	-0.2038347560788759
0.7603305785123967	-0.2038347560788759
0.756198347107438	-0.2035776562212629
0.7479338842975206	-0.1999086283449268
0.7603305785123967	-0.2038347560788759
0.7479338842975206	-0.1999086283449268
0.7644628099173554	-0.20437710506682907
0.756198347107438	-0.2035776562212629
0.756198347107438	-0.2035776562212629
0.7479338842975206	-0.1999086283449268
0.7479338842975206	-0.1999086283449268
0.7479338842975206	-0.1999086283449268
0.756198347107438	-0.2035776562212629
0.7479338842975206	-0.1999086283449268
0.7603305785123967	-0.2038347560788759
0.756198347107438	-0.2035776562212629
0.7644628099173554	-0.20437710506682907
0.756198347107438	-0.2035776562212629
0.756198347107438	-0.2035776562212629
0.756198347107438	-0.2035776562212629
0.7603305785123967	-0.2038347560788759
0.7479338842975206	-0.1999086283449268
0.7520661157024794	-0.20274744799992298
0.7727272727272727	-0.2075367121152225
0.743801652892562	-0.19917359342785812
0.7727272727272727	-0.2075367121152225
0.756198347107438	-0.2035776562212629
0.756198347107438	-0.2035776562212629
0.7520661157024794	-0.20274744799992298
0.756198347107438	-0.2035776562212629
0.7479338842975206	-0.1999086283449268
0.756198347107438	-0.2035776562212629
0.7479338842975206	-0.1999086283449268
0.7479338842975206	-0.1999086283449268
0.756198347107438	-0.2035776562212629
0.7520661157024794	-0.20274744799992298
0.7727272727272727	-0.2075367121152225
0.7603305785123967	-0.2038347560788759
0.7603305785123967	-0.2038347560788759
0.7479338842975206	-0.1999086283449268
0.7603305785123967	-0.2038347560788759
0.7603305785123967	-0.2038347560788759
0.756198347107438	-0.2035776562212629
0.756198347107438	-0.2035776562212629
0.7520661157024794	-0.20274744799992298
0.756198347107438	-0.2035776562212629
0.7479338842975206	-0.1999086283449268
0.7644628099173554	-0.20437710506682907
0.756198347107438	-0.2035776562212629
0.7479338842975206	-0.1999086283449268
0.756198347107438	-0.2035776562212629
0.7520661157024794	-0.20274744799992298
0.7603305785123967	-0.2038347560788759
0.756198347107438	-0.2035776562212629
0.7603305785123967	-0.2038347560788759
0.7727272727272727	-0.2075367121152225
0.756198347107438	-0.2035776562212629
0.7479338842975206	-0.1999086283449268
0.7479338842975206	-0.1999086283449268
0.7603305785123967	-0.2038347560788759
0.756198347107438	-0.2035776562212629
0.7479338842975206	-0.1999086283449268
0.7603305785123967	-0.2038347560788759
0.7520661157024794	-0.20274744799992298
0.7479338842975206	-0.1999086283449268
0.756198347107438	-0.2035776562212629
0.756198347107438	-0.2035776562212629
0.7520661157024794	-0.20274744799992298
0.756198347107438	-0.2035776562212629
0.7603305785123967	-0.2038347560788759
0.7479338842975206	-0.1999086283449268
0.7603305785123967	-0.2038347560788759
0.756198347107438	-0.2035776562212629
0.7603305785123967	-0.2038347560788759
0.7768595041322314	-0.21235802764080322
0.756198347107438	-0.2035776562212629
0.7479338842975206	-0.1999086283449268
0.756198347107438	-0.2035776562212629
0.7520661157024794	-0.20274744799992298
0.7479338842975206	-0.1999086283449268
0.7727272727272727	-0.2075367121152225
0.7479338842975206	-0.1999086283449268
0.7520661157024794	-0.20274744799992298
0.7603305785123967	-0.2038347560788759
0.7768595041322314	-0.21235802764080322
0.7479338842975206	-0.1999086283449268
0.7603305785123967	-0.2038347560788759
0.7479338842975206	-0.1999086283449268
0.7644628099173554	-0.20437710506682907
0.7479338842975206	-0.1999086283449268
0.756198347107438	-0.2035776562212629
0.756198347107438	-0.2035776562212629
0.756198347107438	-0.2035776562212629
0.7479338842975206	-0.1999086283449268
0.756198347107438	-0.2035776562212629
0.756198347107438	-0.2035776562212629
0.7479338842975206	-0.1999086283449268
0.7479338842975206	-0.1999086283449268
0.756198347107438	-0.2035776562212629
0.756198347107438	-0.2035776562212629
0.7479338842975206	-0.1999086283449268
0.7603305785123967	-0.2038347560788759
0.7768595041322314	-0.21235802764080322
0.7479338842975206	-0.1999086283449268
0.7644628099173554	-0.20437710506682907
0.7603305785123967	-0.2038347560788759
0.7727272727272727	-0.2075367121152225
0.7479338842975206	-0.1999086283449268
0.7603305785123967	-0.2038347560788759
0.7603305785123967	-0.2038347560788759
0.756198347107438	-0.2035776562212629
0.7479338842975206	-0.1999086283449268
0.7520661157024794	-0.20274744799992298
0.756198347107438	-0.2035776562212629
0.7603305785123967	-0.2038347560788759
0.7603305785123967	-0.2038347560788759
0.7520661157024794	-0.20274744799992298
0.7520661157024794	-0.20274744799992298
0.756198347107438	-0.2035776562212629
0.7603305785123967	-0.2038347560788759
0.768595041322314	-0.20650882966957793
0.7520661157024794	-0.20274744799992298
0.756198347107438	-0.2035776562212629
0.7644628099173554	-0.20437710506682907
0.7479338842975206	-0.1999086283449268
0.768595041322314	-0.20650882966957793
0.756198347107438	-0.2035776562212629
0.7479338842975206	-0.1999086283449268
