0.756198347107438	-0.20754038662147253
0.7768595041322314	-0.22471006968695598
0.7727272727272727	-0.21729246799369692
0.768595041322314	-0.2123225487863298
0.7644628099173554	-0.21144418442635285
0.7603305785123967	-0.20790025280579402
0.7603305785123967	-0.20790025280579402
0.7603305785123967	-0.20790025280579402
0.768595041322314	-0.2123225487863298
0.768595041322314	-0.2123225487863298
0.768595041322314	-0.2123225487863298
0.7603305785123967	-0.20790025280579402
0.7603305785123967	-0.20790025280579402
0.7603305785123967	-0.20790025280579402
0.768595041322314	-0.2123225487863298
0.7727272727272727	-0.21729246799369692
0.768595041322314	-0.2123225487863298
0.7603305785123967	-0.20790025280579402
0.7603305785123967	-0.20790025280579402
0.7603305785123967	-0.20790025280579402
0.7603305785123967	-0.20790025280579402
0.768595041322314	-0.2123225487863298
0.756198347107438	-0.20754038662147253
0.768595041322314	-0.2123225487863298
0.7603305785123967	-0.20790025280579402
0.7603305785123967	-0.20790025280579402
0.7603305785123967	-0.20790025280579402
0.7603305785123967	-0.20790025280579402
0.7603305785123967	-0.20790025280579402
0.7603305785123967	-0.20790025280579402
0.7603305785123967	-0.20790025280579402
0.7644628099173554	-0.21144418442635285
0.768595041322314	-0.2123225487863298
0.7644628099173554	-0.21144418442635285
0.768595041322314	-0.2123225487863298
0.7603305785123967	-0.20790025280579402
0.7644628099173554	-0.21144418442635285
0.7603305785123967	-0.20790025280579402
0.768595041322314	-0.2123225487863298
0.7603305785123967	-0.20790025280579402
0.768595041322314	-0.2123225487863298
0.768595041322314	-0.2123225487863298
0.7727272727272727	-0.21729246799369692
0.768595041322314	-0.2123225487863298
0.768595041322314	-0.2123225487863298
0.7603305785123967	-0.20790025280579402
0.7603305785123967	-0.20790025280579402
0.7603305785123967	-0.20790025280579402
0.7727272727272727	-0.21729246799369692
0.7603305785123967	-0.20790025280579402
0.768595041322314	-0.2123225487863298
0.7644628099173554	-0.21144418442635285
0.7603305785123967	-0.20790025280579402
0.7644628099173554	-0.21144418442635285
0.7603305785123967	-0.20790025280579402
0.768595041322314	-0.2123225487863298
0.756198347107438	-0.20754038662147253
0.7727272727272727	-0.21729246799369692
0.768595041322314	-0.2123225487863298
0.756198347107438	-0.20754038662147253
0.7603305785123967	-0.20790025280579402
0.7603305785123967	-0.20790025280579402
0.7727272727272727	-0.21729246799369692
0.768595041322314	-0.2123225487863298
0.768595041322314	-0.2123225487863298
0.7603305785123967	-0.20790025280579402
0.7603305785123967	-0.20790025280579402
0.7727272727272727	-0.21729246799369692
0.768595041322314	-0.2123225487863298
0.768595041322314	-0.2123225487863298
0.7644628099173554	-0.21144418442635285
0.7727272727272727	-0.21729246799369692
0.768595041322314	-0.2123225487863298
0.768595041322314	-0.2123225487863298
0.768595041322314	-0.2123225487863298
0.768595041322314	-0.2123225487863298
0.768595041322314	-0.2123225487863298
0.768595041322314	-0.2123225487863298
0.768595041322314	-0.2123225487863298
0.7603305785123967	-0.20790025280579402
0.768595041322314	-0.2123225487863298
0.768595041322314	-0.2123225487863298
0.768595041322314	-0.2123225487863298
0.7603305785123967	-0.20790025280579402
0.7727272727272727	-0.21729246799369692
0.7727272727272727	-0.21729246799369692
0.768595041322314	-0.2123225487863298
0.7644628099173554	-0.21144418442635285
0.7603305785123967	-0.20790025280579402
0.7727272727272727	-0.21729246799369692
0.7603305785123967	-0.20790025280579402
0.7603305785123967	-0.20790025280579402
0.7727272727272727	-0.21729246799369692
0.7644628099173554	-0.21144418442635285
0.768595041322314	-0.2123225487863298
0.768595041322314	-0.2123225487863298
0.7603305785123967	-0.20790025280579402
0.7603305785123967	-0.20790025280579402
0.7727272727272727	-0.21729246799369692
0.768595041322314	-0.2123225487863298
0.768595041322314	-0.2123225487863298
0.7644628099173554	-0.21144418442635285
0.7727272727272727	-0.21729246799369692
0.7603305785123967	-0.20790025280579402
0.768595041322314	-0.2123225487863298
0.768595041322314	-0.2123225487863298
0.756198347107438	-0.20754038662147253
0.7603305785123967	-0.20790025280579402
0.768595041322314	-0.2123225487863298
0.768595041322314	-0.2123225487863298
0.7603305785123967	-0.20790025280579402
0.7644628099173554	-0.21144418442635285
0.7603305785123967	-0.20790025280579402
0.768595041322314	-0.2123225487863298
0.7603305785123967	-0.20790025280579402
0.768595041322314	-0.2123225487863298
0.768595041322314	-0.2123225487863298
0.7603305785123967	-0.20790025280579402
0.7603305785123967	-0.20790025280579402
0.7603305785123967	-0.20790025280579402
0.7727272727272727	-0.21729246799369692
0.7603305785123967	-0.20790025280579402
0.768595041322314	-0.2123225487863298
0.756198347107438	-0.20754038662147253
0.768595041322314	-0.2123225487863298
0.768595041322314	-0.2123225487863298
0.7644628099173554	-0.21144418442635285
0.768595041322314	-0.2123225487863298
0.756198347107438	-0.20754038662147253
0.7727272727272727	-0.21729246799369692
0.7603305785123967	-0.20790025280579402
0.7644628099173554	-0.21144418442635285
0.756198347107438	-0.20754038662147253
0.768595041322314	-0.2123225487863298
0.7727272727272727	-0.21729246799369692
0.768595041322314	-0.2123225487863298
0.7727272727272727	-0.21729246799369692
0.7727272727272727	-0.21729246799369692
0.768595041322314	-0.2123225487863298
0.768595041322314	-0.2123225487863298
0.756198347107438	-0.20754038662147253
0.768595041322314	-0.2123225487863298
0.7727272727272727	-0.21729246799369692
0.768595041322314	-0.2123225487863298
0.7768595041322314	-0.22471006968695598
0.768595041322314	-0.2123225487863298
0.768595041322314	-0.2123225487863298
0.756198347107438	-0.20754038662147253
0.7603305785123967	-0.20790025280579402
0.768595041322314	-0.2123225487863298
0.768595041322314	-0.2123225487863298
0.7644628099173554	-0.21144418442635285
0.768595041322314	-0.2123225487863298
0.7603305785123967	-0.20790025280579402
0.7603305785123967	-0.20790025280579402
0.768595041322314	-0.2123225487863298
0.7727272727272727	-0.21729246799369692
0.7603305785123967	-0.20790025280579402
0.768595041322314	-0.2123225487863298
0.768595041322314	-0.2123225487863298
0.7644628099173554	-0.21144418442635285
0.7603305785123967	-0.20790025280579402
0.7727272727272727	-0.21729246799369692
0.7603305785123967	-0.20790025280579402
0.768595041322314	-0.2123225487863298
0.7727272727272727	-0.21729246799369692
0.7603305785123967	-0.20790025280579402
0.768595041322314	-0.2123225487863298
0.7603305785123967	-0.20790025280579402
0.7644628099173554	-0.21144418442635285
0.768595041322314	-0.2123225487863298
0.7603305785123967	-0.20790025280579402
0.768595041322314	-0.2123225487863298
0.768595041322314	-0.2123225487863298
0.7603305785123967	-0.20790025280579402
0.7727272727272727	-0.21729246799369692
0.768595041322314	-0.2123225487863298
0.768595041322314	-0.2123225487863298
0.7644628099173554	-0.21144418442635285
0.768595041322314	-0.2123225487863298
0.7603305785123967	-0.20790025280579402
0.768595041322314	-0.2123225487863298
0.768595041322314	-0.2123225487863298
0.7768595041322314	-0.22471006968695598
0.7603305785123967	-0.20790025280579402
0.7768595041322314	-0.22471006968695598
0.768595041322314	-0.2123225487863298
0.768595041322314	-0.2123225487863298
0.7727272727272727	-0.21729246799369692
0.768595041322314	-0.2123225487863298
0.768595041322314	-0.2123225487863298
0.7603305785123967	-0.20790025280579402
0.7727272727272727	-0.21729246799369692
0.768595041322314	-0.2123225487863298
0.7603305785123967	-0.20790025280579402
0.768595041322314	-0.2123225487863298
0.7644628099173554	-0.21144418442635285
0.7644628099173554	-0.21144418442635285
0.7603305785123967	-0.20790025280579402
0.768595041322314	-0.2123225487863298
