0.7479338842975206	-0.20723530116155892
0.768595041322314	-0.21850452466253856
0.7644628099173554	-0.21094314132594585
0.756198347107438	-0.21086683053878322
0.7520661157024794	-0.20909066828412817
0.7520661157024794	-0.20909066828412817
0.7520661157024794	-0.20909066828412817
0.7520661157024794	-0.20909066828412817
0.7520661157024794	-0.20909066828412817
0.7520661157024794	-0.20909066828412817
0.756198347107438	-0.21086683053878322
0.7520661157024794	-0.20909066828412817
0.7520661157024794	-0.20909066828412817
0.756198347107438	-0.21086683053878322
0.7644628099173554	-0.21094314132594585
0.756198347107438	-0.21086683053878322
0.756198347107438	-0.21086683053878322
0.756198347107438	-0.21086683053878322
0.7520661157024794	-0.20909066828412817
0.7520661157024794	-0.20909066828412817
0.7520661157024794	-0.20909066828412817
0.7520661157024794	-0.20909066828412817
0.7520661157024794	-0.20909066828412817
0.756198347107438	-0.21086683053878322
0.7520661157024794	-0.20909066828412817
0.7520661157024794	-0.20909066828412817
0.756198347107438	-0.21086683053878322
0.756198347107438	-0.21086683053878322
0.7479338842975206	-0.20723530116155892
0.7520661157024794	-0.20909066828412817
0.7644628099173554	-0.21094314132594585
0.7520661157024794	-0.20909066828412817
0.7520661157024794	-0.20909066828412817
0.7520661157024794	-0.20909066828412817
0.7520661157024794	-0.20909066828412817
0.7520661157024794	-0.20909066828412817
0.7520661157024794	-0.20909066828412817
0.7479338842975206	-0.20723530116155892
0.7520661157024794	-0.20909066828412817
0.7520661157024794	-0.20909066828412817
0.7520661157024794	-0.20909066828412817
0.7520661157024794	-0.20909066828412817
0.7520661157024794	-0.20909066828412817
0.7520661157024794	-0.20909066828412817
0.7520661157024794	-0.20909066828412817
0.756198347107438	-0.21086683053878322
0.756198347107438	-0.21086683053878322
0.7479338842975206	-0.20723530116155892
0.7520661157024794	-0.20909066828412817
0.768595041322314	-0.21850452466253856
0.7520661157024794	-0.20909066828412817
0.7644628099173554	-0.21094314132594585
0.7520661157024794	-0.20909066828412817
0.7520661157024794	-0.20909066828412817
0.7520661157024794	-0.20909066828412817
0.7520661157024794	-0.20909066828412817
0.756198347107438	-0.21086683053878322
0.7520661157024794	-0.20909066828412817
0.7520661157024794	-0.20909066828412817
0.756198347107438	-0.21086683053878322
0.7520661157024794	-0.20909066828412817
0.7520661157024794	-0.20909066828412817
0.7520661157024794	-0.20909066828412817
0.7520661157024794	-0.20909066828412817
0.7520661157024794	-0.20909066828412817
0.7520661157024794	-0.20909066828412817
0.7520661157024794	-0.20909066828412817
0.7520661157024794	-0.20909066828412817
0.7520661157024794	-0.20909066828412817
0.7520661157024794	-0.20909066828412817
0.7520661157024794	-0.20909066828412817
0.7520661157024794	-0.20909066828412817
0.7479338842975206	-0.20723530116155892
0.7520661157024794	-0.20909066828412817
0.7520661157024794	-0.20909066828412817
0.7479338842975206	-0.20723530116155892
0.7520661157024794	-0.20909066828412817
0.7479338842975206	-0.20723530116155892
0.7520661157024794	-0.20909066828412817
0.7520661157024794	-0.20909066828412817
0.756198347107438	-0.21086683053878322
0.7644628099173554	-0.21094314132594585
0.7520661157024794	-0.20909066828412817
0.7520661157024794	-0.20909066828412817
0.756198347107438	-0.21086683053878322
0.7520661157024794	-0.20909066828412817
0.7520661157024794	-0.20909066828412817
0.756198347107438	-0.21086683053878322
0.7520661157024794	-0.20909066828412817
0.7520661157024794	-0.20909066828412817
0.7520661157024794	-0.20909066828412817
0.756198347107438	-0.21086683053878322
0.7520661157024794	-0.20909066828412817
0.7520661157024794	-0.20909066828412817
0.7520661157024794	-0.20909066828412817
0.7520661157024794	-0.20909066828412817
0.7520661157024794	-0.20909066828412817
0.7520661157024794	-0.20909066828412817
0.7520661157024794	-0.20909066828412817
0.756198347107438	-0.21086683053878322
0.7520661157024794	-0.20909066828412817
0.7520661157024794	-0.20909066828412817
0.756198347107438	-0.21086683053878322
0.7520661157024794	-0.20909066828412817
0.756198347107438	-0.21086683053878322
0.756198347107438	-0.21086683053878322
0.7520661157024794	-0.20909066828412817
0.7520661157024794	-0.20909066828412817
0.7520661157024794	-0.20909066828412817
0.7520661157024794	-0.20909066828412817
0.7520661157024794	-0.20909066828412817
0.7520661157024794	-0.20909066828412817
0.756198347107438	-0.21086683053878322
0.7479338842975206	-0.20723530116155892
0.7520661157024794	-0.20909066828412817
0.7520661157024794	-0.20909066828412817
0.7520661157024794	-0.20909066828412817
0.756198347107438	-0.21086683053878322
0.7520661157024794	-0.20909066828412817
0.7520661157024794	-0.20909066828412817
0.7520661157024794	-0.20909066828412817
0.7520661157024794	-0.20909066828412817
0.7520661157024794	-0.20909066828412817
0.7520661157024794	-0.20909066828412817
0.756198347107438	-0.21086683053878322
0.7520661157024794	-0.20909066828412817
0.7520661157024794	-0.20909066828412817
0.7520661157024794	-0.20909066828412817
0.756198347107438	-0.21086683053878322
0.7520661157024794	-0.20909066828412817
0.756198347107438	-0.21086683053878322
0.7520661157024794	-0.20909066828412817
0.7520661157024794	-0.20909066828412817
0.7479338842975206	-0.20723530116155892
0.7479338842975206	-0.20723530116155892
0.7520661157024794	-0.20909066828412817
0.7520661157024794	-0.20909066828412817
0.7520661157024794	-0.20909066828412817
0.756198347107438	-0.21086683053878322
0.7520661157024794	-0.20909066828412817
0.756198347107438	-0.21086683053878322
0.7520661157024794	-0.20909066828412817
0.7520661157024794	-0.20909066828412817
0.756198347107438	-0.21086683053878322
0.7520661157024794	-0.20909066828412817
0.7520661157024794	-0.20909066828412817
0.756198347107438	-0.21086683053878322
0.7520661157024794	-0.20909066828412817
0.756198347107438	-0.21086683053878322
0.7520661157024794	-0.20909066828412817
0.756198347107438	-0.21086683053878322
0.7520661157024794	-0.20909066828412817
0.7520661157024794	-0.20909066828412817
0.756198347107438	-0.21086683053878322
0.7520661157024794	-0.20909066828412817
0.7520661157024794	-0.20909066828412817
0.7520661157024794	-0.20909066828412817
0.7520661157024794	-0.20909066828412817
0.756198347107438	-0.21086683053878322
0.7520661157024794	-0.20909066828412817
0.7520661157024794	-0.20909066828412817
0.7520661157024794	-0.20909066828412817
0.756198347107438	-0.21086683053878322
0.7520661157024794	-0.20909066828412817
0.756198347107438	-0.21086683053878322
0.7520661157024794	-0.20909066828412817
0.7520661157024794	-0.20909066828412817
0.756198347107438	-0.21086683053878322
0.7520661157024794	-0.20909066828412817
0.7520661157024794	-0.20909066828412817
0.756198347107438	-0.21086683053878322
0.7479338842975206	-0.20723530116155892
0.7520661157024794	-0.20909066828412817
0.7520661157024794	-0.20909066828412817
0.756198347107438	-0.21086683053878322
0.7520661157024794	-0.20909066828412817
0.7520661157024794	-0.20909066828412817
0.7520661157024794	-0.20909066828412817
0.7520661157024794	-0.20909066828412817
0.756198347107438	-0.21086683053878322
0.7520661157024794	-0.20909066828412817
0.7520661157024794	-0.20909066828412817
0.7520661157024794	-0.20909066828412817
0.7520661157024794	-0.20909066828412817
0.756198347107438	-0.21086683053878322
0.7520661157024794	-0.20909066828412817
0.7520661157024794	-0.20909066828412817
0.7520661157024794	-0.20909066828412817
0.7520661157024794	-0.20909066828412817
0.756198347107438	-0.21086683053878322
0.7520661157024794	-0.20909066828412817
0.7520661157024794	-0.20909066828412817
0.7520661157024794	-0.20909066828412817
0.7520661157024794	-0.20909066828412817
0.7520661157024794	-0.20909066828412817
0.756198347107438	-0.21086683053878322
0.7479338842975206	-0.20723530116155892
0.7520661157024794	-0.20909066828412817
0.7520661157024794	-0.20909066828412817
0.756198347107438	-0.21086683053878322
