0.7479338842975206	-0.2104623121857385
0.7727272727272727	-0.21833416866249192
0.7644628099173554	-0.21262559944038947
0.768595041322314	-0.21476530238561617
0.7644628099173554	-0.21262559944038947
0.7644628099173554	-0.21262559944038947
0.768595041322314	-0.21476530238561617
0.7644628099173554	-0.21262559944038947
0.768595041322314	-0.21476530238561617
0.768595041322314	-0.21476530238561617
0.7644628099173554	-0.21262559944038947
0.768595041322314	-0.21476530238561617
0.768595041322314	-0.21476530238561617
0.7644628099173554	-0.21262559944038947
0.768595041322314	-0.21476530238561617
0.768595041322314	-0.21476530238561617
0.768595041322314	-0.21476530238561617
0.768595041322314	-0.21476530238561617
0.7479338842975206	-0.2104623121857385
0.768595041322314	-0.21476530238561617
0.7644628099173554	-0.21262559944038947
0.768595041322314	-0.21476530238561617
0.7644628099173554	-0.21262559944038947
0.7644628099173554	-0.21262559944038947
0.768595041322314	-0.21476530238561617
0.768595041322314	-0.21476530238561617
0.768595041322314	-0.21476530238561617
0.7644628099173554	-0.21262559944038947
0.7479338842975206	-0.2104623121857385
0.7644628099173554	-0.21262559944038947
0.7644628099173554	-0.21262559944038947
0.7644628099173554	-0.21262559944038947
0.768595041322314	-0.21476530238561617
0.7644628099173554	-0.21262559944038947
0.7644628099173554	-0.21262559944038947
0.7644628099173554	-0.21262559944038947
0.768595041322314	-0.21476530238561617
0.7644628099173554	-0.21262559944038947
0.768595041322314	-0.21476530238561617
0.7644628099173554	-0.21262559944038947
0.7644628099173554	-0.21262559944038947
0.7644628099173554	-0.21262559944038947
0.7644628099173554	-0.21262559944038947
0.7644628099173554	-0.21262559944038947
0.768595041322314	-0.21476530238561617
0.7644628099173554	-0.21262559944038947
0.7644628099173554	-0.21262559944038947
0.768595041322314	-0.21476530238561617
0.7644628099173554	-0.21262559944038947
0.7644628099173554	-0.21262559944038947
0.768595041322314	-0.21476530238561617
0.768595041322314	-0.21476530238561617
0.7644628099173554	-0.21262559944038947
0.7644628099173554	-0.21262559944038947
0.7644628099173554	-0.21262559944038947
0.7644628099173554	-0.21262559944038947
0.7644628099173554	-0.21262559944038947
0.768595041322314	-0.21476530238561617
0.7644628099173554	-0.21262559944038947
0.7644628099173554	-0.21262559944038947
0.7644628099173554	-0.21262559944038947
0.7644628099173554	-0.21262559944038947
0.7644628099173554	-0.21262559944038947
0.7644628099173554	-0.21262559944038947
0.7644628099173554	-0.21262559944038947
0.7644628099173554	-0.21262559944038947
0.7644628099173554	-0.21262559944038947
0.7644628099173554	-0.21262559944038947
0.7644628099173554	-0.21262559944038947
0.7644628099173554	-0.21262559944038947
0.768595041322314	-0.21476530238561617
0.7644628099173554	-0.21262559944038947
0.768595041322314	-0.21476530238561617
0.7644628099173554	-0.21262559944038947
0.768595041322314	-0.21476530238561617
0.768595041322314	-0.21476530238561617
0.7644628099173554	-0.21262559944038947
0.768595041322314	-0.21476530238561617
0.7644628099173554	-0.21262559944038947
0.7644628099173554	-0.21262559944038947
0.7644628099173554	-0.21262559944038947
0.7644628099173554	-0.21262559944038947
0.7644628099173554	-0.21262559944038947
0.7644628099173554	-0.21262559944038947
0.768595041322314	-0.21476530238561617
0.7644628099173554	-0.21262559944038947
0.7644628099173554	-0.21262559944038947
0.7644628099173554	-0.21262559944038947
0.7644628099173554	-0.21262559944038947
0.768595041322314	-0.21476530238561617
0.7644628099173554	-0.21262559944038947
0.7644628099173554	-0.21262559944038947
0.768595041322314	-0.21476530238561617
0.7644628099173554	-0.21262559944038947
0.7644628099173554	-0.21262559944038947
0.7644628099173554	-0.21262559944038947
0.7727272727272727	-0.21833416866249192
0.7644628099173554	-0.21262559944038947
0.768595041322314	-0.21476530238561617
0.7644628099173554	-0.21262559944038947
0.768595041322314	-0.21476530238561617
0.7644628099173554	-0.21262559944038947
0.768595041322314	-0.21476530238561617
0.768595041322314	-0.21476530238561617
0.7644628099173554	-0.21262559944038947
0.768595041322314	-0.21476530238561617
0.7644628099173554	-0.21262559944038947
0.7644628099173554	-0.21262559944038947
0.7644628099173554	-0.21262559944038947
0.7644628099173554	-0.21262559944038947
0.7644628099173554	-0.21262559944038947
0.768595041322314	-0.21476530238561617
0.768595041322314	-0.21476530238561617
0.768595041322314	-0.21476530238561617
0.7644628099173554	-0.21262559944038947
0.7644628099173554	-0.21262559944038947
0.7644628099173554	-0.21262559944038947
0.7644628099173554	-0.21262559944038947
0.7644628099173554	-0.21262559944038947
0.768595041322314	-0.21476530238561617
0.7644628099173554	-0.21262559944038947
0.7644628099173554	-0.21262559944038947
0.768595041322314	-0.21476530238561617
0.7644628099173554	-0.21262559944038947
0.768595041322314	-0.21476530238561617
0.7644628099173554	-0.21262559944038947
0.7644628099173554	-0.21262559944038947
0.768595041322314	-0.21476530238561617
0.7644628099173554	-0.21262559944038947
0.7644628099173554	-0.21262559944038947
0.768595041322314	-0.21476530238561617
0.768595041322314	-0.21476530238561617
0.7644628099173554	-0.21262559944038947
0.7644628099173554	-0.21262559944038947
0.768595041322314	-0.21476530238561617
0.7644628099173554	-0.21262559944038947
0.7644628099173554	-0.21262559944038947
0.768595041322314	-0.21476530238561617
0.7644628099173554	-0.21262559944038947
0.7644628099173554	-0.21262559944038947
0.7644628099173554	-0.21262559944038947
0.7644628099173554	-0.21262559944038947
0.7644628099173554	-0.21262559944038947
0.7644628099173554	-0.21262559944038947
0.7644628099173554	-0.21262559944038947
0.7644628099173554	-0.21262559944038947
0.768595041322314	-0.21476530238561617
0.768595041322314	-0.21476530238561617
0.768595041322314	-0.21476530238561617
0.7644628099173554	-0.21262559944038947
0.7644628099173554	-0.21262559944038947
0.7644628099173554	-0.21262559944038947
0.7644628099173554	-0.21262559944038947
0.768595041322314	-0.21476530238561617
0.7644628099173554	-0.21262559944038947
0.7644628099173554	-0.21262559944038947
0.768595041322314	-0.21476530238561617
0.7644628099173554	-0.21262559944038947
0.7644628099173554	-0.21262559944038947
0.7727272727272727	-0.21833416866249192
0.7644628099173554	-0.21262559944038947
0.768595041322314	-0.21476530238561617
0.768595041322314	-0.21476530238561617
0.7644628099173554	-0.21262559944038947
0.7644628099173554	-0.21262559944038947
0.7644628099173554	-0.21262559944038947
0.768595041322314	-0.21476530238561617
0.768595041322314	-0.21476530238561617
0.7644628099173554	-0.21262559944038947
0.7644628099173554	-0.21262559944038947
0.768595041322314	-0.21476530238561617
0.7644628099173554	-0.21262559944038947
0.7644628099173554	-0.21262559944038947
0.7644628099173554	-0.21262559944038947
0.7644628099173554	-0.21262559944038947
0.7644628099173554	-0.21262559944038947
0.7644628099173554	-0.21262559944038947
0.768595041322314	-0.21476530238561617
0.7644628099173554	-0.21262559944038947
0.7644628099173554	-0.21262559944038947
0.7644628099173554	-0.21262559944038947
0.7644628099173554	-0.21262559944038947
0.7644628099173554	-0.21262559944038947
0.768595041322314	-0.21476530238561617
0.768595041322314	-0.21476530238561617
0.7644628099173554	-0.21262559944038947
0.7644628099173554	-0.21262559944038947
0.768595041322314	-0.21476530238561617
0.7644628099173554	-0.21262559944038947
0.768595041322314	-0.21476530238561617
0.768595041322314	-0.21476530238561617
0.7644628099173554	-0.21262559944038947
0.7727272727272727	-0.21833416866249192
0.7644628099173554	-0.21262559944038947
0.768595041322314	-0.21476530238561617
0.7644628099173554	-0.21262559944038947
0.7644628099173554	-0.21262559944038947
0.768595041322314	-0.21476530238561617
0.7644628099173554	-0.21262559944038947
0.7644628099173554	-0.21262559944038947
