1.8375568207259012
2.2600368015536705
2.2996043416329623
2.2996043416329623
2.3068399745840833
2.3068399745840833
2.3068399745840833
2.3068399745840833
2.3068399745840833
2.3068399745840833
2.3068399745840833
2.3068399745840833
2.3068399745840833
2.3068399745840833
2.3068399745840833
2.3068399745840833
2.3068399745840833
2.3068399745840833
2.3068399745840833
2.3068399745840833
2.3068399745840833
2.3068399745840833
2.3068399745840833
2.3068399745840833
2.3068399745840833
1.8375568207259012
2.213706002923492
2.2600368015536705
2.2600368015536705
2.2600368015536705
2.2600368015536705
2.2600368015536705
2.2600368015536705
2.2600368015536705
2.2600368015536705
2.2600368015536705
2.2600368015536705
2.2600368015536705
2.2600368015536705
2.2600368015536705
2.2600368015536705
2.2600368015536705
2.2600368015536705
2.2600368015536705
2.2600368015536705
2.2600368015536705
2.2600368015536705
2.2600368015536705
2.2600368015536705
2.2600368015536705
1.8375568207259012
2.213706002923492
2.2996043416329623
2.3468151696275514
2.3468151696275514
2.3468151696275514
2.3468151696275514
2.3468151696275514
2.3468151696275514
2.3468151696275514
2.3468151696275514
2.3468151696275514
2.3468151696275514
2.3468151696275514
2.3468151696275514
2.3468151696275514
2.3468151696275514
2.3468151696275514
2.3468151696275514
2.3468151696275514
2.3468151696275514
2.3468151696275514
2.3468151696275514
2.3468151696275514
2.3468151696275514
1.8375568207259012
2.213706002923492
2.354115522014729
2.354115522014729
2.354115522014729
2.354115522014729
2.354115522014729
2.354115522014729
2.354115522014729
2.354115522014729
2.354115522014729
2.354115522014729
2.354115522014729
2.354115522014729
2.354115522014729
2.354115522014729
2.354115522014729
2.354115522014729
2.354115522014729
2.354115522014729
2.354115522014729
2.354115522014729
2.354115522014729
2.354115522014729
2.354115522014729
1.8375568207259012
2.2528658880386057
2.2600368015536705
2.2600368015536705
2.2600368015536705
2.2600368015536705
2.2600368015536705
2.2600368015536705
2.2600368015536705
2.2600368015536705
2.2600368015536705
2.2600368015536705
2.2600368015536705
2.2600368015536705
2.2600368015536705
2.2600368015536705
2.2600368015536705
2.2600368015536705
2.2600368015536705
2.2600368015536705
2.2600368015536705
2.2600368015536705
2.2600368015536705
2.2600368015536705
2.2600368015536705
