0.7	-0.22869841102769062
0.7277777777777777	-0.24599087393665695
0.7222222222222222	-0.23819566627517222
0.7111111111111111	-0.23544416832077739
0.7055555555555556	-0.23403795324667584
0.7055555555555556	-0.23403795324667584
0.7055555555555556	-0.23403795324667584
0.7055555555555556	-0.23403795324667584
0.7055555555555556	-0.23403795324667584
0.7055555555555556	-0.23403795324667584
0.7055555555555556	-0.23403795324667584
0.7055555555555556	-0.23403795324667584
0.7055555555555556	-0.23403795324667584
0.7055555555555556	-0.23403795324667584
0.7055555555555556	-0.23403795324667584
0.7055555555555556	-0.23403795324667584
0.7055555555555556	-0.23403795324667584
0.7055555555555556	-0.23403795324667584
0.7055555555555556	-0.23403795324667584
0.7055555555555556	-0.23403795324667584
0.7055555555555556	-0.23403795324667584
0.7055555555555556	-0.23403795324667584
0.7222222222222222	-0.23819566627517222
0.7055555555555556	-0.23403795324667584
0.7055555555555556	-0.23403795324667584
0.7055555555555556	-0.23403795324667584
0.7055555555555556	-0.23403795324667584
0.7055555555555556	-0.23403795324667584
0.7055555555555556	-0.23403795324667584
0.7055555555555556	-0.23403795324667584
0.7055555555555556	-0.23403795324667584
0.7055555555555556	-0.23403795324667584
0.7055555555555556	-0.23403795324667584
0.7055555555555556	-0.23403795324667584
0.7055555555555556	-0.23403795324667584
0.7055555555555556	-0.23403795324667584
0.7055555555555556	-0.23403795324667584
0.7055555555555556	-0.23403795324667584
0.7055555555555556	-0.23403795324667584
0.7055555555555556	-0.23403795324667584
0.7055555555555556	-0.23403795324667584
0.7277777777777777	-0.24599087393665695
0.7055555555555556	-0.23403795324667584
0.7055555555555556	-0.23403795324667584
0.7055555555555556	-0.23403795324667584
0.7055555555555556	-0.23403795324667584
0.7055555555555556	-0.23403795324667584
0.7055555555555556	-0.23403795324667584
0.7055555555555556	-0.23403795324667584
0.7055555555555556	-0.23403795324667584
0.7055555555555556	-0.23403795324667584
0.7055555555555556	-0.23403795324667584
0.7055555555555556	-0.23403795324667584
0.7055555555555556	-0.23403795324667584
0.7222222222222222	-0.23819566627517222
0.7055555555555556	-0.23403795324667584
0.7055555555555556	-0.23403795324667584
0.7055555555555556	-0.23403795324667584
0.7055555555555556	-0.23403795324667584
0.7055555555555556	-0.23403795324667584
0.7055555555555556	-0.23403795324667584
0.7055555555555556	-0.23403795324667584
0.7055555555555556	-0.23403795324667584
0.7055555555555556	-0.23403795324667584
0.7055555555555556	-0.23403795324667584
0.7055555555555556	-0.23403795324667584
0.7055555555555556	-0.23403795324667584
0.7055555555555556	-0.23403795324667584
0.7055555555555556	-0.23403795324667584
0.7055555555555556	-0.23403795324667584
0.7055555555555556	-0.23403795324667584
0.7055555555555556	-0.23403795324667584
0.7055555555555556	-0.23403795324667584
0.7055555555555556	-0.23403795324667584
0.7055555555555556	-0.23403795324667584
0.7055555555555556	-0.23403795324667584
0.7055555555555556	-0.23403795324667584
0.7055555555555556	-0.23403795324667584
0.7055555555555556	-0.23403795324667584
0.7055555555555556	-0.23403795324667584
0.7055555555555556	-0.23403795324667584
0.7055555555555556	-0.23403795324667584
0.7055555555555556	-0.23403795324667584
0.7055555555555556	-0.23403795324667584
0.7055555555555556	-0.23403795324667584
0.7055555555555556	-0.23403795324667584
0.7055555555555556	-0.23403795324667584
0.7055555555555556	-0.23403795324667584
0.7055555555555556	-0.23403795324667584
0.7055555555555556	-0.23403795324667584
0.7055555555555556	-0.23403795324667584
0.7	-0.22869841102769062
0.7055555555555556	-0.23403795324667584
0.7055555555555556	-0.23403795324667584
0.7055555555555556	-0.23403795324667584
0.7055555555555556	-0.23403795324667584
0.7055555555555556	-0.23403795324667584
0.7055555555555556	-0.23403795324667584
0.7055555555555556	-0.23403795324667584
0.7055555555555556	-0.23403795324667584
0.7055555555555556	-0.23403795324667584
0.7055555555555556	-0.23403795324667584
0.7055555555555556	-0.23403795324667584
0.7055555555555556	-0.23403795324667584
0.7055555555555556	-0.23403795324667584
0.7055555555555556	-0.23403795324667584
0.7055555555555556	-0.23403795324667584
0.7055555555555556	-0.23403795324667584
0.7055555555555556	-0.23403795324667584
0.7055555555555556	-0.23403795324667584
0.7055555555555556	-0.23403795324667584
0.7055555555555556	-0.23403795324667584
0.7111111111111111	-0.23544416832077739
0.7055555555555556	-0.23403795324667584
0.7055555555555556	-0.23403795324667584
0.7055555555555556	-0.23403795324667584
0.7055555555555556	-0.23403795324667584
0.7055555555555556	-0.23403795324667584
0.7055555555555556	-0.23403795324667584
0.7055555555555556	-0.23403795324667584
0.7055555555555556	-0.23403795324667584
0.7055555555555556	-0.23403795324667584
0.7055555555555556	-0.23403795324667584
0.7055555555555556	-0.23403795324667584
0.7055555555555556	-0.23403795324667584
0.7055555555555556	-0.23403795324667584
0.7055555555555556	-0.23403795324667584
0.7055555555555556	-0.23403795324667584
0.7055555555555556	-0.23403795324667584
0.7055555555555556	-0.23403795324667584
0.7055555555555556	-0.23403795324667584
0.7055555555555556	-0.23403795324667584
0.7055555555555556	-0.23403795324667584
0.7055555555555556	-0.23403795324667584
0.7055555555555556	-0.23403795324667584
0.7055555555555556	-0.23403795324667584
0.7055555555555556	-0.23403795324667584
0.7055555555555556	-0.23403795324667584
0.7055555555555556	-0.23403795324667584
0.7055555555555556	-0.23403795324667584
0.7055555555555556	-0.23403795324667584
0.7055555555555556	-0.23403795324667584
0.7055555555555556	-0.23403795324667584
0.7055555555555556	-0.23403795324667584
0.7055555555555556	-0.23403795324667584
0.7055555555555556	-0.23403795324667584
0.7055555555555556	-0.23403795324667584
0.7055555555555556	-0.23403795324667584
0.7055555555555556	-0.23403795324667584
0.7055555555555556	-0.23403795324667584
0.7055555555555556	-0.23403795324667584
0.7055555555555556	-0.23403795324667584
0.7055555555555556	-0.23403795324667584
0.7055555555555556	-0.23403795324667584
0.7055555555555556	-0.23403795324667584
0.7055555555555556	-0.23403795324667584
0.7055555555555556	-0.23403795324667584
0.7111111111111111	-0.23544416832077739
0.7055555555555556	-0.23403795324667584
0.7055555555555556	-0.23403795324667584
0.7055555555555556	-0.23403795324667584
0.7055555555555556	-0.23403795324667584
0.7055555555555556	-0.23403795324667584
0.7055555555555556	-0.23403795324667584
0.7055555555555556	-0.23403795324667584
0.7055555555555556	-0.23403795324667584
0.7055555555555556	-0.23403795324667584
0.7055555555555556	-0.23403795324667584
0.7055555555555556	-0.23403795324667584
0.7055555555555556	-0.23403795324667584
0.7055555555555556	-0.23403795324667584
0.7055555555555556	-0.23403795324667584
0.7055555555555556	-0.23403795324667584
0.7055555555555556	-0.23403795324667584
0.7055555555555556	-0.23403795324667584
0.7055555555555556	-0.23403795324667584
0.7055555555555556	-0.23403795324667584
0.7055555555555556	-0.23403795324667584
0.7055555555555556	-0.23403795324667584
0.7055555555555556	-0.23403795324667584
0.7055555555555556	-0.23403795324667584
0.7055555555555556	-0.23403795324667584
0.7055555555555556	-0.23403795324667584
0.7055555555555556	-0.23403795324667584
0.7055555555555556	-0.23403795324667584
0.7055555555555556	-0.23403795324667584
0.7055555555555556	-0.23403795324667584
0.7055555555555556	-0.23403795324667584
0.7055555555555556	-0.23403795324667584
0.7055555555555556	-0.23403795324667584
0.7055555555555556	-0.23403795324667584
0.7055555555555556	-0.23403795324667584
0.7055555555555556	-0.23403795324667584
0.7055555555555556	-0.23403795324667584
0.7055555555555556	-0.23403795324667584
0.7055555555555556	-0.23403795324667584
0.7055555555555556	-0.23403795324667584
0.7111111111111111	-0.23544416832077739
0.7055555555555556	-0.23403795324667584
0.7055555555555556	-0.23403795324667584
