0.75	-0.2305754963601039
0.7333333333333333	-0.214083179609964
0.7444444444444445	-0.22445530603268693
0.7388888888888889	-0.21941967699735312
0.7388888888888889	-0.21941967699735312
0.7388888888888889	-0.21941967699735312
0.7388888888888889	-0.21941967699735312
0.7388888888888889	-0.21941967699735312
0.7388888888888889	-0.21941967699735312
0.7388888888888889	-0.21941967699735312
0.7388888888888889	-0.21941967699735312
0.7388888888888889	-0.21941967699735312
0.7388888888888889	-0.21941967699735312
0.7388888888888889	-0.21941967699735312
0.7388888888888889	-0.21941967699735312
0.7444444444444445	-0.22445530603268693
0.7388888888888889	-0.21941967699735312
0.7388888888888889	-0.21941967699735312
0.7388888888888889	-0.21941967699735312
0.7388888888888889	-0.21941967699735312
0.7388888888888889	-0.21941967699735312
0.7444444444444445	-0.22445530603268693
0.7388888888888889	-0.21941967699735312
0.7388888888888889	-0.21941967699735312
0.7388888888888889	-0.21941967699735312
0.7388888888888889	-0.21941967699735312
0.7388888888888889	-0.21941967699735312
0.7388888888888889	-0.21941967699735312
0.7388888888888889	-0.21941967699735312
0.7388888888888889	-0.21941967699735312
0.7388888888888889	-0.21941967699735312
0.7388888888888889	-0.21941967699735312
0.7388888888888889	-0.21941967699735312
0.7388888888888889	-0.21941967699735312
0.7388888888888889	-0.21941967699735312
0.7388888888888889	-0.21941967699735312
0.7388888888888889	-0.21941967699735312
0.7388888888888889	-0.21941967699735312
0.7388888888888889	-0.21941967699735312
0.7444444444444445	-0.22445530603268693
0.7388888888888889	-0.21941967699735312
0.7388888888888889	-0.21941967699735312
0.7388888888888889	-0.21941967699735312
0.7388888888888889	-0.21941967699735312
0.7388888888888889	-0.21941967699735312
0.7388888888888889	-0.21941967699735312
0.7388888888888889	-0.21941967699735312
0.7444444444444445	-0.22445530603268693
0.7388888888888889	-0.21941967699735312
0.7388888888888889	-0.21941967699735312
0.7388888888888889	-0.21941967699735312
0.7388888888888889	-0.21941967699735312
0.7388888888888889	-0.21941967699735312
0.7388888888888889	-0.21941967699735312
0.7388888888888889	-0.21941967699735312
0.7388888888888889	-0.21941967699735312
0.7388888888888889	-0.21941967699735312
0.7388888888888889	-0.21941967699735312
0.7388888888888889	-0.21941967699735312
0.7388888888888889	-0.21941967699735312
0.7388888888888889	-0.21941967699735312
0.7388888888888889	-0.21941967699735312
0.7388888888888889	-0.21941967699735312
0.7388888888888889	-0.21941967699735312
0.7388888888888889	-0.21941967699735312
0.7388888888888889	-0.21941967699735312
0.7388888888888889	-0.21941967699735312
0.7388888888888889	-0.21941967699735312
0.7388888888888889	-0.21941967699735312
0.7388888888888889	-0.21941967699735312
0.7388888888888889	-0.21941967699735312
0.7388888888888889	-0.21941967699735312
0.7388888888888889	-0.21941967699735312
0.7388888888888889	-0.21941967699735312
0.7388888888888889	-0.21941967699735312
0.7388888888888889	-0.21941967699735312
0.7388888888888889	-0.21941967699735312
0.7388888888888889	-0.21941967699735312
0.7388888888888889	-0.21941967699735312
0.7388888888888889	-0.21941967699735312
0.7388888888888889	-0.21941967699735312
0.7388888888888889	-0.21941967699735312
0.7388888888888889	-0.21941967699735312
0.7388888888888889	-0.21941967699735312
0.7388888888888889	-0.21941967699735312
0.7388888888888889	-0.21941967699735312
0.7388888888888889	-0.21941967699735312
0.7388888888888889	-0.21941967699735312
0.7388888888888889	-0.21941967699735312
0.7388888888888889	-0.21941967699735312
0.7388888888888889	-0.21941967699735312
0.7388888888888889	-0.21941967699735312
0.7388888888888889	-0.21941967699735312
0.7388888888888889	-0.21941967699735312
0.7388888888888889	-0.21941967699735312
0.7388888888888889	-0.21941967699735312
0.7388888888888889	-0.21941967699735312
0.7388888888888889	-0.21941967699735312
0.7388888888888889	-0.21941967699735312
0.7388888888888889	-0.21941967699735312
0.7388888888888889	-0.21941967699735312
0.7388888888888889	-0.21941967699735312
0.7388888888888889	-0.21941967699735312
0.7388888888888889	-0.21941967699735312
0.7388888888888889	-0.21941967699735312
0.7388888888888889	-0.21941967699735312
0.7388888888888889	-0.21941967699735312
0.7388888888888889	-0.21941967699735312
0.7388888888888889	-0.21941967699735312
0.7388888888888889	-0.21941967699735312
0.7388888888888889	-0.21941967699735312
0.7388888888888889	-0.21941967699735312
0.7388888888888889	-0.21941967699735312
0.7388888888888889	-0.21941967699735312
0.7388888888888889	-0.21941967699735312
0.7444444444444445	-0.22445530603268693
0.7388888888888889	-0.21941967699735312
0.7388888888888889	-0.21941967699735312
0.7388888888888889	-0.21941967699735312
0.7388888888888889	-0.21941967699735312
0.7388888888888889	-0.21941967699735312
0.7388888888888889	-0.21941967699735312
0.7388888888888889	-0.21941967699735312
0.7388888888888889	-0.21941967699735312
0.7388888888888889	-0.21941967699735312
0.7388888888888889	-0.21941967699735312
0.7388888888888889	-0.21941967699735312
0.7388888888888889	-0.21941967699735312
0.7388888888888889	-0.21941967699735312
0.7333333333333333	-0.214083179609964
0.7388888888888889	-0.21941967699735312
0.7388888888888889	-0.21941967699735312
0.7388888888888889	-0.21941967699735312
0.7388888888888889	-0.21941967699735312
0.7388888888888889	-0.21941967699735312
0.7388888888888889	-0.21941967699735312
0.7388888888888889	-0.21941967699735312
0.7388888888888889	-0.21941967699735312
0.7388888888888889	-0.21941967699735312
0.7388888888888889	-0.21941967699735312
0.7388888888888889	-0.21941967699735312
0.7388888888888889	-0.21941967699735312
0.7388888888888889	-0.21941967699735312
0.7388888888888889	-0.21941967699735312
0.7388888888888889	-0.21941967699735312
0.7388888888888889	-0.21941967699735312
0.7388888888888889	-0.21941967699735312
0.7388888888888889	-0.21941967699735312
0.7388888888888889	-0.21941967699735312
0.7388888888888889	-0.21941967699735312
0.7388888888888889	-0.21941967699735312
0.7388888888888889	-0.21941967699735312
0.7388888888888889	-0.21941967699735312
0.7388888888888889	-0.21941967699735312
0.7388888888888889	-0.21941967699735312
0.7388888888888889	-0.21941967699735312
0.7388888888888889	-0.21941967699735312
0.7388888888888889	-0.21941967699735312
0.7388888888888889	-0.21941967699735312
0.7388888888888889	-0.21941967699735312
0.7388888888888889	-0.21941967699735312
0.7388888888888889	-0.21941967699735312
0.7388888888888889	-0.21941967699735312
0.7388888888888889	-0.21941967699735312
0.7388888888888889	-0.21941967699735312
0.7388888888888889	-0.21941967699735312
0.7388888888888889	-0.21941967699735312
0.7388888888888889	-0.21941967699735312
0.7388888888888889	-0.21941967699735312
0.7388888888888889	-0.21941967699735312
0.7388888888888889	-0.21941967699735312
0.7388888888888889	-0.21941967699735312
0.7388888888888889	-0.21941967699735312
0.7388888888888889	-0.21941967699735312
0.7388888888888889	-0.21941967699735312
0.7388888888888889	-0.21941967699735312
0.7388888888888889	-0.21941967699735312
0.7388888888888889	-0.21941967699735312
0.7388888888888889	-0.21941967699735312
0.7388888888888889	-0.21941967699735312
0.7388888888888889	-0.21941967699735312
0.7388888888888889	-0.21941967699735312
0.7388888888888889	-0.21941967699735312
0.7388888888888889	-0.21941967699735312
0.7388888888888889	-0.21941967699735312
0.7388888888888889	-0.21941967699735312
0.7388888888888889	-0.21941967699735312
0.7388888888888889	-0.21941967699735312
0.7388888888888889	-0.21941967699735312
0.7388888888888889	-0.21941967699735312
0.7388888888888889	-0.21941967699735312
0.7388888888888889	-0.21941967699735312
0.7388888888888889	-0.21941967699735312
0.7388888888888889	-0.21941967699735312
0.7388888888888889	-0.21941967699735312
0.7388888888888889	-0.21941967699735312
0.7388888888888889	-0.21941967699735312
0.7388888888888889	-0.21941967699735312
0.7388888888888889	-0.21941967699735312
0.7388888888888889	-0.21941967699735312
