0.7388888888888889	-0.23190516636710656
0.7111111111111111	-0.22132334982754176
0.7222222222222222	-0.22287809354804697
0.7277777777777777	-0.2260681663920344
0.7333333333333333	-0.22897223332871086
0.7277777777777777	-0.2260681663920344
0.7277777777777777	-0.2260681663920344
0.7277777777777777	-0.2260681663920344
0.7277777777777777	-0.2260681663920344
0.7277777777777777	-0.2260681663920344
0.7277777777777777	-0.2260681663920344
0.7277777777777777	-0.2260681663920344
0.7277777777777777	-0.2260681663920344
0.7277777777777777	-0.2260681663920344
0.7277777777777777	-0.2260681663920344
0.7277777777777777	-0.2260681663920344
0.7277777777777777	-0.2260681663920344
0.7277777777777777	-0.2260681663920344
0.7277777777777777	-0.2260681663920344
0.7277777777777777	-0.2260681663920344
0.7277777777777777	-0.2260681663920344
0.7277777777777777	-0.2260681663920344
0.7277777777777777	-0.2260681663920344
0.7277777777777777	-0.2260681663920344
0.7277777777777777	-0.2260681663920344
0.7277777777777777	-0.2260681663920344
0.7277777777777777	-0.2260681663920344
0.7277777777777777	-0.2260681663920344
0.7277777777777777	-0.2260681663920344
0.7277777777777777	-0.2260681663920344
0.7277777777777777	-0.2260681663920344
0.7277777777777777	-0.2260681663920344
0.7277777777777777	-0.2260681663920344
0.7277777777777777	-0.2260681663920344
0.7277777777777777	-0.2260681663920344
0.7277777777777777	-0.2260681663920344
0.7277777777777777	-0.2260681663920344
0.7277777777777777	-0.2260681663920344
0.7277777777777777	-0.2260681663920344
0.7277777777777777	-0.2260681663920344
0.7277777777777777	-0.2260681663920344
0.7277777777777777	-0.2260681663920344
0.7277777777777777	-0.2260681663920344
0.7277777777777777	-0.2260681663920344
0.7277777777777777	-0.2260681663920344
0.7277777777777777	-0.2260681663920344
0.7277777777777777	-0.2260681663920344
0.7277777777777777	-0.2260681663920344
0.7277777777777777	-0.2260681663920344
0.7277777777777777	-0.2260681663920344
0.7277777777777777	-0.2260681663920344
0.7277777777777777	-0.2260681663920344
0.7277777777777777	-0.2260681663920344
0.7277777777777777	-0.2260681663920344
0.7277777777777777	-0.2260681663920344
0.7277777777777777	-0.2260681663920344
0.7277777777777777	-0.2260681663920344
0.7277777777777777	-0.2260681663920344
0.7277777777777777	-0.2260681663920344
0.7277777777777777	-0.2260681663920344
0.7333333333333333	-0.22897223332871086
0.7277777777777777	-0.2260681663920344
0.7277777777777777	-0.2260681663920344
0.7277777777777777	-0.2260681663920344
0.7277777777777777	-0.2260681663920344
0.7277777777777777	-0.2260681663920344
0.7277777777777777	-0.2260681663920344
0.7277777777777777	-0.2260681663920344
0.7277777777777777	-0.2260681663920344
0.7277777777777777	-0.2260681663920344
0.7277777777777777	-0.2260681663920344
0.7277777777777777	-0.2260681663920344
0.7277777777777777	-0.2260681663920344
0.7277777777777777	-0.2260681663920344
0.7277777777777777	-0.2260681663920344
0.7277777777777777	-0.2260681663920344
0.7333333333333333	-0.22897223332871086
0.7277777777777777	-0.2260681663920344
0.7277777777777777	-0.2260681663920344
0.7277777777777777	-0.2260681663920344
0.7277777777777777	-0.2260681663920344
0.7277777777777777	-0.2260681663920344
0.7277777777777777	-0.2260681663920344
0.7277777777777777	-0.2260681663920344
0.7277777777777777	-0.2260681663920344
0.7277777777777777	-0.2260681663920344
0.7277777777777777	-0.2260681663920344
0.7277777777777777	-0.2260681663920344
0.7277777777777777	-0.2260681663920344
0.7277777777777777	-0.2260681663920344
0.7277777777777777	-0.2260681663920344
0.7277777777777777	-0.2260681663920344
0.7277777777777777	-0.2260681663920344
0.7277777777777777	-0.2260681663920344
0.7277777777777777	-0.2260681663920344
0.7277777777777777	-0.2260681663920344
0.7277777777777777	-0.2260681663920344
0.7277777777777777	-0.2260681663920344
0.7277777777777777	-0.2260681663920344
0.7277777777777777	-0.2260681663920344
0.7277777777777777	-0.2260681663920344
0.7277777777777777	-0.2260681663920344
0.7277777777777777	-0.2260681663920344
0.7277777777777777	-0.2260681663920344
0.7277777777777777	-0.2260681663920344
0.7277777777777777	-0.2260681663920344
0.7277777777777777	-0.2260681663920344
0.7277777777777777	-0.2260681663920344
0.7277777777777777	-0.2260681663920344
0.7277777777777777	-0.2260681663920344
0.7277777777777777	-0.2260681663920344
0.7277777777777777	-0.2260681663920344
0.7277777777777777	-0.2260681663920344
0.7277777777777777	-0.2260681663920344
0.7277777777777777	-0.2260681663920344
0.7277777777777777	-0.2260681663920344
0.7277777777777777	-0.2260681663920344
0.7277777777777777	-0.2260681663920344
0.7277777777777777	-0.2260681663920344
0.7277777777777777	-0.2260681663920344
0.7277777777777777	-0.2260681663920344
0.7277777777777777	-0.2260681663920344
0.7277777777777777	-0.2260681663920344
0.7333333333333333	-0.22897223332871086
0.7277777777777777	-0.2260681663920344
0.7277777777777777	-0.2260681663920344
0.7277777777777777	-0.2260681663920344
0.7277777777777777	-0.2260681663920344
0.7333333333333333	-0.22897223332871086
0.7277777777777777	-0.2260681663920344
0.7277777777777777	-0.2260681663920344
0.7277777777777777	-0.2260681663920344
0.7277777777777777	-0.2260681663920344
0.7277777777777777	-0.2260681663920344
0.7277777777777777	-0.2260681663920344
0.7277777777777777	-0.2260681663920344
0.7277777777777777	-0.2260681663920344
0.7277777777777777	-0.2260681663920344
0.7333333333333333	-0.22897223332871086
0.7277777777777777	-0.2260681663920344
0.7277777777777777	-0.2260681663920344
0.7277777777777777	-0.2260681663920344
0.7277777777777777	-0.2260681663920344
0.7277777777777777	-0.2260681663920344
0.7277777777777777	-0.2260681663920344
0.7277777777777777	-0.2260681663920344
0.7277777777777777	-0.2260681663920344
0.7277777777777777	-0.2260681663920344
0.7277777777777777	-0.2260681663920344
0.7277777777777777	-0.2260681663920344
0.7277777777777777	-0.2260681663920344
0.7277777777777777	-0.2260681663920344
0.7277777777777777	-0.2260681663920344
0.7277777777777777	-0.2260681663920344
0.7277777777777777	-0.2260681663920344
0.7277777777777777	-0.2260681663920344
0.7277777777777777	-0.2260681663920344
0.7277777777777777	-0.2260681663920344
0.7277777777777777	-0.2260681663920344
0.7277777777777777	-0.2260681663920344
0.7277777777777777	-0.2260681663920344
0.7277777777777777	-0.2260681663920344
0.7277777777777777	-0.2260681663920344
0.7277777777777777	-0.2260681663920344
0.7333333333333333	-0.22897223332871086
0.7277777777777777	-0.2260681663920344
0.7277777777777777	-0.2260681663920344
0.7277777777777777	-0.2260681663920344
0.7277777777777777	-0.2260681663920344
0.7277777777777777	-0.2260681663920344
0.7277777777777777	-0.2260681663920344
0.7277777777777777	-0.2260681663920344
0.7277777777777777	-0.2260681663920344
0.7277777777777777	-0.2260681663920344
0.7277777777777777	-0.2260681663920344
0.7277777777777777	-0.2260681663920344
0.7277777777777777	-0.2260681663920344
0.7277777777777777	-0.2260681663920344
0.7277777777777777	-0.2260681663920344
0.7277777777777777	-0.2260681663920344
0.7277777777777777	-0.2260681663920344
0.7277777777777777	-0.2260681663920344
0.7277777777777777	-0.2260681663920344
0.7277777777777777	-0.2260681663920344
0.7277777777777777	-0.2260681663920344
0.7277777777777777	-0.2260681663920344
0.7277777777777777	-0.2260681663920344
0.7277777777777777	-0.2260681663920344
0.7277777777777777	-0.2260681663920344
0.7277777777777777	-0.2260681663920344
0.7277777777777777	-0.2260681663920344
0.7277777777777777	-0.2260681663920344
0.7277777777777777	-0.2260681663920344
0.7277777777777777	-0.2260681663920344
0.7277777777777777	-0.2260681663920344
0.7277777777777777	-0.2260681663920344
0.7277777777777777	-0.2260681663920344
0.7277777777777777	-0.2260681663920344
0.7277777777777777	-0.2260681663920344
0.7277777777777777	-0.2260681663920344
