0.7333333333333333	-0.22292684213556463
0.7111111111111111	-0.21894903601567134
0.7222222222222222	-0.2194720073674891
0.7277777777777777	-0.22147873436478951
0.7111111111111111	-0.21894903601567134
0.7111111111111111	-0.21894903601567134
0.7111111111111111	-0.21894903601567134
0.7111111111111111	-0.21894903601567134
0.7111111111111111	-0.21894903601567134
0.7111111111111111	-0.21894903601567134
0.7111111111111111	-0.21894903601567134
0.7111111111111111	-0.21894903601567134
0.7111111111111111	-0.21894903601567134
0.7111111111111111	-0.21894903601567134
0.7111111111111111	-0.21894903601567134
0.7111111111111111	-0.21894903601567134
0.7111111111111111	-0.21894903601567134
0.7111111111111111	-0.21894903601567134
0.7111111111111111	-0.21894903601567134
0.7111111111111111	-0.21894903601567134
0.7111111111111111	-0.21894903601567134
0.7111111111111111	-0.21894903601567134
0.7111111111111111	-0.21894903601567134
0.7111111111111111	-0.21894903601567134
0.7111111111111111	-0.21894903601567134
0.7111111111111111	-0.21894903601567134
0.7111111111111111	-0.21894903601567134
0.7111111111111111	-0.21894903601567134
0.7111111111111111	-0.21894903601567134
0.7111111111111111	-0.21894903601567134
0.7111111111111111	-0.21894903601567134
0.7111111111111111	-0.21894903601567134
0.7111111111111111	-0.21894903601567134
0.7111111111111111	-0.21894903601567134
0.7111111111111111	-0.21894903601567134
0.7111111111111111	-0.21894903601567134
0.7111111111111111	-0.21894903601567134
0.7111111111111111	-0.21894903601567134
0.7111111111111111	-0.21894903601567134
0.7111111111111111	-0.21894903601567134
0.7111111111111111	-0.21894903601567134
0.7111111111111111	-0.21894903601567134
0.7111111111111111	-0.21894903601567134
0.7111111111111111	-0.21894903601567134
0.7111111111111111	-0.21894903601567134
0.7111111111111111	-0.21894903601567134
0.7111111111111111	-0.21894903601567134
0.7111111111111111	-0.21894903601567134
0.7111111111111111	-0.21894903601567134
0.7111111111111111	-0.21894903601567134
0.7111111111111111	-0.21894903601567134
0.7111111111111111	-0.21894903601567134
0.7111111111111111	-0.21894903601567134
0.7111111111111111	-0.21894903601567134
0.7111111111111111	-0.21894903601567134
0.7111111111111111	-0.21894903601567134
0.7111111111111111	-0.21894903601567134
0.7111111111111111	-0.21894903601567134
0.7111111111111111	-0.21894903601567134
0.7111111111111111	-0.21894903601567134
0.7111111111111111	-0.21894903601567134
0.7111111111111111	-0.21894903601567134
0.7111111111111111	-0.21894903601567134
0.7111111111111111	-0.21894903601567134
0.7111111111111111	-0.21894903601567134
0.7111111111111111	-0.21894903601567134
0.7111111111111111	-0.21894903601567134
0.7111111111111111	-0.21894903601567134
0.7111111111111111	-0.21894903601567134
0.7111111111111111	-0.21894903601567134
0.7111111111111111	-0.21894903601567134
0.7111111111111111	-0.21894903601567134
0.7111111111111111	-0.21894903601567134
0.7111111111111111	-0.21894903601567134
0.7111111111111111	-0.21894903601567134
0.7111111111111111	-0.21894903601567134
0.7111111111111111	-0.21894903601567134
0.7111111111111111	-0.21894903601567134
0.7111111111111111	-0.21894903601567134
0.7111111111111111	-0.21894903601567134
0.7111111111111111	-0.21894903601567134
0.7111111111111111	-0.21894903601567134
0.7111111111111111	-0.21894903601567134
0.7111111111111111	-0.21894903601567134
0.7111111111111111	-0.21894903601567134
0.7111111111111111	-0.21894903601567134
0.7111111111111111	-0.21894903601567134
0.7111111111111111	-0.21894903601567134
0.7111111111111111	-0.21894903601567134
0.7111111111111111	-0.21894903601567134
0.7111111111111111	-0.21894903601567134
0.7111111111111111	-0.21894903601567134
0.7111111111111111	-0.21894903601567134
0.7111111111111111	-0.21894903601567134
0.7111111111111111	-0.21894903601567134
0.7111111111111111	-0.21894903601567134
0.7111111111111111	-0.21894903601567134
0.7111111111111111	-0.21894903601567134
0.7111111111111111	-0.21894903601567134
0.7111111111111111	-0.21894903601567134
0.7111111111111111	-0.21894903601567134
0.7111111111111111	-0.21894903601567134
0.7111111111111111	-0.21894903601567134
0.7111111111111111	-0.21894903601567134
0.7111111111111111	-0.21894903601567134
0.7111111111111111	-0.21894903601567134
0.7111111111111111	-0.21894903601567134
0.7111111111111111	-0.21894903601567134
0.7111111111111111	-0.21894903601567134
0.7333333333333333	-0.22292684213556463
0.7111111111111111	-0.21894903601567134
0.7111111111111111	-0.21894903601567134
0.7111111111111111	-0.21894903601567134
0.7111111111111111	-0.21894903601567134
0.7111111111111111	-0.21894903601567134
0.7111111111111111	-0.21894903601567134
0.7111111111111111	-0.21894903601567134
0.7111111111111111	-0.21894903601567134
0.7111111111111111	-0.21894903601567134
0.7111111111111111	-0.21894903601567134
0.7111111111111111	-0.21894903601567134
0.7111111111111111	-0.21894903601567134
0.7111111111111111	-0.21894903601567134
0.7111111111111111	-0.21894903601567134
0.7111111111111111	-0.21894903601567134
0.7111111111111111	-0.21894903601567134
0.7111111111111111	-0.21894903601567134
0.7111111111111111	-0.21894903601567134
0.7111111111111111	-0.21894903601567134
0.7111111111111111	-0.21894903601567134
0.7111111111111111	-0.21894903601567134
0.7111111111111111	-0.21894903601567134
0.7111111111111111	-0.21894903601567134
0.7111111111111111	-0.21894903601567134
0.7111111111111111	-0.21894903601567134
0.7111111111111111	-0.21894903601567134
0.7111111111111111	-0.21894903601567134
0.7111111111111111	-0.21894903601567134
0.7111111111111111	-0.21894903601567134
0.7111111111111111	-0.21894903601567134
0.7111111111111111	-0.21894903601567134
0.7111111111111111	-0.21894903601567134
0.7111111111111111	-0.21894903601567134
0.7111111111111111	-0.21894903601567134
0.7111111111111111	-0.21894903601567134
0.7111111111111111	-0.21894903601567134
0.7111111111111111	-0.21894903601567134
0.7111111111111111	-0.21894903601567134
0.7111111111111111	-0.21894903601567134
0.7111111111111111	-0.21894903601567134
0.7111111111111111	-0.21894903601567134
0.7111111111111111	-0.21894903601567134
0.7333333333333333	-0.22292684213556463
0.7111111111111111	-0.21894903601567134
0.7111111111111111	-0.21894903601567134
0.7111111111111111	-0.21894903601567134
0.7111111111111111	-0.21894903601567134
0.7111111111111111	-0.21894903601567134
0.7111111111111111	-0.21894903601567134
0.7111111111111111	-0.21894903601567134
0.7111111111111111	-0.21894903601567134
0.7111111111111111	-0.21894903601567134
0.7111111111111111	-0.21894903601567134
0.7111111111111111	-0.21894903601567134
0.7111111111111111	-0.21894903601567134
0.7111111111111111	-0.21894903601567134
0.7111111111111111	-0.21894903601567134
0.7111111111111111	-0.21894903601567134
0.7111111111111111	-0.21894903601567134
0.7111111111111111	-0.21894903601567134
0.7111111111111111	-0.21894903601567134
0.7111111111111111	-0.21894903601567134
0.7111111111111111	-0.21894903601567134
0.7111111111111111	-0.21894903601567134
0.7111111111111111	-0.21894903601567134
0.7111111111111111	-0.21894903601567134
0.7111111111111111	-0.21894903601567134
0.7111111111111111	-0.21894903601567134
0.7111111111111111	-0.21894903601567134
0.7111111111111111	-0.21894903601567134
0.7111111111111111	-0.21894903601567134
0.7111111111111111	-0.21894903601567134
0.7111111111111111	-0.21894903601567134
0.7111111111111111	-0.21894903601567134
0.7111111111111111	-0.21894903601567134
0.7111111111111111	-0.21894903601567134
0.7111111111111111	-0.21894903601567134
0.7111111111111111	-0.21894903601567134
0.7111111111111111	-0.21894903601567134
0.7111111111111111	-0.21894903601567134
0.7111111111111111	-0.21894903601567134
0.7111111111111111	-0.21894903601567134
0.7111111111111111	-0.21894903601567134
0.7111111111111111	-0.21894903601567134
0.7111111111111111	-0.21894903601567134
0.7111111111111111	-0.21894903601567134
0.7111111111111111	-0.21894903601567134
0.7111111111111111	-0.21894903601567134
0.7111111111111111	-0.21894903601567134
0.7111111111111111	-0.21894903601567134
