0.7	-0.26302131635864545
0.6777777777777778	-0.24587159582737644
0.6944444444444444	-0.25844345686881315
0.6833333333333333	-0.25161033239976105
0.6888888888888889	-0.2539722333287109
0.6888888888888889	-0.2539722333287109
0.6888888888888889	-0.2539722333287109
0.6888888888888889	-0.2539722333287109
0.6888888888888889	-0.2539722333287109
0.6888888888888889	-0.2539722333287109
0.6888888888888889	-0.2539722333287109
0.6888888888888889	-0.2539722333287109
0.6888888888888889	-0.2539722333287109
0.6888888888888889	-0.2539722333287109
0.6888888888888889	-0.2539722333287109
0.6888888888888889	-0.2539722333287109
0.6888888888888889	-0.2539722333287109
0.6888888888888889	-0.2539722333287109
0.6888888888888889	-0.2539722333287109
0.7	-0.26302131635864545
0.6888888888888889	-0.2539722333287109
0.6888888888888889	-0.2539722333287109
0.6888888888888889	-0.2539722333287109
0.6888888888888889	-0.2539722333287109
0.6888888888888889	-0.2539722333287109
0.6888888888888889	-0.2539722333287109
0.6888888888888889	-0.2539722333287109
0.6888888888888889	-0.2539722333287109
0.6888888888888889	-0.2539722333287109
0.6888888888888889	-0.2539722333287109
0.6888888888888889	-0.2539722333287109
0.6888888888888889	-0.2539722333287109
0.6888888888888889	-0.2539722333287109
0.6888888888888889	-0.2539722333287109
0.6888888888888889	-0.2539722333287109
0.6888888888888889	-0.2539722333287109
0.6888888888888889	-0.2539722333287109
0.6888888888888889	-0.2539722333287109
0.6888888888888889	-0.2539722333287109
0.6888888888888889	-0.2539722333287109
0.6888888888888889	-0.2539722333287109
0.6888888888888889	-0.2539722333287109
0.6888888888888889	-0.2539722333287109
0.6888888888888889	-0.2539722333287109
0.6888888888888889	-0.2539722333287109
0.6888888888888889	-0.2539722333287109
0.6888888888888889	-0.2539722333287109
0.6888888888888889	-0.2539722333287109
0.6888888888888889	-0.2539722333287109
0.6888888888888889	-0.2539722333287109
0.6888888888888889	-0.2539722333287109
0.6888888888888889	-0.2539722333287109
0.6888888888888889	-0.2539722333287109
0.6888888888888889	-0.2539722333287109
0.6888888888888889	-0.2539722333287109
0.6888888888888889	-0.2539722333287109
0.6888888888888889	-0.2539722333287109
0.6888888888888889	-0.2539722333287109
0.6888888888888889	-0.2539722333287109
0.6888888888888889	-0.2539722333287109
0.6888888888888889	-0.2539722333287109
0.6888888888888889	-0.2539722333287109
0.6888888888888889	-0.2539722333287109
0.6888888888888889	-0.2539722333287109
0.6888888888888889	-0.2539722333287109
0.6888888888888889	-0.2539722333287109
0.6833333333333333	-0.25161033239976105
0.6888888888888889	-0.2539722333287109
0.6888888888888889	-0.2539722333287109
0.6888888888888889	-0.2539722333287109
0.6888888888888889	-0.2539722333287109
0.6888888888888889	-0.2539722333287109
0.6888888888888889	-0.2539722333287109
0.6888888888888889	-0.2539722333287109
0.6888888888888889	-0.2539722333287109
0.7	-0.26302131635864545
0.6888888888888889	-0.2539722333287109
0.6888888888888889	-0.2539722333287109
0.6888888888888889	-0.2539722333287109
0.6888888888888889	-0.2539722333287109
0.7	-0.26302131635864545
0.6888888888888889	-0.2539722333287109
0.6888888888888889	-0.2539722333287109
0.6888888888888889	-0.2539722333287109
0.6888888888888889	-0.2539722333287109
0.7	-0.26302131635864545
0.6888888888888889	-0.2539722333287109
0.6888888888888889	-0.2539722333287109
0.6888888888888889	-0.2539722333287109
0.6888888888888889	-0.2539722333287109
0.6888888888888889	-0.2539722333287109
0.6888888888888889	-0.2539722333287109
0.6888888888888889	-0.2539722333287109
0.6888888888888889	-0.2539722333287109
0.6888888888888889	-0.2539722333287109
0.6888888888888889	-0.2539722333287109
0.6888888888888889	-0.2539722333287109
0.6888888888888889	-0.2539722333287109
0.6888888888888889	-0.2539722333287109
0.6888888888888889	-0.2539722333287109
0.6888888888888889	-0.2539722333287109
0.6888888888888889	-0.2539722333287109
0.6888888888888889	-0.2539722333287109
0.6888888888888889	-0.2539722333287109
0.6888888888888889	-0.2539722333287109
0.6888888888888889	-0.2539722333287109
0.6888888888888889	-0.2539722333287109
0.6888888888888889	-0.2539722333287109
0.6888888888888889	-0.2539722333287109
0.6888888888888889	-0.2539722333287109
0.6888888888888889	-0.2539722333287109
0.6888888888888889	-0.2539722333287109
0.6888888888888889	-0.2539722333287109
0.6888888888888889	-0.2539722333287109
0.6888888888888889	-0.2539722333287109
0.6888888888888889	-0.2539722333287109
0.6888888888888889	-0.2539722333287109
0.6888888888888889	-0.2539722333287109
0.6888888888888889	-0.2539722333287109
0.6888888888888889	-0.2539722333287109
0.6888888888888889	-0.2539722333287109
0.6888888888888889	-0.2539722333287109
0.6888888888888889	-0.2539722333287109
0.6888888888888889	-0.2539722333287109
0.6888888888888889	-0.2539722333287109
0.6888888888888889	-0.2539722333287109
0.6888888888888889	-0.2539722333287109
0.6888888888888889	-0.2539722333287109
0.6888888888888889	-0.2539722333287109
0.6888888888888889	-0.2539722333287109
0.6888888888888889	-0.2539722333287109
0.6888888888888889	-0.2539722333287109
0.6888888888888889	-0.2539722333287109
0.6888888888888889	-0.2539722333287109
0.6888888888888889	-0.2539722333287109
0.6888888888888889	-0.2539722333287109
0.6888888888888889	-0.2539722333287109
0.6888888888888889	-0.2539722333287109
0.6888888888888889	-0.2539722333287109
0.6888888888888889	-0.2539722333287109
0.6888888888888889	-0.2539722333287109
0.6888888888888889	-0.2539722333287109
0.6888888888888889	-0.2539722333287109
0.6888888888888889	-0.2539722333287109
0.6888888888888889	-0.2539722333287109
0.6888888888888889	-0.2539722333287109
0.6888888888888889	-0.2539722333287109
0.6777777777777778	-0.24587159582737644
0.6888888888888889	-0.2539722333287109
0.6888888888888889	-0.2539722333287109
0.6888888888888889	-0.2539722333287109
0.6888888888888889	-0.2539722333287109
0.6888888888888889	-0.2539722333287109
0.6888888888888889	-0.2539722333287109
0.6888888888888889	-0.2539722333287109
0.6888888888888889	-0.2539722333287109
0.6888888888888889	-0.2539722333287109
0.6888888888888889	-0.2539722333287109
0.6888888888888889	-0.2539722333287109
0.6888888888888889	-0.2539722333287109
0.7	-0.26302131635864545
0.6888888888888889	-0.2539722333287109
0.6888888888888889	-0.2539722333287109
0.6888888888888889	-0.2539722333287109
0.6888888888888889	-0.2539722333287109
0.6888888888888889	-0.2539722333287109
0.6888888888888889	-0.2539722333287109
0.6888888888888889	-0.2539722333287109
0.6888888888888889	-0.2539722333287109
0.6944444444444444	-0.25844345686881315
0.6888888888888889	-0.2539722333287109
0.6888888888888889	-0.2539722333287109
0.6888888888888889	-0.2539722333287109
0.6888888888888889	-0.2539722333287109
0.6888888888888889	-0.2539722333287109
0.7	-0.26302131635864545
0.6944444444444444	-0.25844345686881315
0.6888888888888889	-0.2539722333287109
0.6888888888888889	-0.2539722333287109
0.6888888888888889	-0.2539722333287109
0.6888888888888889	-0.2539722333287109
0.6888888888888889	-0.2539722333287109
0.6888888888888889	-0.2539722333287109
0.6888888888888889	-0.2539722333287109
0.6888888888888889	-0.2539722333287109
0.6888888888888889	-0.2539722333287109
0.6888888888888889	-0.2539722333287109
0.6888888888888889	-0.2539722333287109
0.6888888888888889	-0.2539722333287109
0.6888888888888889	-0.2539722333287109
0.6888888888888889	-0.2539722333287109
0.6888888888888889	-0.2539722333287109
0.6888888888888889	-0.2539722333287109
0.6888888888888889	-0.2539722333287109
0.6888888888888889	-0.2539722333287109
0.6888888888888889	-0.2539722333287109
0.6888888888888889	-0.2539722333287109
0.6888888888888889	-0.2539722333287109
0.6888888888888889	-0.2539722333287109
0.6888888888888889	-0.2539722333287109
