0.7444444444444445	-0.19913319369740878
0.7666666666666667	-0.20887297138147362
0.7555555555555555	-0.2026365477763722
0.75	-0.20136683025800178
0.7444444444444445	-0.19913319369740878
0.7444444444444445	-0.19913319369740878
0.7444444444444445	-0.19913319369740878
0.7444444444444445	-0.19913319369740878
0.7444444444444445	-0.19913319369740878
0.7444444444444445	-0.19913319369740878
0.7444444444444445	-0.19913319369740878
0.7666666666666667	-0.20887297138147362
0.7444444444444445	-0.19913319369740878
0.7444444444444445	-0.19913319369740878
0.7444444444444445	-0.19913319369740878
0.7444444444444445	-0.19913319369740878
0.7555555555555555	-0.2026365477763722
0.7444444444444445	-0.19913319369740878
0.7444444444444445	-0.19913319369740878
0.7444444444444445	-0.19913319369740878
0.7444444444444445	-0.19913319369740878
0.7444444444444445	-0.19913319369740878
0.7444444444444445	-0.19913319369740878
0.7444444444444445	-0.19913319369740878
0.7444444444444445	-0.19913319369740878
0.7444444444444445	-0.19913319369740878
0.7666666666666667	-0.20887297138147362
0.7444444444444445	-0.19913319369740878
0.7444444444444445	-0.19913319369740878
0.7444444444444445	-0.19913319369740878
0.7444444444444445	-0.19913319369740878
0.7444444444444445	-0.19913319369740878
0.7444444444444445	-0.19913319369740878
0.7444444444444445	-0.19913319369740878
0.7444444444444445	-0.19913319369740878
0.7444444444444445	-0.19913319369740878
0.7444444444444445	-0.19913319369740878
0.7444444444444445	-0.19913319369740878
0.7444444444444445	-0.19913319369740878
0.7444444444444445	-0.19913319369740878
0.7444444444444445	-0.19913319369740878
0.7444444444444445	-0.19913319369740878
0.7444444444444445	-0.19913319369740878
0.7444444444444445	-0.19913319369740878
0.7444444444444445	-0.19913319369740878
0.7444444444444445	-0.19913319369740878
0.7444444444444445	-0.19913319369740878
0.7444444444444445	-0.19913319369740878
0.7444444444444445	-0.19913319369740878
0.7444444444444445	-0.19913319369740878
0.7444444444444445	-0.19913319369740878
0.7444444444444445	-0.19913319369740878
0.7444444444444445	-0.19913319369740878
0.7555555555555555	-0.2026365477763722
0.7444444444444445	-0.19913319369740878
0.7444444444444445	-0.19913319369740878
0.7444444444444445	-0.19913319369740878
0.7444444444444445	-0.19913319369740878
0.7555555555555555	-0.2026365477763722
0.7444444444444445	-0.19913319369740878
0.7444444444444445	-0.19913319369740878
0.7444444444444445	-0.19913319369740878
0.7444444444444445	-0.19913319369740878
0.7444444444444445	-0.19913319369740878
0.7444444444444445	-0.19913319369740878
0.7444444444444445	-0.19913319369740878
0.7444444444444445	-0.19913319369740878
0.7444444444444445	-0.19913319369740878
0.7444444444444445	-0.19913319369740878
0.7444444444444445	-0.19913319369740878
0.7444444444444445	-0.19913319369740878
0.7444444444444445	-0.19913319369740878
0.7444444444444445	-0.19913319369740878
0.7444444444444445	-0.19913319369740878
0.7444444444444445	-0.19913319369740878
0.7444444444444445	-0.19913319369740878
0.7444444444444445	-0.19913319369740878
0.7444444444444445	-0.19913319369740878
0.7444444444444445	-0.19913319369740878
0.7444444444444445	-0.19913319369740878
0.7444444444444445	-0.19913319369740878
0.7444444444444445	-0.19913319369740878
0.75	-0.20136683025800178
0.7444444444444445	-0.19913319369740878
0.7444444444444445	-0.19913319369740878
0.7444444444444445	-0.19913319369740878
0.7444444444444445	-0.19913319369740878
0.7444444444444445	-0.19913319369740878
0.7444444444444445	-0.19913319369740878
0.7444444444444445	-0.19913319369740878
0.7444444444444445	-0.19913319369740878
0.7444444444444445	-0.19913319369740878
0.7444444444444445	-0.19913319369740878
0.7444444444444445	-0.19913319369740878
0.7444444444444445	-0.19913319369740878
0.7444444444444445	-0.19913319369740878
0.7444444444444445	-0.19913319369740878
0.7444444444444445	-0.19913319369740878
0.7444444444444445	-0.19913319369740878
0.7444444444444445	-0.19913319369740878
0.7444444444444445	-0.19913319369740878
0.7444444444444445	-0.19913319369740878
0.7444444444444445	-0.19913319369740878
0.7444444444444445	-0.19913319369740878
0.7444444444444445	-0.19913319369740878
0.7444444444444445	-0.19913319369740878
0.7444444444444445	-0.19913319369740878
0.7444444444444445	-0.19913319369740878
0.7444444444444445	-0.19913319369740878
0.7444444444444445	-0.19913319369740878
0.7444444444444445	-0.19913319369740878
0.7444444444444445	-0.19913319369740878
0.7444444444444445	-0.19913319369740878
0.7444444444444445	-0.19913319369740878
0.7444444444444445	-0.19913319369740878
0.7444444444444445	-0.19913319369740878
0.7444444444444445	-0.19913319369740878
0.7444444444444445	-0.19913319369740878
0.7444444444444445	-0.19913319369740878
0.7444444444444445	-0.19913319369740878
0.7444444444444445	-0.19913319369740878
0.7444444444444445	-0.19913319369740878
0.7444444444444445	-0.19913319369740878
0.7444444444444445	-0.19913319369740878
0.7444444444444445	-0.19913319369740878
0.7444444444444445	-0.19913319369740878
0.7444444444444445	-0.19913319369740878
0.7444444444444445	-0.19913319369740878
0.7444444444444445	-0.19913319369740878
0.7444444444444445	-0.19913319369740878
0.7444444444444445	-0.19913319369740878
0.7444444444444445	-0.19913319369740878
0.7444444444444445	-0.19913319369740878
0.7444444444444445	-0.19913319369740878
0.7444444444444445	-0.19913319369740878
0.7444444444444445	-0.19913319369740878
0.7444444444444445	-0.19913319369740878
0.7444444444444445	-0.19913319369740878
0.7444444444444445	-0.19913319369740878
0.7444444444444445	-0.19913319369740878
0.7444444444444445	-0.19913319369740878
0.7444444444444445	-0.19913319369740878
0.7444444444444445	-0.19913319369740878
0.7444444444444445	-0.19913319369740878
0.7444444444444445	-0.19913319369740878
0.75	-0.20136683025800178
0.7444444444444445	-0.19913319369740878
0.7444444444444445	-0.19913319369740878
0.7444444444444445	-0.19913319369740878
0.7444444444444445	-0.19913319369740878
0.7444444444444445	-0.19913319369740878
0.7444444444444445	-0.19913319369740878
0.7444444444444445	-0.19913319369740878
0.7444444444444445	-0.19913319369740878
0.7444444444444445	-0.19913319369740878
0.7444444444444445	-0.19913319369740878
0.7444444444444445	-0.19913319369740878
0.7444444444444445	-0.19913319369740878
0.7444444444444445	-0.19913319369740878
0.7444444444444445	-0.19913319369740878
0.7444444444444445	-0.19913319369740878
0.7444444444444445	-0.19913319369740878
0.7444444444444445	-0.19913319369740878
0.7444444444444445	-0.19913319369740878
0.7444444444444445	-0.19913319369740878
0.7444444444444445	-0.19913319369740878
0.7444444444444445	-0.19913319369740878
0.7444444444444445	-0.19913319369740878
0.7444444444444445	-0.19913319369740878
0.7444444444444445	-0.19913319369740878
0.7444444444444445	-0.19913319369740878
0.7444444444444445	-0.19913319369740878
0.7444444444444445	-0.19913319369740878
0.7444444444444445	-0.19913319369740878
0.7444444444444445	-0.19913319369740878
0.7444444444444445	-0.19913319369740878
0.7444444444444445	-0.19913319369740878
0.7444444444444445	-0.19913319369740878
0.7444444444444445	-0.19913319369740878
0.7444444444444445	-0.19913319369740878
0.7444444444444445	-0.19913319369740878
0.7444444444444445	-0.19913319369740878
0.7444444444444445	-0.19913319369740878
0.7555555555555555	-0.2026365477763722
0.7444444444444445	-0.19913319369740878
0.7444444444444445	-0.19913319369740878
0.7555555555555555	-0.2026365477763722
0.7444444444444445	-0.19913319369740878
0.7444444444444445	-0.19913319369740878
0.7444444444444445	-0.19913319369740878
0.7444444444444445	-0.19913319369740878
0.7444444444444445	-0.19913319369740878
0.7444444444444445	-0.19913319369740878
0.7444444444444445	-0.19913319369740878
0.7444444444444445	-0.19913319369740878
0.7444444444444445	-0.19913319369740878
0.7444444444444445	-0.19913319369740878
0.7444444444444445	-0.19913319369740878
0.7444444444444445	-0.19913319369740878
0.7444444444444445	-0.19913319369740878
