0.7333333333333333	-0.20049295458704253
0.7611111111111111	-0.21900638642686146
0.7555555555555555	-0.21003187325456774
0.75	-0.203656747607647
0.7388888888888889	-0.20142113583759588
0.7555555555555555	-0.21003187325456774
0.7555555555555555	-0.21003187325456774
0.7555555555555555	-0.21003187325456774
0.7555555555555555	-0.21003187325456774
0.7555555555555555	-0.21003187325456774
0.7555555555555555	-0.21003187325456774
0.7555555555555555	-0.21003187325456774
0.7555555555555555	-0.21003187325456774
0.7555555555555555	-0.21003187325456774
0.7555555555555555	-0.21003187325456774
0.7555555555555555	-0.21003187325456774
0.7555555555555555	-0.21003187325456774
0.7555555555555555	-0.21003187325456774
0.7555555555555555	-0.21003187325456774
0.7555555555555555	-0.21003187325456774
0.7555555555555555	-0.21003187325456774
0.7555555555555555	-0.21003187325456774
0.7555555555555555	-0.21003187325456774
0.7555555555555555	-0.21003187325456774
0.7555555555555555	-0.21003187325456774
0.7555555555555555	-0.21003187325456774
0.7555555555555555	-0.21003187325456774
0.7555555555555555	-0.21003187325456774
0.7555555555555555	-0.21003187325456774
0.7555555555555555	-0.21003187325456774
0.7555555555555555	-0.21003187325456774
0.7555555555555555	-0.21003187325456774
0.7555555555555555	-0.21003187325456774
0.7555555555555555	-0.21003187325456774
0.7555555555555555	-0.21003187325456774
0.7555555555555555	-0.21003187325456774
0.7555555555555555	-0.21003187325456774
0.7555555555555555	-0.21003187325456774
0.7555555555555555	-0.21003187325456774
0.7555555555555555	-0.21003187325456774
0.7555555555555555	-0.21003187325456774
0.7555555555555555	-0.21003187325456774
0.7555555555555555	-0.21003187325456774
0.7555555555555555	-0.21003187325456774
0.7555555555555555	-0.21003187325456774
0.7555555555555555	-0.21003187325456774
0.7555555555555555	-0.21003187325456774
0.7555555555555555	-0.21003187325456774
0.7555555555555555	-0.21003187325456774
0.7555555555555555	-0.21003187325456774
0.7555555555555555	-0.21003187325456774
0.7555555555555555	-0.21003187325456774
0.7555555555555555	-0.21003187325456774
0.7555555555555555	-0.21003187325456774
0.7555555555555555	-0.21003187325456774
0.7555555555555555	-0.21003187325456774
0.7555555555555555	-0.21003187325456774
0.7555555555555555	-0.21003187325456774
0.7555555555555555	-0.21003187325456774
0.7555555555555555	-0.21003187325456774
0.7555555555555555	-0.21003187325456774
0.7555555555555555	-0.21003187325456774
0.7555555555555555	-0.21003187325456774
0.7555555555555555	-0.21003187325456774
0.7555555555555555	-0.21003187325456774
0.7555555555555555	-0.21003187325456774
0.7555555555555555	-0.21003187325456774
0.7555555555555555	-0.21003187325456774
0.7555555555555555	-0.21003187325456774
0.7555555555555555	-0.21003187325456774
0.7555555555555555	-0.21003187325456774
0.7555555555555555	-0.21003187325456774
0.7555555555555555	-0.21003187325456774
0.7555555555555555	-0.21003187325456774
0.7555555555555555	-0.21003187325456774
0.7555555555555555	-0.21003187325456774
0.7555555555555555	-0.21003187325456774
0.7555555555555555	-0.21003187325456774
0.7555555555555555	-0.21003187325456774
0.7555555555555555	-0.21003187325456774
0.7555555555555555	-0.21003187325456774
0.7555555555555555	-0.21003187325456774
0.7555555555555555	-0.21003187325456774
0.7555555555555555	-0.21003187325456774
0.7555555555555555	-0.21003187325456774
0.7555555555555555	-0.21003187325456774
0.7555555555555555	-0.21003187325456774
0.7555555555555555	-0.21003187325456774
0.7555555555555555	-0.21003187325456774
0.7555555555555555	-0.21003187325456774
0.7555555555555555	-0.21003187325456774
0.7555555555555555	-0.21003187325456774
0.7555555555555555	-0.21003187325456774
0.7555555555555555	-0.21003187325456774
0.7555555555555555	-0.21003187325456774
0.7555555555555555	-0.21003187325456774
0.7555555555555555	-0.21003187325456774
0.7555555555555555	-0.21003187325456774
0.7555555555555555	-0.21003187325456774
0.7555555555555555	-0.21003187325456774
0.7555555555555555	-0.21003187325456774
0.7555555555555555	-0.21003187325456774
0.7555555555555555	-0.21003187325456774
0.7555555555555555	-0.21003187325456774
0.7555555555555555	-0.21003187325456774
0.7555555555555555	-0.21003187325456774
0.7555555555555555	-0.21003187325456774
0.7555555555555555	-0.21003187325456774
0.7555555555555555	-0.21003187325456774
0.7555555555555555	-0.21003187325456774
0.7555555555555555	-0.21003187325456774
0.7555555555555555	-0.21003187325456774
0.7555555555555555	-0.21003187325456774
0.7555555555555555	-0.21003187325456774
0.7555555555555555	-0.21003187325456774
0.7555555555555555	-0.21003187325456774
0.7555555555555555	-0.21003187325456774
0.7555555555555555	-0.21003187325456774
0.7555555555555555	-0.21003187325456774
0.7555555555555555	-0.21003187325456774
0.7555555555555555	-0.21003187325456774
0.7555555555555555	-0.21003187325456774
0.7555555555555555	-0.21003187325456774
0.7555555555555555	-0.21003187325456774
0.7555555555555555	-0.21003187325456774
0.7555555555555555	-0.21003187325456774
0.7555555555555555	-0.21003187325456774
0.7555555555555555	-0.21003187325456774
0.7555555555555555	-0.21003187325456774
0.7555555555555555	-0.21003187325456774
0.7555555555555555	-0.21003187325456774
0.7555555555555555	-0.21003187325456774
0.7555555555555555	-0.21003187325456774
0.7555555555555555	-0.21003187325456774
0.7555555555555555	-0.21003187325456774
0.7555555555555555	-0.21003187325456774
0.7555555555555555	-0.21003187325456774
0.7555555555555555	-0.21003187325456774
0.7555555555555555	-0.21003187325456774
0.7555555555555555	-0.21003187325456774
0.7555555555555555	-0.21003187325456774
0.7555555555555555	-0.21003187325456774
0.7555555555555555	-0.21003187325456774
0.7555555555555555	-0.21003187325456774
0.7555555555555555	-0.21003187325456774
0.7555555555555555	-0.21003187325456774
0.7555555555555555	-0.21003187325456774
0.7555555555555555	-0.21003187325456774
0.7555555555555555	-0.21003187325456774
0.7555555555555555	-0.21003187325456774
0.7555555555555555	-0.21003187325456774
0.7555555555555555	-0.21003187325456774
0.7555555555555555	-0.21003187325456774
0.7555555555555555	-0.21003187325456774
0.7555555555555555	-0.21003187325456774
0.7555555555555555	-0.21003187325456774
0.7555555555555555	-0.21003187325456774
0.7555555555555555	-0.21003187325456774
0.7555555555555555	-0.21003187325456774
0.7555555555555555	-0.21003187325456774
0.7555555555555555	-0.21003187325456774
0.7555555555555555	-0.21003187325456774
0.7555555555555555	-0.21003187325456774
0.7555555555555555	-0.21003187325456774
0.7555555555555555	-0.21003187325456774
0.7555555555555555	-0.21003187325456774
0.7555555555555555	-0.21003187325456774
0.7555555555555555	-0.21003187325456774
0.7555555555555555	-0.21003187325456774
0.7555555555555555	-0.21003187325456774
0.7555555555555555	-0.21003187325456774
0.7555555555555555	-0.21003187325456774
0.7555555555555555	-0.21003187325456774
0.7555555555555555	-0.21003187325456774
0.7555555555555555	-0.21003187325456774
0.7555555555555555	-0.21003187325456774
0.7555555555555555	-0.21003187325456774
0.7555555555555555	-0.21003187325456774
0.7555555555555555	-0.21003187325456774
0.7555555555555555	-0.21003187325456774
0.7555555555555555	-0.21003187325456774
0.7555555555555555	-0.21003187325456774
0.7555555555555555	-0.21003187325456774
0.7555555555555555	-0.21003187325456774
0.7555555555555555	-0.21003187325456774
0.7555555555555555	-0.21003187325456774
0.7555555555555555	-0.21003187325456774
0.7555555555555555	-0.21003187325456774
0.7555555555555555	-0.21003187325456774
0.7555555555555555	-0.21003187325456774
0.7555555555555555	-0.21003187325456774
0.7555555555555555	-0.21003187325456774
0.7555555555555555	-0.21003187325456774
0.7555555555555555	-0.21003187325456774
0.7555555555555555	-0.21003187325456774
0.7555555555555555	-0.21003187325456774
0.7555555555555555	-0.21003187325456774
0.7555555555555555	-0.21003187325456774
0.7555555555555555	-0.21003187325456774
0.7555555555555555	-0.21003187325456774
