0.7444444444444445	-0.2336789682557781
0.7277777777777777	-0.22539110940173657
0.7333333333333333	-0.22897223332871086
0.7388888888888889	-0.23181498363617503
0.7444444444444445	-0.2336789682557781
0.7444444444444445	-0.2336789682557781
0.7444444444444445	-0.2336789682557781
0.7444444444444445	-0.2336789682557781
0.7444444444444445	-0.2336789682557781
0.7444444444444445	-0.2336789682557781
0.7444444444444445	-0.2336789682557781
0.7444444444444445	-0.2336789682557781
0.7444444444444445	-0.2336789682557781
0.7444444444444445	-0.2336789682557781
0.7444444444444445	-0.2336789682557781
0.7444444444444445	-0.2336789682557781
0.7444444444444445	-0.2336789682557781
0.7444444444444445	-0.2336789682557781
0.7444444444444445	-0.2336789682557781
0.7444444444444445	-0.2336789682557781
0.7444444444444445	-0.2336789682557781
0.7444444444444445	-0.2336789682557781
0.7444444444444445	-0.2336789682557781
0.7444444444444445	-0.2336789682557781
0.7444444444444445	-0.2336789682557781
0.7444444444444445	-0.2336789682557781
0.7444444444444445	-0.2336789682557781
0.7444444444444445	-0.2336789682557781
0.7444444444444445	-0.2336789682557781
0.7444444444444445	-0.2336789682557781
0.7444444444444445	-0.2336789682557781
0.7444444444444445	-0.2336789682557781
0.7444444444444445	-0.2336789682557781
0.7444444444444445	-0.2336789682557781
0.7444444444444445	-0.2336789682557781
0.7444444444444445	-0.2336789682557781
0.7444444444444445	-0.2336789682557781
0.7444444444444445	-0.2336789682557781
0.7444444444444445	-0.2336789682557781
0.7444444444444445	-0.2336789682557781
0.7444444444444445	-0.2336789682557781
0.7444444444444445	-0.2336789682557781
0.7444444444444445	-0.2336789682557781
0.7444444444444445	-0.2336789682557781
0.7444444444444445	-0.2336789682557781
0.7444444444444445	-0.2336789682557781
0.7444444444444445	-0.2336789682557781
0.7444444444444445	-0.2336789682557781
0.7444444444444445	-0.2336789682557781
0.7444444444444445	-0.2336789682557781
0.7444444444444445	-0.2336789682557781
0.7444444444444445	-0.2336789682557781
0.7444444444444445	-0.2336789682557781
0.7444444444444445	-0.2336789682557781
0.7444444444444445	-0.2336789682557781
0.7444444444444445	-0.2336789682557781
0.7444444444444445	-0.2336789682557781
0.7444444444444445	-0.2336789682557781
0.7444444444444445	-0.2336789682557781
0.7444444444444445	-0.2336789682557781
0.7444444444444445	-0.2336789682557781
0.7444444444444445	-0.2336789682557781
0.7444444444444445	-0.2336789682557781
0.7444444444444445	-0.2336789682557781
0.7444444444444445	-0.2336789682557781
0.7444444444444445	-0.2336789682557781
0.7444444444444445	-0.2336789682557781
0.7444444444444445	-0.2336789682557781
0.7444444444444445	-0.2336789682557781
0.7444444444444445	-0.2336789682557781
0.7444444444444445	-0.2336789682557781
0.7444444444444445	-0.2336789682557781
0.7444444444444445	-0.2336789682557781
0.7444444444444445	-0.2336789682557781
0.7444444444444445	-0.2336789682557781
0.7444444444444445	-0.2336789682557781
0.7444444444444445	-0.2336789682557781
0.7444444444444445	-0.2336789682557781
0.7444444444444445	-0.2336789682557781
0.7444444444444445	-0.2336789682557781
0.7444444444444445	-0.2336789682557781
0.7444444444444445	-0.2336789682557781
0.7277777777777777	-0.22539110940173657
0.7444444444444445	-0.2336789682557781
0.7444444444444445	-0.2336789682557781
0.7444444444444445	-0.2336789682557781
0.7444444444444445	-0.2336789682557781
0.7444444444444445	-0.2336789682557781
0.7444444444444445	-0.2336789682557781
0.7444444444444445	-0.2336789682557781
0.7444444444444445	-0.2336789682557781
0.7444444444444445	-0.2336789682557781
0.7444444444444445	-0.2336789682557781
0.7388888888888889	-0.23181498363617503
0.7333333333333333	-0.22897223332871086
0.7444444444444445	-0.2336789682557781
0.7444444444444445	-0.2336789682557781
0.7444444444444445	-0.2336789682557781
0.7444444444444445	-0.2336789682557781
0.7444444444444445	-0.2336789682557781
0.7444444444444445	-0.2336789682557781
0.7444444444444445	-0.2336789682557781
0.7444444444444445	-0.2336789682557781
0.7444444444444445	-0.2336789682557781
0.7444444444444445	-0.2336789682557781
0.7444444444444445	-0.2336789682557781
0.7333333333333333	-0.22897223332871086
0.7444444444444445	-0.2336789682557781
0.7444444444444445	-0.2336789682557781
0.7444444444444445	-0.2336789682557781
0.7444444444444445	-0.2336789682557781
0.7444444444444445	-0.2336789682557781
0.7444444444444445	-0.2336789682557781
0.7444444444444445	-0.2336789682557781
0.7444444444444445	-0.2336789682557781
0.7444444444444445	-0.2336789682557781
0.7444444444444445	-0.2336789682557781
0.7444444444444445	-0.2336789682557781
0.7444444444444445	-0.2336789682557781
0.7444444444444445	-0.2336789682557781
0.7444444444444445	-0.2336789682557781
0.7444444444444445	-0.2336789682557781
0.7444444444444445	-0.2336789682557781
0.7444444444444445	-0.2336789682557781
0.7444444444444445	-0.2336789682557781
0.7444444444444445	-0.2336789682557781
0.7444444444444445	-0.2336789682557781
0.7333333333333333	-0.22897223332871086
0.7444444444444445	-0.2336789682557781
0.7277777777777777	-0.22539110940173657
0.7444444444444445	-0.2336789682557781
0.7444444444444445	-0.2336789682557781
0.7444444444444445	-0.2336789682557781
0.7444444444444445	-0.2336789682557781
0.7444444444444445	-0.2336789682557781
0.7444444444444445	-0.2336789682557781
0.7388888888888889	-0.23181498363617503
0.7444444444444445	-0.2336789682557781
0.7444444444444445	-0.2336789682557781
0.7444444444444445	-0.2336789682557781
0.7444444444444445	-0.2336789682557781
0.7444444444444445	-0.2336789682557781
0.7444444444444445	-0.2336789682557781
0.7444444444444445	-0.2336789682557781
0.7444444444444445	-0.2336789682557781
0.7444444444444445	-0.2336789682557781
0.7444444444444445	-0.2336789682557781
0.7444444444444445	-0.2336789682557781
0.7444444444444445	-0.2336789682557781
0.7444444444444445	-0.2336789682557781
0.7444444444444445	-0.2336789682557781
0.7444444444444445	-0.2336789682557781
0.7444444444444445	-0.2336789682557781
0.7444444444444445	-0.2336789682557781
0.7444444444444445	-0.2336789682557781
0.7444444444444445	-0.2336789682557781
0.7444444444444445	-0.2336789682557781
0.7444444444444445	-0.2336789682557781
0.7444444444444445	-0.2336789682557781
0.7444444444444445	-0.2336789682557781
0.7444444444444445	-0.2336789682557781
0.7277777777777777	-0.22539110940173657
0.7444444444444445	-0.2336789682557781
0.7444444444444445	-0.2336789682557781
0.7444444444444445	-0.2336789682557781
0.7444444444444445	-0.2336789682557781
0.7444444444444445	-0.2336789682557781
0.7444444444444445	-0.2336789682557781
0.7444444444444445	-0.2336789682557781
0.7444444444444445	-0.2336789682557781
0.7444444444444445	-0.2336789682557781
0.7444444444444445	-0.2336789682557781
0.7444444444444445	-0.2336789682557781
0.7444444444444445	-0.2336789682557781
0.7444444444444445	-0.2336789682557781
0.7444444444444445	-0.2336789682557781
0.7444444444444445	-0.2336789682557781
0.7444444444444445	-0.2336789682557781
0.7444444444444445	-0.2336789682557781
0.7444444444444445	-0.2336789682557781
0.7444444444444445	-0.2336789682557781
0.7444444444444445	-0.2336789682557781
0.7444444444444445	-0.2336789682557781
0.7444444444444445	-0.2336789682557781
0.7444444444444445	-0.2336789682557781
0.7444444444444445	-0.2336789682557781
0.7444444444444445	-0.2336789682557781
0.7444444444444445	-0.2336789682557781
0.7444444444444445	-0.2336789682557781
0.7444444444444445	-0.2336789682557781
0.7444444444444445	-0.2336789682557781
0.7333333333333333	-0.22897223332871086
0.7444444444444445	-0.2336789682557781
0.7444444444444445	-0.2336789682557781
0.7444444444444445	-0.2336789682557781
0.7444444444444445	-0.2336789682557781
0.7444444444444445	-0.2336789682557781
0.7444444444444445	-0.2336789682557781
0.7444444444444445	-0.2336789682557781
0.7333333333333333	-0.22897223332871086
