0.7111111111111111	-0.23091505741846274
0.7388888888888889	-0.24085339971601735
0.7277777777777777	-0.23461697611091592
0.7333333333333333	-0.23836064814037444
0.7277777777777777	-0.23461697611091592
0.7277777777777777	-0.23461697611091592
0.7277777777777777	-0.23461697611091592
0.7277777777777777	-0.23461697611091592
0.7277777777777777	-0.23461697611091592
0.7277777777777777	-0.23461697611091592
0.7277777777777777	-0.23461697611091592
0.7277777777777777	-0.23461697611091592
0.7277777777777777	-0.23461697611091592
0.7277777777777777	-0.23461697611091592
0.7277777777777777	-0.23461697611091592
0.7277777777777777	-0.23461697611091592
0.7277777777777777	-0.23461697611091592
0.7277777777777777	-0.23461697611091592
0.7277777777777777	-0.23461697611091592
0.7277777777777777	-0.23461697611091592
0.7277777777777777	-0.23461697611091592
0.7277777777777777	-0.23461697611091592
0.7277777777777777	-0.23461697611091592
0.7277777777777777	-0.23461697611091592
0.7277777777777777	-0.23461697611091592
0.7277777777777777	-0.23461697611091592
0.7277777777777777	-0.23461697611091592
0.7277777777777777	-0.23461697611091592
0.7277777777777777	-0.23461697611091592
0.7277777777777777	-0.23461697611091592
0.7277777777777777	-0.23461697611091592
0.7277777777777777	-0.23461697611091592
0.7277777777777777	-0.23461697611091592
0.7277777777777777	-0.23461697611091592
0.7277777777777777	-0.23461697611091592
0.7277777777777777	-0.23461697611091592
0.7277777777777777	-0.23461697611091592
0.7277777777777777	-0.23461697611091592
0.7277777777777777	-0.23461697611091592
0.7277777777777777	-0.23461697611091592
0.7277777777777777	-0.23461697611091592
0.7277777777777777	-0.23461697611091592
0.7277777777777777	-0.23461697611091592
0.7277777777777777	-0.23461697611091592
0.7277777777777777	-0.23461697611091592
0.7277777777777777	-0.23461697611091592
0.7277777777777777	-0.23461697611091592
0.7277777777777777	-0.23461697611091592
0.7277777777777777	-0.23461697611091592
0.7277777777777777	-0.23461697611091592
0.7277777777777777	-0.23461697611091592
0.7277777777777777	-0.23461697611091592
0.7277777777777777	-0.23461697611091592
0.7277777777777777	-0.23461697611091592
0.7277777777777777	-0.23461697611091592
0.7277777777777777	-0.23461697611091592
0.7277777777777777	-0.23461697611091592
0.7277777777777777	-0.23461697611091592
0.7277777777777777	-0.23461697611091592
0.7277777777777777	-0.23461697611091592
0.7277777777777777	-0.23461697611091592
0.7277777777777777	-0.23461697611091592
0.7277777777777777	-0.23461697611091592
0.7277777777777777	-0.23461697611091592
0.7277777777777777	-0.23461697611091592
0.7277777777777777	-0.23461697611091592
0.7333333333333333	-0.23836064814037444
0.7277777777777777	-0.23461697611091592
0.7277777777777777	-0.23461697611091592
0.7277777777777777	-0.23461697611091592
0.7277777777777777	-0.23461697611091592
0.7277777777777777	-0.23461697611091592
0.7277777777777777	-0.23461697611091592
0.7277777777777777	-0.23461697611091592
0.7277777777777777	-0.23461697611091592
0.7277777777777777	-0.23461697611091592
0.7277777777777777	-0.23461697611091592
0.7277777777777777	-0.23461697611091592
0.7277777777777777	-0.23461697611091592
0.7277777777777777	-0.23461697611091592
0.7277777777777777	-0.23461697611091592
0.7277777777777777	-0.23461697611091592
0.7277777777777777	-0.23461697611091592
0.7277777777777777	-0.23461697611091592
0.7277777777777777	-0.23461697611091592
0.7277777777777777	-0.23461697611091592
0.7277777777777777	-0.23461697611091592
0.7277777777777777	-0.23461697611091592
0.7277777777777777	-0.23461697611091592
0.7277777777777777	-0.23461697611091592
0.7277777777777777	-0.23461697611091592
0.7277777777777777	-0.23461697611091592
0.7277777777777777	-0.23461697611091592
0.7277777777777777	-0.23461697611091592
0.7277777777777777	-0.23461697611091592
0.7277777777777777	-0.23461697611091592
0.7277777777777777	-0.23461697611091592
0.7277777777777777	-0.23461697611091592
0.7277777777777777	-0.23461697611091592
0.7277777777777777	-0.23461697611091592
0.7277777777777777	-0.23461697611091592
0.7277777777777777	-0.23461697611091592
0.7277777777777777	-0.23461697611091592
0.7277777777777777	-0.23461697611091592
0.7277777777777777	-0.23461697611091592
0.7277777777777777	-0.23461697611091592
0.7277777777777777	-0.23461697611091592
0.7277777777777777	-0.23461697611091592
0.7277777777777777	-0.23461697611091592
0.7277777777777777	-0.23461697611091592
0.7277777777777777	-0.23461697611091592
0.7277777777777777	-0.23461697611091592
0.7277777777777777	-0.23461697611091592
0.7277777777777777	-0.23461697611091592
0.7277777777777777	-0.23461697611091592
0.7277777777777777	-0.23461697611091592
0.7277777777777777	-0.23461697611091592
0.7277777777777777	-0.23461697611091592
0.7277777777777777	-0.23461697611091592
0.7277777777777777	-0.23461697611091592
0.7277777777777777	-0.23461697611091592
0.7277777777777777	-0.23461697611091592
0.7277777777777777	-0.23461697611091592
0.7277777777777777	-0.23461697611091592
0.7277777777777777	-0.23461697611091592
0.7277777777777777	-0.23461697611091592
0.7277777777777777	-0.23461697611091592
0.7277777777777777	-0.23461697611091592
0.7277777777777777	-0.23461697611091592
0.7277777777777777	-0.23461697611091592
0.7277777777777777	-0.23461697611091592
0.7277777777777777	-0.23461697611091592
0.7277777777777777	-0.23461697611091592
0.7277777777777777	-0.23461697611091592
0.7277777777777777	-0.23461697611091592
0.7277777777777777	-0.23461697611091592
0.7277777777777777	-0.23461697611091592
0.7277777777777777	-0.23461697611091592
0.7277777777777777	-0.23461697611091592
0.7277777777777777	-0.23461697611091592
0.7277777777777777	-0.23461697611091592
0.7277777777777777	-0.23461697611091592
0.7277777777777777	-0.23461697611091592
0.7277777777777777	-0.23461697611091592
0.7277777777777777	-0.23461697611091592
0.7277777777777777	-0.23461697611091592
0.7277777777777777	-0.23461697611091592
0.7277777777777777	-0.23461697611091592
0.7277777777777777	-0.23461697611091592
0.7277777777777777	-0.23461697611091592
0.7277777777777777	-0.23461697611091592
0.7277777777777777	-0.23461697611091592
0.7277777777777777	-0.23461697611091592
0.7277777777777777	-0.23461697611091592
0.7277777777777777	-0.23461697611091592
0.7277777777777777	-0.23461697611091592
0.7277777777777777	-0.23461697611091592
0.7277777777777777	-0.23461697611091592
0.7277777777777777	-0.23461697611091592
0.7277777777777777	-0.23461697611091592
0.7277777777777777	-0.23461697611091592
0.7277777777777777	-0.23461697611091592
0.7277777777777777	-0.23461697611091592
0.7277777777777777	-0.23461697611091592
0.7277777777777777	-0.23461697611091592
0.7277777777777777	-0.23461697611091592
0.7277777777777777	-0.23461697611091592
0.7277777777777777	-0.23461697611091592
0.7277777777777777	-0.23461697611091592
0.7277777777777777	-0.23461697611091592
0.7277777777777777	-0.23461697611091592
0.7277777777777777	-0.23461697611091592
0.7277777777777777	-0.23461697611091592
0.7277777777777777	-0.23461697611091592
0.7277777777777777	-0.23461697611091592
0.7277777777777777	-0.23461697611091592
0.7277777777777777	-0.23461697611091592
0.7277777777777777	-0.23461697611091592
0.7277777777777777	-0.23461697611091592
0.7277777777777777	-0.23461697611091592
0.7277777777777777	-0.23461697611091592
0.7277777777777777	-0.23461697611091592
0.7277777777777777	-0.23461697611091592
0.7277777777777777	-0.23461697611091592
0.7277777777777777	-0.23461697611091592
0.7277777777777777	-0.23461697611091592
0.7277777777777777	-0.23461697611091592
0.7277777777777777	-0.23461697611091592
0.7277777777777777	-0.23461697611091592
0.7277777777777777	-0.23461697611091592
0.7277777777777777	-0.23461697611091592
0.7277777777777777	-0.23461697611091592
0.7277777777777777	-0.23461697611091592
0.7277777777777777	-0.23461697611091592
0.7277777777777777	-0.23461697611091592
0.7277777777777777	-0.23461697611091592
0.7277777777777777	-0.23461697611091592
0.7277777777777777	-0.23461697611091592
0.7277777777777777	-0.23461697611091592
0.7277777777777777	-0.23461697611091592
