0.7333333333333333	-0.2369223669741836
0.7166666666666667	-0.2212429937011946
0.7277777777777777	-0.2275600027092731
0.7222222222222222	-0.22538250757806422
0.7277777777777777	-0.2275600027092731
0.7277777777777777	-0.2275600027092731
0.7166666666666667	-0.2212429937011946
0.7277777777777777	-0.2275600027092731
0.7277777777777777	-0.2275600027092731
0.7277777777777777	-0.2275600027092731
0.7277777777777777	-0.2275600027092731
0.7277777777777777	-0.2275600027092731
0.7277777777777777	-0.2275600027092731
0.7277777777777777	-0.2275600027092731
0.7277777777777777	-0.2275600027092731
0.7277777777777777	-0.2275600027092731
0.7277777777777777	-0.2275600027092731
0.7277777777777777	-0.2275600027092731
0.7277777777777777	-0.2275600027092731
0.7277777777777777	-0.2275600027092731
0.7277777777777777	-0.2275600027092731
0.7277777777777777	-0.2275600027092731
0.7277777777777777	-0.2275600027092731
0.7277777777777777	-0.2275600027092731
0.7277777777777777	-0.2275600027092731
0.7222222222222222	-0.22538250757806422
0.7277777777777777	-0.2275600027092731
0.7277777777777777	-0.2275600027092731
0.7277777777777777	-0.2275600027092731
0.7277777777777777	-0.2275600027092731
0.7277777777777777	-0.2275600027092731
0.7277777777777777	-0.2275600027092731
0.7277777777777777	-0.2275600027092731
0.7277777777777777	-0.2275600027092731
0.7277777777777777	-0.2275600027092731
0.7277777777777777	-0.2275600027092731
0.7277777777777777	-0.2275600027092731
0.7277777777777777	-0.2275600027092731
0.7277777777777777	-0.2275600027092731
0.7277777777777777	-0.2275600027092731
0.7277777777777777	-0.2275600027092731
0.7277777777777777	-0.2275600027092731
0.7277777777777777	-0.2275600027092731
0.7277777777777777	-0.2275600027092731
0.7277777777777777	-0.2275600027092731
0.7277777777777777	-0.2275600027092731
0.7277777777777777	-0.2275600027092731
0.7277777777777777	-0.2275600027092731
0.7222222222222222	-0.22538250757806422
0.7277777777777777	-0.2275600027092731
0.7277777777777777	-0.2275600027092731
0.7277777777777777	-0.2275600027092731
0.7222222222222222	-0.22538250757806422
0.7277777777777777	-0.2275600027092731
0.7277777777777777	-0.2275600027092731
0.7277777777777777	-0.2275600027092731
0.7277777777777777	-0.2275600027092731
0.7277777777777777	-0.2275600027092731
0.7277777777777777	-0.2275600027092731
0.7277777777777777	-0.2275600027092731
0.7277777777777777	-0.2275600027092731
0.7277777777777777	-0.2275600027092731
0.7277777777777777	-0.2275600027092731
0.7277777777777777	-0.2275600027092731
0.7277777777777777	-0.2275600027092731
0.7277777777777777	-0.2275600027092731
0.7277777777777777	-0.2275600027092731
0.7277777777777777	-0.2275600027092731
0.7277777777777777	-0.2275600027092731
0.7277777777777777	-0.2275600027092731
0.7277777777777777	-0.2275600027092731
0.7277777777777777	-0.2275600027092731
0.7277777777777777	-0.2275600027092731
0.7277777777777777	-0.2275600027092731
0.7277777777777777	-0.2275600027092731
0.7277777777777777	-0.2275600027092731
0.7277777777777777	-0.2275600027092731
0.7277777777777777	-0.2275600027092731
0.7277777777777777	-0.2275600027092731
0.7277777777777777	-0.2275600027092731
0.7166666666666667	-0.2212429937011946
0.7277777777777777	-0.2275600027092731
0.7277777777777777	-0.2275600027092731
0.7277777777777777	-0.2275600027092731
0.7277777777777777	-0.2275600027092731
0.7277777777777777	-0.2275600027092731
0.7277777777777777	-0.2275600027092731
0.7333333333333333	-0.2369223669741836
0.7277777777777777	-0.2275600027092731
0.7277777777777777	-0.2275600027092731
0.7166666666666667	-0.2212429937011946
0.7277777777777777	-0.2275600027092731
0.7277777777777777	-0.2275600027092731
0.7277777777777777	-0.2275600027092731
0.7277777777777777	-0.2275600027092731
0.7277777777777777	-0.2275600027092731
0.7277777777777777	-0.2275600027092731
0.7166666666666667	-0.2212429937011946
0.7277777777777777	-0.2275600027092731
0.7277777777777777	-0.2275600027092731
0.7277777777777777	-0.2275600027092731
0.7277777777777777	-0.2275600027092731
0.7277777777777777	-0.2275600027092731
0.7277777777777777	-0.2275600027092731
0.7277777777777777	-0.2275600027092731
0.7277777777777777	-0.2275600027092731
0.7277777777777777	-0.2275600027092731
0.7277777777777777	-0.2275600027092731
0.7277777777777777	-0.2275600027092731
0.7277777777777777	-0.2275600027092731
0.7277777777777777	-0.2275600027092731
0.7277777777777777	-0.2275600027092731
0.7277777777777777	-0.2275600027092731
0.7277777777777777	-0.2275600027092731
0.7277777777777777	-0.2275600027092731
0.7277777777777777	-0.2275600027092731
0.7277777777777777	-0.2275600027092731
0.7277777777777777	-0.2275600027092731
0.7277777777777777	-0.2275600027092731
0.7166666666666667	-0.2212429937011946
0.7277777777777777	-0.2275600027092731
0.7277777777777777	-0.2275600027092731
0.7277777777777777	-0.2275600027092731
0.7277777777777777	-0.2275600027092731
0.7277777777777777	-0.2275600027092731
0.7277777777777777	-0.2275600027092731
0.7277777777777777	-0.2275600027092731
0.7277777777777777	-0.2275600027092731
0.7277777777777777	-0.2275600027092731
0.7166666666666667	-0.2212429937011946
0.7277777777777777	-0.2275600027092731
0.7277777777777777	-0.2275600027092731
0.7277777777777777	-0.2275600027092731
0.7277777777777777	-0.2275600027092731
0.7277777777777777	-0.2275600027092731
0.7277777777777777	-0.2275600027092731
0.7277777777777777	-0.2275600027092731
0.7277777777777777	-0.2275600027092731
0.7277777777777777	-0.2275600027092731
0.7277777777777777	-0.2275600027092731
0.7277777777777777	-0.2275600027092731
0.7277777777777777	-0.2275600027092731
0.7166666666666667	-0.2212429937011946
0.7277777777777777	-0.2275600027092731
0.7277777777777777	-0.2275600027092731
0.7277777777777777	-0.2275600027092731
0.7277777777777777	-0.2275600027092731
0.7277777777777777	-0.2275600027092731
0.7277777777777777	-0.2275600027092731
0.7277777777777777	-0.2275600027092731
0.7277777777777777	-0.2275600027092731
0.7277777777777777	-0.2275600027092731
0.7277777777777777	-0.2275600027092731
0.7277777777777777	-0.2275600027092731
0.7333333333333333	-0.2369223669741836
0.7277777777777777	-0.2275600027092731
0.7277777777777777	-0.2275600027092731
0.7277777777777777	-0.2275600027092731
0.7277777777777777	-0.2275600027092731
0.7277777777777777	-0.2275600027092731
0.7277777777777777	-0.2275600027092731
0.7277777777777777	-0.2275600027092731
0.7277777777777777	-0.2275600027092731
0.7277777777777777	-0.2275600027092731
0.7277777777777777	-0.2275600027092731
0.7277777777777777	-0.2275600027092731
0.7277777777777777	-0.2275600027092731
0.7277777777777777	-0.2275600027092731
0.7277777777777777	-0.2275600027092731
0.7277777777777777	-0.2275600027092731
0.7277777777777777	-0.2275600027092731
0.7277777777777777	-0.2275600027092731
0.7277777777777777	-0.2275600027092731
0.7277777777777777	-0.2275600027092731
0.7277777777777777	-0.2275600027092731
0.7277777777777777	-0.2275600027092731
0.7277777777777777	-0.2275600027092731
0.7277777777777777	-0.2275600027092731
0.7277777777777777	-0.2275600027092731
0.7277777777777777	-0.2275600027092731
0.7277777777777777	-0.2275600027092731
0.7277777777777777	-0.2275600027092731
0.7277777777777777	-0.2275600027092731
0.7277777777777777	-0.2275600027092731
0.7277777777777777	-0.2275600027092731
0.7277777777777777	-0.2275600027092731
0.7277777777777777	-0.2275600027092731
0.7277777777777777	-0.2275600027092731
0.7277777777777777	-0.2275600027092731
0.7277777777777777	-0.2275600027092731
0.7277777777777777	-0.2275600027092731
0.7166666666666667	-0.2212429937011946
0.7277777777777777	-0.2275600027092731
0.7277777777777777	-0.2275600027092731
0.7277777777777777	-0.2275600027092731
0.7277777777777777	-0.2275600027092731
0.7277777777777777	-0.2275600027092731
0.7277777777777777	-0.2275600027092731
0.7277777777777777	-0.2275600027092731
0.7277777777777777	-0.2275600027092731
