1.5300870658125032
2.1246333550335854
2.144385005312407
2.161135501601798
2.1629473133357577
2.1629473133357577
2.1629473133357577
2.1629473133357577
2.1629473133357577
2.1629473133357577
2.1629473133357577
2.1629473133357577
2.1629473133357577
2.1629473133357577
2.1629473133357577
2.1629473133357577
2.1629473133357577
2.1629473133357577
2.1629473133357577
2.1629473133357577
2.1629473133357577
2.1629473133357577
2.1629473133357577
2.1629473133357577
2.1629473133357577
1.5300870658125032
2.0186792944810636
2.144121152214316
2.155154243527681
2.1659539451397585
2.1659539451397585
2.1704501005212147
2.1704501005212147
2.1704501005212147
2.1704501005212147
2.1704501005212147
2.1704501005212147
2.1704501005212147
2.1704501005212147
2.1704501005212147
2.1704501005212147
2.1704501005212147
2.1704501005212147
2.1704501005212147
2.1704501005212147
2.1704501005212147
2.1704501005212147
2.1704501005212147
2.1704501005212147
2.1704501005212147
