1.5300870658125032
2.1246333550335854
2.144385005312407
2.161135501601798
2.1629473133357577
2.1629473133357577
2.1629473133357577
2.1629473133357577
2.1629473133357577
2.1629473133357577
2.1629473133357577
2.1629473133357577
2.1629473133357577
2.1629473133357577
2.1629473133357577
2.1629473133357577
2.1629473133357577
2.1629473133357577
2.1629473133357577
2.1629473133357577
2.1629473133357577
2.1629473133357577
2.1629473133357577
2.1629473133357577
2.1629473133357577
1.5300870658125032
2.0186792944810636
2.144121152214316
2.155154243527681
2.1659539451397585
2.1659539451397585
2.1704501005212147
2.1704501005212147
2.1704501005212147
2.1704501005212147
2.1704501005212147
2.1704501005212147
2.1704501005212147
2.1704501005212147
2.1704501005212147
2.1704501005212147
2.1704501005212147
2.1704501005212147
2.1704501005212147
2.1704501005212147
2.1704501005212147
2.1704501005212147
2.1704501005212147
2.1704501005212147
2.1704501005212147
1.5300870658125032
2.086792088639722
2.1570634243055853
2.1570634243055853
2.166478260361661
2.1689072050391824
2.183934863999801
2.183934863999801
2.183934863999801
2.183934863999801
2.183934863999801
2.183934863999801
2.183934863999801
2.183934863999801
2.183934863999801
2.183934863999801
2.183934863999801
2.183934863999801
2.183934863999801
2.183934863999801
2.183934863999801
2.183934863999801
2.183934863999801
2.183934863999801
2.183934863999801
1.5300870658125032
2.077473299214321
2.138445916361
2.1478172859281845
2.1478172859281845
2.1478172859281845
2.1478172859281845
2.1478172859281845
2.1478172859281845
2.1478172859281845
2.1478172859281845
2.1478172859281845
2.1478172859281845
2.1478172859281845
2.1478172859281845
2.1478172859281845
2.1478172859281845
2.1478172859281845
2.1478172859281845
2.1478172859281845
2.1478172859281845
2.1478172859281845
2.1478172859281845
2.1478172859281845
2.1478172859281845
1.5300870658125032
2.07815455154895
2.1713397748536694
2.1713397748536694
2.1713397748536694
2.1713397748536694
2.1713397748536694
2.1713397748536694
2.1713397748536694
2.1713397748536694
2.1713397748536694
2.1713397748536694
2.1713397748536694
2.1713397748536694
2.1713397748536694
2.1713397748536694
2.1713397748536694
2.1713397748536694
2.1713397748536694
2.1713397748536694
2.1713397748536694
2.1713397748536694
2.1713397748536694
2.1713397748536694
2.1713397748536694
1.5300870658125032
2.1071522965966096
2.174876802709664
2.180674061465283
2.1843744045345366
2.1843744045345366
2.1843744045345366
2.1843744045345366
2.1843744045345366
2.1843744045345366
2.1843744045345366
2.1843744045345366
2.1843744045345366
2.1843744045345366
2.1843744045345366
2.1843744045345366
2.1843744045345366
2.1843744045345366
2.1843744045345366
2.1843744045345366
2.1843744045345366
2.1843744045345366
2.1843744045345366
2.1843744045345366
2.1843744045345366
1.5300870658125032
2.1023372782918384
2.1489650837367993
2.180649620375834
2.180649620375834
2.1843744045345366
2.1843744045345366
2.1843744045345366
2.1843744045345366
2.1843744045345366
2.1843744045345366
2.1843744045345366
2.1843744045345366
2.1843744045345366
2.1843744045345366
2.1843744045345366
2.1843744045345366
2.1843744045345366
2.1843744045345366
2.1843744045345366
2.1843744045345366
2.1843744045345366
2.1843744045345366
2.1843744045345366
2.1843744045345366
1.5300870658125032
2.0971832923067724
2.167424144046808
2.1678767390703846
2.1713397748536694
2.1713397748536694
2.1713397748536694
2.1713397748536694
2.1713397748536694
2.1713397748536694
2.1713397748536694
2.1713397748536694
2.1713397748536694
2.1713397748536694
2.1713397748536694
2.1713397748536694
2.1713397748536694
2.1713397748536694
2.1713397748536694
2.1713397748536694
2.1713397748536694
2.1713397748536694
2.1713397748536694
2.1713397748536694
2.1713397748536694
1.5300870658125032
2.0389733643018837
2.141487887385283
2.174045453056559
2.174045453056559
2.174045453056559
2.174045453056559
2.174045453056559
2.174045453056559
2.174045453056559
2.174045453056559
2.174045453056559
2.174045453056559
2.174045453056559
2.174045453056559
2.174045453056559
2.174045453056559
2.174045453056559
2.174045453056559
2.174045453056559
2.174045453056559
2.174045453056559
2.174045453056559
2.174045453056559
2.174045453056559
1.5300870658125032
2.0764302534466044
2.11608245254745
2.1550000235904423
2.1558601621371927
2.1804835886291793
2.1804835886291793
2.1804835886291793
2.1804835886291793
2.1843744045345366
2.1843744045345366
2.1843744045345366
2.1843744045345366
2.1843744045345366
2.1843744045345366
2.1843744045345366
2.1843744045345366
2.1843744045345366
2.1843744045345366
2.1843744045345366
2.1843744045345366
2.1843744045345366
2.1843744045345366
2.1843744045345366
2.1843744045345366
1.5300870658125032
2.0285479144719694
2.1267545734105555
2.126796423407967
2.126796423407967
2.126796423407967
2.126796423407967
2.126796423407967
2.126796423407967
2.126796423407967
2.126796423407967
2.126796423407967
2.126796423407967
2.1268059257885503
2.1442767209144873
2.1442767209144873
2.1442767209144873
2.1442767209144873
2.1442767209144873
2.1442767209144873
2.1442767209144873
2.1442767209144873
2.1442767209144873
2.1442767209144873
2.1442767209144873
1.5300870658125032
2.072021037237223
2.0902116945335987
2.124605032073601
2.139386679791123
2.1400088999349087
2.146181772253992
2.146181772253992
2.146181772253992
2.146181772253992
2.146181772253992
2.146181772253992
2.146181772253992
2.146181772253992
2.146181772253992
2.146181772253992
2.146181772253992
2.146181772253992
2.146181772253992
2.146181772253992
2.146181772253992
2.146181772253992
2.146181772253992
2.146181772253992
2.146181772253992
1.5300870658125032
2.049746815507212
2.121008570758029
2.121008570758029
2.1617919314150655
2.183934863999801
2.183934863999801
2.183934863999801
2.183934863999801
2.183934863999801
2.183934863999801
2.183934863999801
2.183934863999801
2.183934863999801
2.183934863999801
2.183934863999801
2.183934863999801
2.183934863999801
2.183934863999801
2.183934863999801
2.183934863999801
2.183934863999801
2.183934863999801
2.183934863999801
2.183934863999801
1.5300870658125032
2.104112129273944
2.162876530113016
2.1629550931413535
2.1629550931413535
2.1629550931413535
2.1629550931413535
2.1629550931413535
2.1629550931413535
2.1629550931413535
2.1629550931413535
2.1629550931413535
2.1629550931413535
2.1629550931413535
2.1629550931413535
2.1629550931413535
2.1629550931413535
2.1629550931413535
2.1629550931413535
2.1629550931413535
2.1629550931413535
2.1629550931413535
2.1629550931413535
2.1629550931413535
2.1629550931413535
1.5300870658125032
2.0738784688284904
2.1379176264532274
2.139471300050068
2.141882661758064
2.141882661758064
2.141882661758064
2.141882661758064
2.141882661758064
2.141882661758064
2.1423312761745734
2.1423312761745734
2.1423312761745734
2.1423312761745734
2.1423312761745734
2.1423312761745734
2.1423312761745734
2.1423312761745734
2.1423312761745734
2.1423312761745734
2.1423312761745734
2.1423312761745734
2.1423312761745734
2.1423312761745734
2.1423312761745734
1.5300870658125032
2.0575198515174726
2.1403978729973256
2.1403978729973256
2.173496618368136
2.173496618368136
2.174045453056559
2.174045453056559
2.174045453056559
2.174045453056559
2.174045453056559
2.174045453056559
2.174045453056559
2.174045453056559
2.174045453056559
2.174045453056559
2.174045453056559
2.174045453056559
2.174045453056559
2.174045453056559
2.174045453056559
2.174045453056559
2.174045453056559
2.174045453056559
2.174045453056559
1.5300870658125032
2.0651652025609257
2.147780061573156
2.167868959264789
2.1713397748536694
2.1713397748536694
2.1713397748536694
2.1713397748536694
2.1713397748536694
2.1713397748536694
2.1713397748536694
2.1713397748536694
2.1713397748536694
2.1713397748536694
2.1713397748536694
2.1713397748536694
2.1713397748536694
2.1713397748536694
2.1713397748536694
2.1713397748536694
2.1713397748536694
2.1713397748536694
2.1713397748536694
2.1713397748536694
2.1713397748536694
1.5300870658125032
2.1274386149000164
2.1576884821184796
2.1577162622743953
2.1577162622743953
2.1577162622743953
2.1577162622743953
2.1577162622743953
2.1577162622743953
2.1577162622743953
2.1577162622743953
2.1577162622743953
2.1577162622743953
2.1577162622743953
2.1577162622743953
2.1577162622743953
2.1577162622743953
2.1577162622743953
2.1577162622743953
2.1577162622743953
2.158431813429561
2.17876182911296
2.17876182911296
2.17876182911296
2.17876182911296
