1.5300870658125032
2.1246333550335854
2.144385005312407
2.161135501601798
2.1629473133357577
2.1629473133357577
2.1629473133357577
2.1629473133357577
2.1629473133357577
2.1629473133357577
2.1629473133357577
2.1629473133357577
2.1629473133357577
2.1629473133357577
2.1629473133357577
2.1629473133357577
2.1629473133357577
2.1629473133357577
2.1629473133357577
2.1629473133357577
2.1629473133357577
2.1629473133357577
2.1629473133357577
2.1629473133357577
2.1629473133357577
1.5300870658125032
2.0186792944810636
2.144121152214316
2.155154243527681
2.1659539451397585
2.1659539451397585
2.1704501005212147
2.1704501005212147
2.1704501005212147
2.1704501005212147
2.1704501005212147
2.1704501005212147
2.1704501005212147
2.1704501005212147
2.1704501005212147
2.1704501005212147
2.1704501005212147
2.1704501005212147
2.1704501005212147
2.1704501005212147
2.1704501005212147
2.1704501005212147
2.1704501005212147
2.1704501005212147
2.1704501005212147
1.5300870658125032
2.086792088639722
2.1570634243055853
2.1570634243055853
2.166478260361661
2.1689072050391824
2.183934863999801
2.183934863999801
2.183934863999801
2.183934863999801
2.183934863999801
2.183934863999801
2.183934863999801
2.183934863999801
2.183934863999801
2.183934863999801
2.183934863999801
2.183934863999801
2.183934863999801
2.183934863999801
2.183934863999801
2.183934863999801
2.183934863999801
2.183934863999801
2.183934863999801
1.5300870658125032
2.077473299214321
2.138445916361
2.1478172859281845
2.1478172859281845
2.1478172859281845
2.1478172859281845
2.1478172859281845
2.1478172859281845
2.1478172859281845
2.1478172859281845
2.1478172859281845
2.1478172859281845
2.1478172859281845
2.1478172859281845
2.1478172859281845
2.1478172859281845
2.1478172859281845
2.1478172859281845
2.1478172859281845
2.1478172859281845
2.1478172859281845
2.1478172859281845
2.1478172859281845
2.1478172859281845
1.5300870658125032
2.07815455154895
2.1713397748536694
2.1713397748536694
2.1713397748536694
2.1713397748536694
2.1713397748536694
2.1713397748536694
2.1713397748536694
2.1713397748536694
2.1713397748536694
2.1713397748536694
2.1713397748536694
2.1713397748536694
2.1713397748536694
2.1713397748536694
2.1713397748536694
2.1713397748536694
2.1713397748536694
2.1713397748536694
2.1713397748536694
2.1713397748536694
2.1713397748536694
2.1713397748536694
2.1713397748536694
1.5300870658125032
2.1071522965966096
2.174876802709664
2.180674061465283
2.1843744045345366
2.1843744045345366
2.1843744045345366
2.1843744045345366
2.1843744045345366
2.1843744045345366
2.1843744045345366
2.1843744045345366
2.1843744045345366
2.1843744045345366
2.1843744045345366
2.1843744045345366
2.1843744045345366
2.1843744045345366
2.1843744045345366
2.1843744045345366
2.1843744045345366
2.1843744045345366
2.1843744045345366
2.1843744045345366
2.1843744045345366
1.5300870658125032
2.1023372782918384
2.1489650837367993
2.180649620375834
2.180649620375834
2.1843744045345366
2.1843744045345366
2.1843744045345366
2.1843744045345366
2.1843744045345366
2.1843744045345366
2.1843744045345366
2.1843744045345366
2.1843744045345366
2.1843744045345366
2.1843744045345366
2.1843744045345366
2.1843744045345366
2.1843744045345366
2.1843744045345366
2.1843744045345366
2.1843744045345366
2.1843744045345366
2.1843744045345366
2.1843744045345366
