1.3647943794817852
1.6687778026462254
1.7122375387755702
1.7358559612132456
1.7381736445411988
1.7444512776601502
1.7581022992256503
1.7581022992256503
1.7581045965581343
1.7581045965581343
1.7637200795997885
1.7637292405263847
1.7637608181510487
1.7637608181510487
1.7637608181510487
1.7637608181510487
1.7637866827584812
1.7637866827584812
1.7637866827584812
1.7637866827584812
1.7637866827584812
1.7638056715246566
1.7674388475481881
1.7726060012804663
1.7841272934628651
1.3647943794817852
1.6724716249188878
1.7935653932236602
1.8448932341841098
1.8449514858336515
1.8449514858336515
1.8449514858336515
1.8502281673028032
1.8502288130432347
1.8555021249153392
1.8555021249153392
1.85550860262112
1.85550860262112
1.85550860262112
1.85550860262112
1.85550860262112
1.85550860262112
1.85550860262112
1.85550860262112
1.85550860262112
1.85550860262112
1.85550860262112
1.85550860262112
1.85550860262112
1.85550860262112
1.3647943794817852
1.6588280171966474
1.730164682201056
1.7619774196891382
1.782561915869158
1.78939398277775
1.8009922459857033
1.8009922459857033
1.8009922459857033
1.8010090901349791
1.8010090901349791
1.8077071869383199
1.8079426156441287
1.8079426156441287
1.8079438872261997
1.8079487420910383
1.8079487420910383
1.8079487420910383
1.8080066781861979
1.8080066781861979
1.8080066781861979
1.8080066781861979
1.8080103147874544
1.8080103147874544
1.8080103147874544
1.3647943794817852
1.6701264362169916
1.8239925283250853
1.873083921648471
1.9106237045218286
1.9246802508274297
1.9285532469133133
1.9285532469133133
1.9335812393431537
1.9335812393431537
1.9335812393431537
1.9335812393431537
1.9335812393431537
1.9335812393431537
1.9335812393431537
1.9335812393431537
1.9335812393431537
1.9335812393431537
1.9335812393431537
1.9335812393431537
1.9335812393431537
1.9335812393431537
1.9335812393431537
1.9335812393431537
1.9335812393431537
1.3647943794817852
1.682133435841931
1.779993108717087
1.8023397998693955
1.8023397998693955
1.8075586256767728
1.8075586256767728
1.8075586256767728
1.8075586256767728
1.8075586256767728
1.8075586256767728
1.8075586256767728
1.8075586256767728
1.807764383483902
1.807764383483902
1.807764383483902
1.807764383483902
1.807764383483902
1.807764383483902
1.807764383483902
1.807764383483902
1.807764383483902
1.807764383483902
1.807764383483902
1.807764383483902
1.3647943794817852
1.6680126868692715
1.7010552985810865
1.7688851025930208
1.811245738296381
1.8201131451234838
1.8201131451234838
1.8201131451234838
1.8201131451234838
1.825325302397436
1.825325302397436
1.825325302397436
1.825325302397436
1.825325302397436
1.825325302397436
1.825325302397436
1.825325302397436
1.825325302397436
1.825325302397436
1.825325302397436
1.825325302397436
1.825325302397436
1.825325302397436
1.825325302397436
1.825325302397436
1.3647943794817852
1.676765238251193
1.7762162855770596
1.8349657373004908
1.8720396638645276
1.8909322523535108
1.9131107834473022
1.91311917849027
1.91311917849027
1.9131332619684063
1.913141183458869
1.913141183458869
1.913141183458869
1.913141183458869
1.913141183458869
1.913141183458869
1.913141183458869
1.913141183458869
1.913141183458869
1.913141183458869
1.91317596316124
1.91317596316124
1.91317596316124
1.91317596316124
1.91317596316124
1.3647943794817852
1.7460004838344234
1.8517074618750475
1.8991208119237315
1.9320579406755474
1.9320722544073652
1.932741568529235
1.9374015638008042
1.9374015638008042
1.9429036815121334
1.9429036815121334
1.9429036815121334
1.9429036815121334
1.9500625888289844
1.9500625888289844
1.952275845792612
1.952275845792612
1.952275845792612
1.952275845792612
1.952275845792612
1.952275845792612
1.952275845792612
1.952275845792612
1.952275845792612
1.952275845792612
1.3647943794817852
1.6821053227616298
1.7381402907696004
1.7832642236751597
1.8116773686473877
1.8116773686473877
1.8150007058181636
1.8150175644234252
1.8163021432183737
1.8264329434936066
1.8264329434936066
1.8264329434936066
1.8269951770021933
1.8269951770021933
1.8269951770021933
1.8269962505405157
1.8269962505405157
1.8269962505405157
1.8291229011341827
1.8291229011341827
1.8291229011341827
1.8291229011341827
1.8291229011341827
1.8291229011341827
1.8291229011341827
1.3647943794817852
1.6711531004428208
1.7244037372254477
1.7776485213507216
1.798789654330447
1.8003071306621583
1.8151394720518035
1.8151394720518035
1.8151394720518035
1.8151394720518035
1.8151394720518035
1.8151394720518035
1.8151394720518035
1.8151394720518035
1.8151394720518035
1.8151394720518035
1.8151394720518035
1.8151394720518035
1.8151394720518035
1.8151394720518035
1.8151394720518035
1.8151394720518035
1.8151394720518035
1.8151394720518035
1.8151394720518035
1.3647943794817852
1.6632986629651445
1.724519856699139
1.7334696990380336
1.7616542978090872
1.76772498638594
1.8034727235512211
1.8059134748819905
1.8059134748819905
1.8059134748819905
1.80591410072363
1.80591410072363
1.80591410072363
1.80591410072363
1.80591410072363
1.80591410072363
1.80591410072363
1.80591410072363
1.80591410072363
1.80591410072363
1.80591410072363
1.80591410072363
1.80591410072363
1.80591410072363
1.80591410072363
1.3647943794817852
1.659029650368865
1.7977345196274248
1.8331328391300474
1.8496537724856228
1.8549751557987844
1.8604039493468163
1.8604039493468163
1.8604039493468163
1.8604039493468163
1.8604133599263473
1.8604133599263473
1.8604133599263473
1.8604133599263473
1.8604133599263473
1.8604133599263473
1.8604133599263473
1.8604133599263473
1.8604133599263473
1.8604133599263473
1.8604133599263473
1.8657112449250213
1.8736597566864186
1.8789476315315095
1.8789476315315095
1.3647943794817852
1.6500247470009022
1.7573419510757686
1.795346854750746
1.8276041841977142
1.8362043053678996
1.8453523758368195
1.8453523758368195
1.8453523758368195
1.8453523758368195
1.8453523758368195
1.8453523758368195
1.8453523758368195
1.8453523758368195
1.8453523758368195
1.8454761129093753
1.8454761129093753
1.8454761129093753
1.8454761129093753
1.8454761129093753
1.8454761129093753
1.8454761129093753
1.8454761129093753
1.8454761129093753
1.8454761129093753
1.3647943794817852
1.6653166413076852
1.7410509718830773
1.7918960811481293
1.8110531662574123
1.8132399165672053
1.8132399165672053
1.8132399165672053
1.8132399165672053
1.8132399165672053
1.8184544278869574
1.8184544278869574
1.8184544278869574
1.8184544278869574
1.8184544278869574
1.8184544278869574
1.8184544278869574
1.8184544278869574
1.8184544278869574
1.8184544278869574
1.8184544278869574
1.8184544278869574
1.8184544278869574
1.8184544278869574
1.8184544278869574
1.3647943794817852
1.715500793041013
1.8539354320318582
1.8732752671076425
1.8732752671076425
1.8732752671076425
1.8732769161521767
1.8732769161521767
1.8732769161521767
1.8732769161521767
1.8732769161521767
1.8732769161521767
1.8732769161521767
1.8732769161521767
1.8732769161521767
1.8732769161521767
1.8732769161521767
1.8732769161521767
1.8732769161521767
1.8732769161521767
1.8732769161521767
1.8732769161521767
1.8732769161521767
1.8732769161521767
1.8732769161521767
1.3647943794817852
1.7896359294293471
1.8489336115467119
1.871021830671051
1.8928666543107004
1.9061070507156381
1.9061070507156381
1.9061070507156381
1.9061110114608695
1.9115695922732827
1.9169901101766922
1.9169901647689398
1.9169901647689398
1.9169901647689398
1.9169901647689398
1.9169901647689398
1.9278640791062314
1.9278640791062314
1.9278640791062314
1.9278640791062314
1.9278640791062314
1.9278640791062314
1.9278640791062314
1.9278640791062314
1.9278640791062314
1.3647943794817852
1.735301090752945
1.856016897673717
1.873983355803476
1.873983355803476
1.875316755338766
1.875316755338766
1.875316755338766
1.875316755338766
1.8805996546615984
1.8805996546615984
1.8805996546615984
1.8806499764945392
1.890676817221248
1.890676817221248
1.8937545224347716
1.8937545224347716
1.8960626503479974
1.8992414918768763
1.8992444602913907
1.8992489220517939
1.904684919841878
1.904684919841878
1.904684919841878
1.904684919841878
