1.3647943794817852
1.6687778026462254
1.7122375387755702
1.7358559612132456
1.7381736445411988
1.7444512776601502
1.7581022992256503
1.7581022992256503
1.7581045965581343
1.7581045965581343
1.7637200795997885
1.7637292405263847
1.7637608181510487
1.7637608181510487
1.7637608181510487
1.7637608181510487
1.7637866827584812
1.7637866827584812
1.7637866827584812
1.7637866827584812
1.7637866827584812
1.7638056715246566
1.7674388475481881
1.7726060012804663
1.7841272934628651
1.3647943794817852
1.6724716249188878
1.7935653932236602
1.8448932341841098
1.8449514858336515
1.8449514858336515
1.8449514858336515
1.8502281673028032
1.8502288130432347
1.8555021249153392
1.8555021249153392
1.85550860262112
1.85550860262112
1.85550860262112
1.85550860262112
1.85550860262112
1.85550860262112
1.85550860262112
1.85550860262112
1.85550860262112
1.85550860262112
1.85550860262112
1.85550860262112
1.85550860262112
1.85550860262112
1.3647943794817852
1.6588280171966474
1.730164682201056
1.7619774196891382
1.782561915869158
1.78939398277775
1.8009922459857033
1.8009922459857033
1.8009922459857033
1.8010090901349791
1.8010090901349791
1.8077071869383199
1.8079426156441287
1.8079426156441287
1.8079438872261997
1.8079487420910383
1.8079487420910383
1.8079487420910383
1.8080066781861979
1.8080066781861979
1.8080066781861979
1.8080066781861979
1.8080103147874544
1.8080103147874544
1.8080103147874544
1.3647943794817852
1.6701264362169916
1.8239925283250853
1.873083921648471
1.9106237045218286
1.9246802508274297
1.9285532469133133
1.9285532469133133
1.9335812393431537
1.9335812393431537
1.9335812393431537
1.9335812393431537
1.9335812393431537
1.9335812393431537
1.9335812393431537
1.9335812393431537
1.9335812393431537
1.9335812393431537
1.9335812393431537
1.9335812393431537
1.9335812393431537
1.9335812393431537
1.9335812393431537
1.9335812393431537
1.9335812393431537
