1.329750088275159
1.5443722925775039
1.743947451376081
1.8229757736524035
1.855356130496584
1.9160669742173817
1.9233644519174444
1.9234099250051677
1.9333510726085952
1.9334274335032415
1.9334274335032415
1.9334274335032415
1.9334274335032415
1.9334274335032415
1.9334274335032415
1.9334274335032415
1.9334274335032415
1.9447075225579582
1.950811062095719
1.9508130816864955
1.9508130816864955
1.9508130816864955
1.9508130816864955
1.9508130816864955
1.9508130816864955
1.329750088275159
1.6959638682695095
1.757040053880433
1.8021287161004194
1.8089778214055718
1.846527123704755
1.872367981906503
1.9177019185819477
1.9447354513239294
1.9816511326024717
1.9816678269964614
1.9879646358711383
1.9950793658674195
1.9950793658674195
1.9950793658674195
1.9950793658674195
1.9950793658674195
1.9950793658674195
1.9950793658674195
1.9950793658674195
1.9950793658674195
1.9950793658674195
1.9950793658674195
1.9950793658674195
1.9950793658674195
