1.329750088275159
1.5443722925775039
1.743947451376081
1.8229757736524035
1.855356130496584
1.9160669742173817
1.9233644519174444
1.9234099250051677
1.9333510726085952
1.9334274335032415
1.9334274335032415
1.9334274335032415
1.9334274335032415
1.9334274335032415
1.9334274335032415
1.9334274335032415
1.9334274335032415
1.9447075225579582
1.950811062095719
1.9508130816864955
1.9508130816864955
1.9508130816864955
1.9508130816864955
1.9508130816864955
1.9508130816864955
1.329750088275159
1.6959638682695095
1.757040053880433
1.8021287161004194
1.8089778214055718
1.846527123704755
1.872367981906503
1.9177019185819477
1.9447354513239294
1.9816511326024717
1.9816678269964614
1.9879646358711383
1.9950793658674195
1.9950793658674195
1.9950793658674195
1.9950793658674195
1.9950793658674195
1.9950793658674195
1.9950793658674195
1.9950793658674195
1.9950793658674195
1.9950793658674195
1.9950793658674195
1.9950793658674195
1.9950793658674195
1.329750088275159
1.6029497814780247
1.7525386495798516
1.8168891355231422
1.852435127681203
1.8631834238043345
1.8799484841356902
1.9018095381744633
1.9143774145961263
1.9144924148377354
1.9145022155305333
1.9145022155305333
1.9145022155305333
1.9145022155305333
1.9166068923187007
1.9227474495812764
1.9227474495812764
1.928920944702411
1.928920944702411
1.928920944702411
1.928920944702411
1.928920944702411
1.928920944702411
1.928920944702411
1.928920944702411
1.329750088275159
1.5250831219118417
1.6568566163314822
1.7373875602021374
1.7747357237737644
1.8119667785224012
1.8704303416027224
1.8909651270979495
1.9068443798399581
1.9198895413994852
1.937289310064633
1.9385540077493508
1.9566365400131145
1.9583701033165255
1.9584792847709354
1.9584792847709354
1.9584792847709354
1.9584792847709354
1.9584792847709354
1.9584792847709354
1.9584792847709354
1.9584792847709354
1.9584792847709354
1.9584792847709354
1.9584792847709354
1.329750088275159
1.5249244561378221
1.6338955669521285
1.7440173462124517
1.8198615957375517
1.853050899415041
1.913786840791875
1.9399957238622465
1.9505926543601735
1.9505926543601735
1.9532215136016426
1.9532215136016426
1.9532215136016426
1.9532215136016426
1.9532215136016426
1.9532215136016426
1.9532215136016426
1.9532215136016426
1.9532215136016426
1.9532215136016426
1.9532215136016426
1.9532215136016426
1.9532215136016426
1.9532215136016426
1.9532215136016426
1.329750088275159
1.5930200572568238
1.8103908888767015
1.8840876480595912
1.9008154142194158
1.9240986230288162
1.930172225456205
1.930172225456205
1.9302022798653728
1.9342095659090561
1.934253204186011
1.934253204186011
1.934253204186011
1.9342724408779874
1.9342724408779874
1.9395130289131057
1.9395130289131057
1.9395130289131057
1.9395130289131057
1.9418689185086797
1.9491416628086633
1.9621066330236856
1.968263911476761
1.968263911476761
1.968263911476761
1.329750088275159
1.5547261072824465
1.8025077364713744
1.8584176737825355
1.8718540508954948
1.9047548478602914
1.9133746553376272
1.917407457246473
1.9174194617889144
1.9174194617889144
1.9174194617889144
1.9387297144144255
1.964251109510466
1.9767962979226303
1.983019542073969
1.983019542073969
1.983019542073969
1.983019542073969
1.983019542073969
1.983019542073969
1.983019542073969
1.983019542073969
1.983019542073969
1.983019542073969
1.983019542073969
1.329750088275159
1.6651002509466637
1.8286772816294123
1.868838011430468
1.8689886262398137
1.8948049283662651
1.8949793626441815
1.8949793626441815
1.8995362964922273
1.9163277731370185
1.9163277731370185
1.9225586863836404
1.9444208716378317
1.9502406753179873
1.9502406753179873
1.9502406753179873
1.9502406753179873
1.9502406753179873
1.9502406753179873
1.9564387429159171
1.9564387429159171
1.9564387429159171
1.9564387429159171
1.9564387429159171
1.9564387429159171
1.329750088275159
1.5408962764838519
1.7733938211444593
1.8637992347844368
1.8771302890633492
1.8771809597492644
1.8831604389736645
1.8832110534745845
1.9003333819768953
1.9076592081208397
1.9109216974919057
1.9109216974919057
1.9109216974919057
1.9109216974919057
1.9137273176588183
1.9137273176588183
1.9137273176588183
1.9137273176588183
1.9137273176588183
1.9137273176588183
1.9170843896257588
1.9170843896257588
1.9170843896257588
1.9170843896257588
1.9170843896257588
1.329750088275159
1.615663030224081
1.7647772292435386
1.8127400353011147
1.8402967075416565
1.8662398240159996
1.8997208615423113
1.9167170062688845
1.9254218856324845
1.9259367067473743
1.9320778558104734
1.9383354940192357
1.9418612132941435
1.9520443698081245
1.9561695127933447
1.9561695127933447
1.9561695127933447
1.9561695127933447
1.9561695127933447
1.9561695127933447
1.9561695127933447
1.9561695127933447
1.9561695127933447
1.9561695127933447
1.9561695127933447
1.329750088275159
1.6403269112123435
1.7141377396191846
1.7837063354250153
1.8201986782105488
1.8261471009805388
1.826356253384983
1.8344364501865944
1.8404613869984252
1.8404678742002425
1.840485319990355
1.840515374399523
1.840515374399523
1.840515374399523
1.840515374399523
1.8405655550834172
1.8405655550834172
1.8405655550834172
1.8405655550834172
1.8405655550834172
1.8405655550834172
1.8405655550834172
1.8405655550834172
1.8405655550834172
1.8405655550834172
1.329750088275159
1.5916296095925782
1.7652449280873472
1.8284616329536107
1.8497371830229068
1.8560396999091362
1.8615008169355374
1.863040329367261
1.8690534534162981
1.875100041795033
1.875100041795033
1.875100041795033
1.875100041795033
1.875100041795033
1.875100041795033
1.875100041795033
1.875100041795033
1.875100041795033
1.875100041795033
1.875100041795033
1.875100041795033
1.8926300088308634
1.8989035510617807
1.8989035510617807
1.8989353589123135
1.329750088275159
1.667052700144344
1.8733099274409022
1.8986816815237693
1.9047553117275413
1.906987869720162
1.923430681676751
1.9494216703109557
1.9560437081828324
1.9643665775658121
1.9650042588271954
1.9650042588271954
1.9650042588271954
1.9650042588271954
1.9650042588271954
1.9650042588271954
1.9650042588271954
1.9650042588271954
1.966036224505153
1.966036224505153
1.966036224505153
1.966036224505153
1.966036224505153
1.966036224505153
1.966036224505153
1.329750088275159
1.6780390356444363
1.773174810868839
1.7910381731954468
1.8217565127578046
1.8684216892185643
1.88738393774166
1.8874016764776946
1.8874271207926168
1.890326044196332
1.890326044196332
1.890326044196332
1.890326044196332
1.890326044196332
1.890326044196332
1.890326044196332
1.890326044196332
1.890326044196332
1.890326044196332
1.890326044196332
1.890326044196332
1.890326044196332
1.890326044196332
1.890326044196332
1.890326044196332
1.329750088275159
1.6362336014374799
1.7711159859011183
1.8236854596199292
1.8447721066389415
1.8607574921598555
1.8835538913528893
1.9028307860638745
1.9069558977739132
1.9266724389049072
1.9389016761220221
1.9389016761220221
1.9389042623289134
1.9516530699144263
1.9517685382903527
1.9579981384565213
1.9579981384565213
1.9579981384565213
1.9579981384565213
1.9579981384565213
1.9579981384565213
1.9579981384565213
1.9580249275801913
1.9580634432609472
1.9580634432609472
