1.329750088275159
1.5443722925775039
1.743947451376081
1.8229757736524035
1.855356130496584
1.9160669742173817
1.9233644519174444
1.9234099250051677
1.9333510726085952
1.9334274335032415
1.9334274335032415
1.9334274335032415
1.9334274335032415
1.9334274335032415
1.9334274335032415
1.9334274335032415
1.9334274335032415
1.9447075225579582
1.950811062095719
1.9508130816864955
1.9508130816864955
1.9508130816864955
1.9508130816864955
1.9508130816864955
1.9508130816864955
1.329750088275159
1.6959638682695095
1.757040053880433
1.8021287161004194
1.8089778214055718
1.846527123704755
1.872367981906503
1.9177019185819477
1.9447354513239294
1.9816511326024717
1.9816678269964614
1.9879646358711383
1.9950793658674195
1.9950793658674195
1.9950793658674195
1.9950793658674195
1.9950793658674195
1.9950793658674195
1.9950793658674195
1.9950793658674195
1.9950793658674195
1.9950793658674195
1.9950793658674195
1.9950793658674195
1.9950793658674195
1.329750088275159
1.6029497814780247
1.7525386495798516
1.8168891355231422
1.852435127681203
1.8631834238043345
1.8799484841356902
1.9018095381744633
1.9143774145961263
1.9144924148377354
1.9145022155305333
1.9145022155305333
1.9145022155305333
1.9145022155305333
1.9166068923187007
1.9227474495812764
1.9227474495812764
1.928920944702411
1.928920944702411
1.928920944702411
1.928920944702411
1.928920944702411
1.928920944702411
1.928920944702411
1.928920944702411
1.329750088275159
1.5250831219118417
1.6568566163314822
1.7373875602021374
1.7747357237737644
1.8119667785224012
1.8704303416027224
1.8909651270979495
1.9068443798399581
1.9198895413994852
1.937289310064633
1.9385540077493508
1.9566365400131145
1.9583701033165255
1.9584792847709354
1.9584792847709354
1.9584792847709354
1.9584792847709354
1.9584792847709354
1.9584792847709354
1.9584792847709354
1.9584792847709354
1.9584792847709354
1.9584792847709354
1.9584792847709354
1.329750088275159
1.5249244561378221
1.6338955669521285
1.7440173462124517
1.8198615957375517
1.853050899415041
1.913786840791875
1.9399957238622465
1.9505926543601735
1.9505926543601735
1.9532215136016426
1.9532215136016426
1.9532215136016426
1.9532215136016426
1.9532215136016426
1.9532215136016426
1.9532215136016426
1.9532215136016426
1.9532215136016426
1.9532215136016426
1.9532215136016426
1.9532215136016426
1.9532215136016426
1.9532215136016426
1.9532215136016426
1.329750088275159
1.5930200572568238
1.8103908888767015
1.8840876480595912
1.9008154142194158
1.9240986230288162
1.930172225456205
1.930172225456205
1.9302022798653728
1.9342095659090561
1.934253204186011
1.934253204186011
1.934253204186011
1.9342724408779874
1.9342724408779874
1.9395130289131057
1.9395130289131057
1.9395130289131057
1.9395130289131057
1.9418689185086797
1.9491416628086633
1.9621066330236856
1.968263911476761
1.968263911476761
1.968263911476761
1.329750088275159
1.5547261072824465
1.8025077364713744
1.8584176737825355
1.8718540508954948
1.9047548478602914
1.9133746553376272
1.917407457246473
1.9174194617889144
1.9174194617889144
1.9174194617889144
1.9387297144144255
1.964251109510466
1.9767962979226303
1.983019542073969
1.983019542073969
1.983019542073969
1.983019542073969
1.983019542073969
1.983019542073969
1.983019542073969
1.983019542073969
1.983019542073969
1.983019542073969
1.983019542073969
