1.3537059000498035
1.8432533319734192
1.94886004408311
1.9643998970021186
1.9644365084541553
1.9644365084541553
1.9703714483471353
1.9703714483471353
1.9763926605245838
1.9763926605245838
1.9763926605245838
1.9763926605245838
1.9763926605245838
1.9804914888903866
1.9804914888903866
1.9804914888903866
1.9804914888903866
1.9804914888903866
1.9804914888903866
1.98457382906949
1.98457382906949
1.98457382906949
1.98457382906949
1.98457382906949
1.98457382906949
1.3537059000498035
1.8560610522444352
1.9348297019422378
1.9574450925918034
1.9593605204869975
1.9675731632210787
1.9675731632210787
1.9675731632210787
1.9676097521195186
1.9676097521195186
1.9676097521195186
1.9676097521195186
1.967615803115722
1.967626069692942
1.967626990665601
1.967626990665601
1.967626990665601
1.967626990665601
1.967626990665601
1.9703250017675318
1.9703250017675318
1.9703250017675318
1.9703250017675318
1.9703250017675318
1.9703250017675318
1.3537059000498035
1.867726949192063
1.9324664952390154
1.9431547532324582
1.953152859214256
1.9575465387908682
1.9576130401213623
1.9576130401213623
1.9576130401213623
1.9576130401213623
1.9576130401213623
1.9576130401213623
1.9576335205195414
1.9576348176905658
1.9576386074312246
1.9576386074312246
1.965259881478244
1.9706211651199377
1.9706252140349574
1.9706252140349574
1.9706252140349574
1.9706252140349574
1.9706252140349574
1.9706252140349574
1.9706252140349574
1.3537059000498035
1.8552243697051205
1.9361427061432253
1.9475107506794405
1.9638156191080014
1.9640705731795234
1.9697178599763752
1.978285774630584
1.9782965773283194
1.9782970763983387
1.9782970763983387
1.9782970763983387
1.9782970763983387
1.9782970763983387
1.9782970763983387
1.9782970763983387
1.9782970763983387
1.9782970763983387
1.9782970763983387
1.9782970763983387
1.9782970763983387
1.9782970763983387
1.9782970763983387
1.9782970763983387
1.9782970763983387
1.3537059000498035
1.8595810421113999
1.948881722693638
1.972323775366831
1.972323775366831
1.9735541378581711
1.9735541378581711
1.9735541378581711
1.9735541378581711
1.9735541378581711
1.9735541378581711
1.9735541378581711
1.9735541378581711
1.9735541378581711
1.9735541378581711
1.9735541378581711
1.9735541378581711
1.9735541378581711
1.9735541378581711
1.9735541378581711
1.9735541378581711
1.9735541378581711
1.9735541378581711
1.9735541378581711
1.9735541378581711
1.3537059000498035
1.846469664795817
1.908912393116295
1.9396307065722902
1.9496295807715736
1.9496323823808377
1.9496323823808377
1.9536985319403104
1.9537136941627125
1.9537136941627125
1.9537136941627125
1.9537136941627125
1.9577682504759721
1.9577682504759721
1.9577682504759721
1.9577682504759721
1.9577682504759721
1.9577682504759721
1.9577682504759721
1.9577744690883583
1.9577744690883583
1.9577744690883583
1.9577744690883583
1.9577744690883583
1.9577744690883583
1.3537059000498035
1.877211151066246
1.9364401422302746
1.9407177905500168
1.9527386082438523
1.9658393659239
1.9658393659239
1.9658393659239
1.9658393659239
1.9658393659239
1.9658393659239
1.9658393659239
1.9658393659239
1.9658393659239
1.9658393659239
1.9658393659239
1.9658393659239
1.9658393659239
1.9658393659239
1.9658393659239
1.9658393659239
1.9658393659239
1.9658393659239
1.9658393659239
1.9658393659239
1.3537059000498035
1.8027613278792995
1.896117375532827
1.9128414722623552
1.9132341495074372
1.9132341495074372
1.9132341495074372
1.9133694082918364
1.9257987185479166
1.9478557263977088
1.9542514645269284
1.9542517798607597
1.9542517798607597
1.9542517798607597
1.9542517798607597
1.9542517798607597
1.9542517798607597
1.9542517798607597
1.9542517798607597
1.9542517798607597
1.9542517798607597
1.9542517798607597
1.9542517798607597
1.9542517798607597
1.9542517798607597
1.3537059000498035
1.8437131370109212
1.9281232105565738
1.9381211631254986
1.941606417671807
1.9416081344081082
1.945673914758553
1.945673914758553
1.945675500120487
1.945675500120487
1.945675500120487
1.945675500120487
1.945675500120487
1.945675500120487
1.945675500120487
1.945675500120487
1.945675500120487
1.945675500120487
1.945675500120487
1.945675500120487
1.945675500120487
1.945675500120487
1.945675500120487
1.945675500120487
1.952001918044765
1.3537059000498035
1.8584662625750836
1.9159117979291238
1.9319064904825631
1.9579788020987872
1.958004373187178
1.9639792193078298
1.9667766280588423
1.9708841777501693
1.9708843323060892
1.9708843323060892
1.9708843323060892
1.9708934591849636
1.9709183738802438
1.9709183738802438
1.9709183738802438
1.9709183738802438
1.9709183738802438
1.9709183738802438
1.9709183738802438
1.9709183738802438
1.9709183738802438
1.9709183738802438
1.9709183738802438
1.9709183738802438
1.3537059000498035
1.7734781676375941
1.8833570600324587
1.8834033665728307
1.8873515638354184
1.8873515638354184
1.8873515638354184
1.8873515638354184
1.8873515638354184
1.8873515638354184
1.8873515638354184
1.8873515638354184
1.8873515638354184
1.8873515638354184
1.8873515638354184
1.8873515638354184
1.8873515638354184
1.8873515638354184
1.8873515638354184
1.8873515638354184
1.8873515638354184
1.8873515638354184
1.8873515638354184
1.8873515638354184
1.8873515638354184
1.3537059000498035
1.8624432178016639
1.9497889576353977
1.9583524223084725
1.9583555022010721
1.958359002118154
1.958359002118154
1.958359002118154
1.958359002118154
1.958359002118154
1.958359002118154
1.958359002118154
1.958359002118154
1.958359002118154
1.958359002118154
1.958359002118154
1.958359002118154
1.958359002118154
1.9583618285012023
1.9583618285012023
1.9583618285012023
1.9583618285012023
1.9583618285012023
1.9583618285012023
1.9583618285012023
1.3537059000498035
1.8925209612099185
1.9666664679204608
1.9666664679204608
1.9666664679204608
1.9666664679204608
1.9666664679204608
1.9666664679204608
1.9666664679204608
1.9666664679204608
1.9666664679204608
1.9666664679204608
1.9666664679204608
1.9666664679204608
1.9666664679204608
1.9666664679204608
1.9666664679204608
1.9666664679204608
1.9666664679204608
1.9666664679204608
1.9666664679204608
1.9666664679204608
1.9666664679204608
1.9666664679204608
1.9666664679204608
1.3537059000498035
1.8545445872511013
1.9561867204325398
1.9570031064188391
1.9570051129691568
1.9570133432526007
1.9570133432526007
1.9570895448326058
1.9608311528762163
1.9608311528762163
1.9608311528762163
1.9608311528762163
1.9608311528762163
1.9608311528762163
1.9608311528762163
1.9608311528762163
1.9608311528762163
1.9608311528762163
1.9608311528762163
1.9608311528762163
1.9608311528762163
1.9608311528762163
1.9608311528762163
1.9608311528762163
1.9608311528762163
1.3537059000498035
1.8444848419617899
1.935361991336402
1.9493904352515592
1.9535402708376224
1.9541583406926328
1.9573408738897387
1.9573408738897387
1.9573408738897387
1.958024166403854
1.958024166403854
1.958024166403854
1.9580326357176348
1.95803282700635
1.95803282700635
1.95803282700635
1.95803282700635
1.95803282700635
1.9615712263708138
1.9615712263708138
1.9615712263708138
1.9615712263708138
1.9615712263708138
1.9615712263708138
1.9615712263708138
1.3537059000498035
1.8691508343781267
1.938598713143674
1.9489336146903524
1.9519826015769413
1.9535445621961083
1.9535445621961083
1.9545690393191704
1.9545718268457757
1.9545727354628675
1.9567746396948005
1.9567793276621208
1.9567827971310485
1.9567827971310485
1.9567827971310485
1.9567827971310485
1.9567827971310485
1.9567827971310485
1.9567827971310485
1.9567827971310485
1.9567827971310485
1.9567827971310485
1.9567827971310485
1.9567827971310485
1.9567827971310485
