1.3537059000498035
1.8432533319734192
1.94886004408311
1.9643998970021186
1.9644365084541553
1.9644365084541553
1.9703714483471353
1.9703714483471353
1.9763926605245838
1.9763926605245838
1.9763926605245838
1.9763926605245838
1.9763926605245838
1.9804914888903866
1.9804914888903866
1.9804914888903866
1.9804914888903866
1.9804914888903866
1.9804914888903866
1.98457382906949
1.98457382906949
1.98457382906949
1.98457382906949
1.98457382906949
1.98457382906949
1.3537059000498035
1.8560610522444352
1.9348297019422378
1.9574450925918034
1.9593605204869975
1.9675731632210787
1.9675731632210787
1.9675731632210787
1.9676097521195186
1.9676097521195186
1.9676097521195186
1.9676097521195186
1.967615803115722
1.967626069692942
1.967626990665601
1.967626990665601
1.967626990665601
1.967626990665601
1.967626990665601
1.9703250017675318
1.9703250017675318
1.9703250017675318
1.9703250017675318
1.9703250017675318
1.9703250017675318
