1.3537059000498035
1.8432533319734192
1.94886004408311
1.9643998970021186
1.9644365084541553
1.9644365084541553
1.9703714483471353
1.9703714483471353
1.9763926605245838
1.9763926605245838
1.9763926605245838
1.9763926605245838
1.9763926605245838
1.9804914888903866
1.9804914888903866
1.9804914888903866
1.9804914888903866
1.9804914888903866
1.9804914888903866
1.98457382906949
1.98457382906949
1.98457382906949
1.98457382906949
1.98457382906949
1.98457382906949
1.3537059000498035
1.8560610522444352
1.9348297019422378
1.9574450925918034
1.9593605204869975
1.9675731632210787
1.9675731632210787
1.9675731632210787
1.9676097521195186
1.9676097521195186
1.9676097521195186
1.9676097521195186
1.967615803115722
1.967626069692942
1.967626990665601
1.967626990665601
1.967626990665601
1.967626990665601
1.967626990665601
1.9703250017675318
1.9703250017675318
1.9703250017675318
1.9703250017675318
1.9703250017675318
1.9703250017675318
1.3537059000498035
1.867726949192063
1.9324664952390154
1.9431547532324582
1.953152859214256
1.9575465387908682
1.9576130401213623
1.9576130401213623
1.9576130401213623
1.9576130401213623
1.9576130401213623
1.9576130401213623
1.9576335205195414
1.9576348176905658
1.9576386074312246
1.9576386074312246
1.965259881478244
1.9706211651199377
1.9706252140349574
1.9706252140349574
1.9706252140349574
1.9706252140349574
1.9706252140349574
1.9706252140349574
1.9706252140349574
1.3537059000498035
1.8552243697051205
1.9361427061432253
1.9475107506794405
1.9638156191080014
1.9640705731795234
1.9697178599763752
1.978285774630584
1.9782965773283194
1.9782970763983387
1.9782970763983387
1.9782970763983387
1.9782970763983387
1.9782970763983387
1.9782970763983387
1.9782970763983387
1.9782970763983387
1.9782970763983387
1.9782970763983387
1.9782970763983387
1.9782970763983387
1.9782970763983387
1.9782970763983387
1.9782970763983387
1.9782970763983387
1.3537059000498035
1.8595810421113999
1.948881722693638
1.972323775366831
1.972323775366831
1.9735541378581711
1.9735541378581711
1.9735541378581711
1.9735541378581711
1.9735541378581711
1.9735541378581711
1.9735541378581711
1.9735541378581711
1.9735541378581711
1.9735541378581711
1.9735541378581711
1.9735541378581711
1.9735541378581711
1.9735541378581711
1.9735541378581711
1.9735541378581711
1.9735541378581711
1.9735541378581711
1.9735541378581711
1.9735541378581711
1.3537059000498035
1.846469664795817
1.908912393116295
1.9396307065722902
1.9496295807715736
1.9496323823808377
1.9496323823808377
1.9536985319403104
1.9537136941627125
1.9537136941627125
1.9537136941627125
1.9537136941627125
1.9577682504759721
1.9577682504759721
1.9577682504759721
1.9577682504759721
1.9577682504759721
1.9577682504759721
1.9577682504759721
1.9577744690883583
1.9577744690883583
1.9577744690883583
1.9577744690883583
1.9577744690883583
1.9577744690883583
1.3537059000498035
1.877211151066246
1.9364401422302746
1.9407177905500168
1.9527386082438523
1.9658393659239
1.9658393659239
1.9658393659239
1.9658393659239
1.9658393659239
1.9658393659239
1.9658393659239
1.9658393659239
1.9658393659239
1.9658393659239
1.9658393659239
1.9658393659239
1.9658393659239
1.9658393659239
1.9658393659239
1.9658393659239
1.9658393659239
1.9658393659239
1.9658393659239
1.9658393659239
1.3537059000498035
1.8027613278792995
1.896117375532827
1.9128414722623552
1.9132341495074372
1.9132341495074372
1.9132341495074372
1.9133694082918364
1.9257987185479166
1.9478557263977088
1.9542514645269284
1.9542517798607597
1.9542517798607597
1.9542517798607597
1.9542517798607597
1.9542517798607597
1.9542517798607597
1.9542517798607597
1.9542517798607597
1.9542517798607597
1.9542517798607597
1.9542517798607597
1.9542517798607597
1.9542517798607597
1.9542517798607597
