1.348722284234719
1.8867901994301914
1.973583940465811
2.0164205335203436
2.041528411755421
2.042423417192357
2.0571191712859553
2.0683976657291567
2.0740038036938055
2.077207748396168
2.0773794947608644
2.0794985577853997
2.0856790624777775
2.0856790624777775
2.0856790624777775
2.0856790624777775
2.0879715896998623
2.0892572617719547
2.0892572617719547
2.0892572617719547
2.0892572617719547
2.0892572617719547
2.091089073553378
2.0910905960229877
2.0910905960229877
1.348722284234719
1.8934402098651164
1.9816564782618922
2.052196952979403
2.073840486422811
2.077445167860712
2.0774637162295377
2.0832726198421865
2.0832726198421865
2.0832726198421865
2.0832726198421865
2.0832726198421865
2.083284338803358
2.0852577026376604
2.0852577026376604
2.085651593708014
2.085651593708014
2.085651593708014
2.085651593708014
2.0900739256136527
2.0900739256136527
2.0900739256136527
2.0900739256136527
2.0900739256136527
2.0900739256136527
1.348722284234719
1.9887782002931569
2.073424346348635
2.100143802809086
2.100143802809086
2.100143802809086
2.100143802809086
2.100143802809086
2.100143802809086
2.100143802809086
2.100143802809086
2.100143802809086
2.100143802809086
2.100143802809086
2.100143802809086
2.102966806157988
2.103181736854035
2.103181736854035
2.103181736854035
2.103181736854035
2.103181736854035
2.103181736854035
2.103181736854035
2.103181736854035
2.103181736854035
1.348722284234719
1.8909681931889977
2.004559919738831
2.0542654218920364
2.072417731304515
2.0884713817724556
2.0884850260815306
2.0884850260815306
2.0884850260815306
2.0943329708972236
2.0943775408513203
2.0944109067919943
2.1003054385035065
2.1003054385035065
2.1003054385035065
2.1003054385035065
2.1003054385035065
2.1003054385035065
2.1003054385035065
2.1003054385035065
2.1003054385035065
2.1003054385035065
2.1003054385035065
2.1003054385035065
2.1003054385035065
1.348722284234719
1.8627108602892875
1.9719177969294759
2.0751918422814635
2.082821535222168
2.0874880676822096
2.0874880676822096
2.0874880676822096
2.0874880676822096
2.0874880676822096
2.0988106454196993
2.0988106454196993
2.0988208572856792
2.0988211949985853
2.0988211949985853
2.0988211949985853
2.0988211949985853
2.0988211949985853
2.0988211949985853
2.0988211949985853
2.0988211949985853
2.099143463722603
2.099143463722603
2.099143463722603
2.099143463722603
1.348722284234719
1.9304026306860949
2.0311484855264608
2.0669035530420317
2.0928425249872182
2.0987935683126127
2.0988029631741902
2.1003054385035065
2.1003054385035065
2.1003054385035065
2.1003054385035065
2.1003054385035065
2.1003054385035065
2.1003054385035065
2.1003054385035065
2.1003054385035065
2.1003054385035065
2.1003054385035065
2.1003054385035065
2.1003054385035065
2.1003054385035065
2.1003054385035065
2.1003054385035065
2.1003054385035065
2.1003054385035065
1.348722284234719
1.9192094179774715
2.0063812465722473
2.0440369363422586
2.0639283388998515
2.081870050881983
2.0874880676822096
2.0874880676822096
2.0874880676822096
2.0988211949985853
2.0988211949985853
2.0988211949985853
2.0988211949985853
2.0988211949985853
2.0988211949985853
2.0988211949985853
2.0988211949985853
2.0988211949985853
2.0988211949985853
2.0988211949985853
2.0988211949985853
2.0988211949985853
2.0988211949985853
2.0988211949985853
2.0988211949985853
1.348722284234719
1.8944741539019554
2.0042422488948284
2.041339171169329
2.0739419037345166
2.0822509567382443
2.0924796764509916
2.100117865568161
2.1001617344177532
2.1001698673568927
2.1001698673568927
2.1001698673568927
2.1001698673568927
2.1001698673568927
2.1001698673568927
2.1001698673568927
2.1001698673568927
2.1001698673568927
2.1001698673568927
2.1001753278738726
2.1001753278738726
2.1003054385035065
2.1003054385035065
2.1003054385035065
2.1003054385035065
1.348722284234719
1.8823039188157613
2.051252113698045
2.0608867351493307
2.078839288923173
2.082348533983005
2.082348533983005
2.082348533983005
2.082348533983005
2.0823493164955007
2.0823493164955007
2.0823493164955007
2.0823493164955007
2.0823493164955007
2.0823493164955007
2.0823493164955007
2.0823493164955007
2.086183056898089
2.0871099659121137
2.0871099659121137
2.0871099659121137
2.093007158998636
2.093007192622357
2.093007192622357
2.0930157376055503
1.348722284234719
1.9092809163108602
2.0297944972797164
2.0643658561217513
2.0817559790228275
2.085687144308209
2.088973409840545
2.088973409840545
2.09794988115293
2.098916943701882
2.103181736854035
2.103181736854035
2.103181736854035
2.103181736854035
2.103181736854035
2.103181736854035
2.103181736854035
2.103181736854035
2.103181736854035
2.103181736854035
2.1035302414496297
2.1035302414496297
2.1035302414496297
2.1035302414496297
2.1035302414496297
1.348722284234719
1.862556734059385
2.0263923883835924
2.0627527386645332
2.076083699005812
2.0848396013321207
2.084910925425853
2.084910925425853
2.084910925425853
2.0849343257876045
2.090126703885816
2.0981013957329147
2.098107312931384
2.098107312931384
2.098107312931384
2.098107312931384
2.098107312931384
2.0986362582575806
2.0986362582575806
2.099732566287146
2.0997356039154242
2.0997356039154242
2.0997356039154242
2.0997356039154242
2.0997356039154242
1.348722284234719
1.846814933369019
1.9594365923256076
2.033687875245728
2.0550611507564
2.092187634028204
2.0961529022769687
2.0961659585899417
2.0975298208198945
2.097552567901709
2.097610330712281
2.0987066071625433
2.0988029631741902
2.0988029631741902
2.0988029631741902
2.1003054385035065
2.1003054385035065
2.1003054385035065
2.1003054385035065
2.1003054385035065
2.1003054385035065
2.1003054385035065
2.1003054385035065
2.1003054385035065
2.1003054385035065
1.348722284234719
1.9016586948934817
2.0034035703733784
2.0269945136882317
2.0557787993942194
2.0752572398065636
2.0832316942009985
2.083392273363681
2.083556732520273
2.083556732520273
2.089912275976784
2.089943440023101
2.089943440023101
2.089943440023101
2.089943440023101
2.089943440023101
2.089943440023101
2.089943440023101
2.089943440023101
2.089943440023101
2.089943440023101
2.089943440023101
2.089943440023101
2.089943440023101
2.089943440023101
