1.348722284234719
1.8867901994301914
1.973583940465811
2.0164205335203436
2.041528411755421
2.042423417192357
2.0571191712859553
2.0683976657291567
2.0740038036938055
2.077207748396168
2.0773794947608644
2.0794985577853997
2.0856790624777775
2.0856790624777775
2.0856790624777775
2.0856790624777775
2.0879715896998623
2.0892572617719547
2.0892572617719547
2.0892572617719547
2.0892572617719547
2.0892572617719547
2.091089073553378
2.0910905960229877
2.0910905960229877
1.348722284234719
1.8934402098651164
1.9816564782618922
2.052196952979403
2.073840486422811
2.077445167860712
2.0774637162295377
2.0832726198421865
2.0832726198421865
2.0832726198421865
2.0832726198421865
2.0832726198421865
2.083284338803358
2.0852577026376604
2.0852577026376604
2.085651593708014
2.085651593708014
2.085651593708014
2.085651593708014
2.0900739256136527
2.0900739256136527
2.0900739256136527
2.0900739256136527
2.0900739256136527
2.0900739256136527
1.348722284234719
1.9887782002931569
2.073424346348635
2.100143802809086
2.100143802809086
2.100143802809086
2.100143802809086
2.100143802809086
2.100143802809086
2.100143802809086
2.100143802809086
2.100143802809086
2.100143802809086
2.100143802809086
2.100143802809086
2.102966806157988
2.103181736854035
2.103181736854035
2.103181736854035
2.103181736854035
2.103181736854035
2.103181736854035
2.103181736854035
2.103181736854035
2.103181736854035
