1.9216653274329334
2.3113627635315876
2.3113627635315876
2.3113627635315876
2.3113627635315876
2.3113627635315876
2.3113627635315876
2.3113627635315876
2.3113627635315876
2.3113627635315876
2.3113627635315876
2.3113627635315876
2.3113627635315876
2.3113627635315876
2.3113627635315876
2.3113627635315876
2.3113627635315876
2.3113627635315876
2.3113627635315876
2.3113627635315876
2.3113627635315876
2.3113627635315876
2.3113627635315876
2.3113627635315876
2.3113627635315876
1.9216653274329334
2.2586823617628875
2.3113627635315876
2.3113627635315876
2.3113627635315876
2.3113627635315876
2.3113627635315876
2.3113627635315876
2.3113627635315876
2.3113627635315876
2.3113627635315876
2.3113627635315876
2.3113627635315876
2.3113627635315876
2.31952105294299
2.31952105294299
2.31952105294299
2.364641014150583
2.364641014150583
2.364641014150583
2.364641014150583
2.364641014150583
2.364641014150583
2.364641014150583
2.364641014150583
