1.9216653274329334
2.3113627635315876
2.3113627635315876
2.3113627635315876
2.3113627635315876
2.3113627635315876
2.3113627635315876
2.3113627635315876
2.3113627635315876
2.3113627635315876
2.3113627635315876
2.3113627635315876
2.3113627635315876
2.3113627635315876
2.3113627635315876
2.3113627635315876
2.3113627635315876
2.3113627635315876
2.3113627635315876
2.3113627635315876
2.3113627635315876
2.3113627635315876
2.3113627635315876
2.3113627635315876
2.3113627635315876
1.9216653274329334
2.2586823617628875
2.3113627635315876
2.3113627635315876
2.3113627635315876
2.3113627635315876
2.3113627635315876
2.3113627635315876
2.3113627635315876
2.3113627635315876
2.3113627635315876
2.3113627635315876
2.3113627635315876
2.3113627635315876
2.31952105294299
2.31952105294299
2.31952105294299
2.364641014150583
2.364641014150583
2.364641014150583
2.364641014150583
2.364641014150583
2.364641014150583
2.364641014150583
2.364641014150583
1.9216653274329334
2.2145942771833678
2.2586823617628875
2.2586823617628875
2.2586823617628875
2.2586823617628875
2.2586823617628875
2.2586823617628875
2.2586823617628875
2.2586823617628875
2.2586823617628875
2.2586823617628875
2.2586823617628875
2.2586823617628875
2.2586823617628875
2.2586823617628875
2.2586823617628875
2.2586823617628875
2.2586823617628875
2.2586823617628875
2.2586823617628875
2.2586823617628875
2.2586823617628875
2.2586823617628875
2.2586823617628875
1.9216653274329334
2.274835119513174
2.364641014150583
2.364641014150583
2.364641014150583
2.364641014150583
2.364641014150583
2.364641014150583
2.364641014150583
2.364641014150583
2.364641014150583
2.364641014150583
2.364641014150583
2.364641014150583
2.364641014150583
2.364641014150583
2.364641014150583
2.364641014150583
2.364641014150583
2.364641014150583
2.364641014150583
2.364641014150583
2.364641014150583
2.364641014150583
2.364641014150583
1.9216653274329334
2.3113627635315876
2.3113627635315876
2.3113627635315876
2.3113627635315876
2.3113627635315876
2.3113627635315876
2.3113627635315876
2.3113627635315876
2.3113627635315876
2.3113627635315876
2.3113627635315876
2.3113627635315876
2.3113627635315876
2.3113627635315876
2.3113627635315876
2.3113627635315876
2.3113627635315876
2.3113627635315876
2.3113627635315876
2.3113627635315876
2.3113627635315876
2.3113627635315876
2.3113627635315876
2.3113627635315876
