1.4693733576707046
2.0474210993205313
2.0735429551853066
2.0740312513686594
2.0843621943131945
2.0843621943131945
2.0902150561072244
2.0902150561072244
2.102291489585501
2.109881962626512
2.109881962626512
2.1110281981773116
2.1110281981773116
2.1110281981773116
2.1110281981773116
2.1110281981773116
2.1110281981773116
2.1110281981773116
2.1110281981773116
2.1110281981773116
2.1110281981773116
2.1110281981773116
2.1110281981773116
2.1110281981773116
2.1110281981773116
1.4693733576707046
2.04483129018609
2.0752452021212684
2.0999906034958586
2.0999906034958586
2.0999906034958586
2.099996091583941
2.108428298624807
2.108428298624807
2.108428298624807
2.108428298624807
2.111805411510849
2.111805411510849
2.111805411510849
2.111805411510849
2.111805411510849
2.111805411510849
2.111805411510849
2.111805411510849
2.111805411510849
2.111805411510849
2.111805411510849
2.111805411510849
2.111805411510849
2.111805411510849
