1.4693733576707046
2.0474210993205313
2.0735429551853066
2.0740312513686594
2.0843621943131945
2.0843621943131945
2.0902150561072244
2.0902150561072244
2.102291489585501
2.109881962626512
2.109881962626512
2.1110281981773116
2.1110281981773116
2.1110281981773116
2.1110281981773116
2.1110281981773116
2.1110281981773116
2.1110281981773116
2.1110281981773116
2.1110281981773116
2.1110281981773116
2.1110281981773116
2.1110281981773116
2.1110281981773116
2.1110281981773116
1.4693733576707046
2.04483129018609
2.0752452021212684
2.0999906034958586
2.0999906034958586
2.0999906034958586
2.099996091583941
2.108428298624807
2.108428298624807
2.108428298624807
2.108428298624807
2.111805411510849
2.111805411510849
2.111805411510849
2.111805411510849
2.111805411510849
2.111805411510849
2.111805411510849
2.111805411510849
2.111805411510849
2.111805411510849
2.111805411510849
2.111805411510849
2.111805411510849
2.111805411510849
1.4693733576707046
1.9971800520189231
2.0833621680279117
2.0916377389397254
2.1010584821027027
2.105457285895001
2.105457285895001
2.105457285895001
2.105575199032205
2.105575199032205
2.105575199032205
2.105575199032205
2.105575199032205
2.105575199032205
2.105575199032205
2.105575199032205
2.105575199032205
2.105575199032205
2.106868483176478
2.1088153643793746
2.1088153643793746
2.1231711285459656
2.1246302966558765
2.1246302966558765
2.124634100745701
1.4693733576707046
1.968293032992865
2.033755182583917
2.0729457433428764
2.0730677359532925
2.091771478251854
2.0999906034958586
2.108225167924659
2.111805411510849
2.111805411510849
2.111805411510849
2.111805411510849
2.111805411510849
2.111805411510849
2.111805411510849
2.111805411510849
2.111805411510849
2.111805411510849
2.111805411510849
2.111805411510849
2.111805411510849
2.111805411510849
2.111805411510849
2.111805411510849
2.111805411510849
1.4693733576707046
1.9812167559647378
2.0575658071516942
2.0983766812810845
2.1035573872531828
2.111800034835517
2.111800034835517
2.111800034835517
2.111800034835517
2.111805411510849
2.111805411510849
2.111805411510849
2.111805411510849
2.111805411510849
2.111805411510849
2.111805411510849
2.111805411510849
2.111805411510849
2.111805411510849
2.111805411510849
2.111805411510849
2.111805411510849
2.111805411510849
2.111805411510849
2.111805411510849
1.4693733576707046
1.9860200294760868
2.0599867252867923
2.083832254360507
2.105313226846933
2.105313226846933
2.105313226846933
2.105313226846933
2.105313226846933
2.105313226846933
2.105313226846933
2.105313226846933
2.105313226846933
2.105313226846933
2.105313226846933
2.105313226846933
2.105313226846933
2.105313226846933
2.105313226846933
2.105313226846933
2.105313226846933
2.105313226846933
2.105313226846933
2.105313226846933
2.105313226846933
1.4693733576707046
2.007093292088172
2.042685586010929
2.0594129504193996
2.065713791915794
2.091771478251854
2.111800034835517
2.111805411510849
2.111805411510849
2.111805411510849
2.111805411510849
2.111805411510849
2.111805411510849
2.111805411510849
2.111805411510849
2.111805411510849
2.111805411510849
2.111805411510849
2.111805411510849
2.111805411510849
2.111805411510849
2.111805411510849
2.111805411510849
2.1118434161579875
2.1118434161579875
1.4693733576707046
2.008845551300705
2.0561039573099835
2.1050168766523694
2.107675298470799
2.1123152265014524
2.1205420713378547
2.121053698117253
2.121053698117253
2.121053698117253
2.122682642237139
2.122682642237139
2.122682642237139
2.122682642237139
2.122682642237139
2.122682642237139
2.122682642237139
2.122682642237139
2.122682642237139
2.122682642237139
2.122682642237139
2.122682642237139
2.122682642237139
2.122682642237139
2.122682642237139
1.4693733576707046
1.9891932564051764
2.0714156629627403
2.092464841281998
2.112826853280851
2.1210407451846653
2.1210407451846653
2.1210407451846653
2.122669689304551
2.122669689304551
2.122669689304551
2.122669689304551
2.122669689304551
2.122669689304551
2.122669689304551
2.122669689304551
2.122682642237139
2.122682642237139
2.122682642237139
2.122682642237139
2.122682642237139
2.122682642237139
2.122682642237139
2.122682642237139
2.122682642237139
1.4693733576707046
2.0182539474281116
2.0612681415041
2.06846110540339
2.06846110540339
2.076656344747929
2.076656344747929
2.076656344747929
2.076656344747929
2.076656344747929
2.076656344747929
2.076656344747929
2.076656344747929
2.076656344747929
2.076656344747929
2.076656344747929
2.076656344747929
2.076656344747929
2.0778287404478952
2.0778287404478952
2.0778287404478952
2.0778287404478952
2.0778287404478952
2.0778287404478952
2.0778287404478952
1.4693733576707046
1.981237975995782
2.0314291039199297
2.0619163081688408
2.0755319698664465
2.089112721598004
2.092336495144638
2.092336495144638
2.092336495144638
2.092336495144638
2.112826853280851
2.112826853280851
2.112826853280851
2.121053698117253
2.121053698117253
2.121053698117253
2.121053698117253
2.121053698117253
2.121053698117253
2.122682642237139
2.122682642237139
2.122682642237139
2.122682642237139
2.122682642237139
2.122682642237139
1.4693733576707046
2.0257525230286406
2.07567642480122
2.0952259974759864
2.1144115300052473
2.114415190759929
2.1144557974007365
2.122682642237139
2.122682642237139
2.122682642237139
2.122682642237139
2.122682642237139
2.122682642237139
2.122682642237139
2.122682642237139
2.122682642237139
2.122682642237139
2.122682642237139
2.122682642237139
2.122682642237139
2.122682642237139
2.122682642237139
2.122682642237139
2.122682642237139
2.122682642237139
1.4693733576707046
1.9762677037353067
2.038093699020932
2.097604531333038
2.0976564025794655
2.105961013240575
2.114177248061455
2.114177248061455
2.1141781617281556
2.1142236312198
2.1143199381910316
2.1143199381910316
2.1143199381910316
2.1143199381910316
2.1143199381910316
2.1143199381910316
2.1143199381910316
2.1143199381910316
2.1143199381910316
2.1143199381910316
2.1143199381910316
2.1143199381910316
2.1143199381910316
2.1143199381910316
2.1143199381910316
1.4693733576707046
2.0179804226116684
2.089159806884445
2.1034336781851506
2.10757520537727
2.10757520537727
2.10757520537727
2.10757520537727
2.10757520537727
2.1158020502136723
2.1158020502136723
2.1158020502136723
2.1158020502136723
2.1160344537119413
2.1160344537119413
2.1160344537119413
2.1160344537119413
2.1160344537119413
2.1160344537119413
2.1160344537119413
2.1160344537119413
2.1160344537119413
2.1160344537119413
2.1160344537119413
2.1160344537119413
1.4693733576707046
1.9970850234226771
2.031826735378269
2.0371406772410676
2.0768488390618005
2.0850657328014885
2.0987703969231175
2.1054141680078113
2.1054438260661352
2.1054438260661352
2.105575199032205
2.105575199032205
2.105575199032205
2.105575199032205
2.105575199032205
2.105575199032205
2.105575199032205
2.105575199032205
2.105575199032205
2.105575199032205
2.105575199032205
2.105575199032205
2.105575199032205
2.105575199032205
2.105575199032205
1.4693733576707046
2.0490630645764676
2.0938498749382766
2.111800034835517
2.111800034835517
2.111805411510849
2.111805411510849
2.111805411510849
2.111805411510849
2.111805411510849
2.111805411510849
2.111805411510849
2.111805411510849
2.111805411510849
2.111805411510849
2.111805411510849
2.111805411510849
2.111805411510849
2.111805411510849
2.111805411510849
2.111805411510849
2.111805411510849
2.111805411510849
2.111805411510849
2.1118434161579875
1.4693733576707046
2.014216368086899
2.069301065789119
2.100371154666699
2.115902143307202
2.1205420713378547
2.1205420713378547
2.1205457320925363
2.1205457320925363
2.1226420355963316
2.1226420355963316
2.1226420355963316
2.1226420355963316
2.1226420355963316
2.1226420355963316
2.122682642237139
2.1227453350376924
2.1231711285459656
2.1246302966558765
2.1246302966558765
2.124634100745701
2.124634100745701
2.124634100745701
2.124634100745701
2.124634100745701
1.4693733576707046
1.99313950281551
2.0449470126560336
2.0852987646734777
2.0853576533842073
2.0931668272263746
2.1059738141506323
2.114300770048091
2.1143148887957643
2.1143148887957643
2.1143148887957643
2.1143463828748774
2.1143463828748774
2.12263837484165
2.12263837484165
2.12263837484165
2.12263837484165
2.12263837484165
2.122682642237139
2.122682642237139
2.1227491391275164
2.1227491391275164
2.1227491391275164
2.1227491391275164
2.1227491391275164
