0.803030303030303	-0.20486683827652621
0.7727272727272727	-0.18022911864067326
0.797979797979798	-0.1987354939331344
0.7929292929292929	-0.18598141550711053
0.7878787878787878	-0.18345949175836562
0.7828282828282829	-0.18193688455020385
0.7777777777777778	-0.18115310843342483
0.7828282828282829	-0.18193688455020385
0.7777777777777778	-0.18115310843342483
0.7777777777777778	-0.18115310843342483
0.7828282828282829	-0.18193688455020385
0.7828282828282829	-0.18193688455020385
0.7777777777777778	-0.18115310843342483
0.7828282828282829	-0.18193688455020385
0.7828282828282829	-0.18193688455020385
0.7828282828282829	-0.18193688455020385
0.7777777777777778	-0.18115310843342483
0.7777777777777778	-0.18115310843342483
0.7777777777777778	-0.18115310843342483
0.7828282828282829	-0.18193688455020385
0.7828282828282829	-0.18193688455020385
0.7828282828282829	-0.18193688455020385
0.7828282828282829	-0.18193688455020385
0.7828282828282829	-0.18193688455020385
0.7777777777777778	-0.18115310843342483
0.7777777777777778	-0.18115310843342483
0.7828282828282829	-0.18193688455020385
0.7777777777777778	-0.18115310843342483
0.7777777777777778	-0.18115310843342483
0.7727272727272727	-0.18022911864067326
0.7828282828282829	-0.18193688455020385
0.7777777777777778	-0.18115310843342483
0.7828282828282829	-0.18193688455020385
0.7828282828282829	-0.18193688455020385
0.7777777777777778	-0.18115310843342483
0.7828282828282829	-0.18193688455020385
0.7828282828282829	-0.18193688455020385
0.7828282828282829	-0.18193688455020385
0.7828282828282829	-0.18193688455020385
0.7828282828282829	-0.18193688455020385
0.7828282828282829	-0.18193688455020385
0.7777777777777778	-0.18115310843342483
0.7777777777777778	-0.18115310843342483
0.7777777777777778	-0.18115310843342483
0.7828282828282829	-0.18193688455020385
0.7777777777777778	-0.18115310843342483
0.7828282828282829	-0.18193688455020385
0.7828282828282829	-0.18193688455020385
0.7777777777777778	-0.18115310843342483
0.7777777777777778	-0.18115310843342483
0.7777777777777778	-0.18115310843342483
0.7828282828282829	-0.18193688455020385
0.7777777777777778	-0.18115310843342483
0.7777777777777778	-0.18115310843342483
0.7777777777777778	-0.18115310843342483
0.7828282828282829	-0.18193688455020385
0.7727272727272727	-0.18022911864067326
0.7777777777777778	-0.18115310843342483
0.7878787878787878	-0.18345949175836562
0.7777777777777778	-0.18115310843342483
0.7777777777777778	-0.18115310843342483
0.7777777777777778	-0.18115310843342483
0.7828282828282829	-0.18193688455020385
0.7777777777777778	-0.18115310843342483
0.7828282828282829	-0.18193688455020385
0.7777777777777778	-0.18115310843342483
0.7828282828282829	-0.18193688455020385
0.7777777777777778	-0.18115310843342483
0.7828282828282829	-0.18193688455020385
0.7828282828282829	-0.18193688455020385
0.7777777777777778	-0.18115310843342483
0.7777777777777778	-0.18115310843342483
0.7828282828282829	-0.18193688455020385
0.7777777777777778	-0.18115310843342483
0.7777777777777778	-0.18115310843342483
0.7828282828282829	-0.18193688455020385
0.7828282828282829	-0.18193688455020385
0.7828282828282829	-0.18193688455020385
0.7828282828282829	-0.18193688455020385
0.7777777777777778	-0.18115310843342483
0.7777777777777778	-0.18115310843342483
0.7777777777777778	-0.18115310843342483
0.7828282828282829	-0.18193688455020385
0.7777777777777778	-0.18115310843342483
0.7777777777777778	-0.18115310843342483
0.7727272727272727	-0.18022911864067326
0.7777777777777778	-0.18115310843342483
0.7828282828282829	-0.18193688455020385
0.7777777777777778	-0.18115310843342483
0.7727272727272727	-0.18022911864067326
0.7828282828282829	-0.18193688455020385
0.7777777777777778	-0.18115310843342483
0.7777777777777778	-0.18115310843342483
0.7727272727272727	-0.18022911864067326
0.7777777777777778	-0.18115310843342483
0.7828282828282829	-0.18193688455020385
0.7727272727272727	-0.18022911864067326
0.7828282828282829	-0.18193688455020385
0.7777777777777778	-0.18115310843342483
0.7828282828282829	-0.18193688455020385
0.7828282828282829	-0.18193688455020385
0.7828282828282829	-0.18193688455020385
0.7777777777777778	-0.18115310843342483
0.7828282828282829	-0.18193688455020385
0.7777777777777778	-0.18115310843342483
0.7828282828282829	-0.18193688455020385
0.7777777777777778	-0.18115310843342483
0.7828282828282829	-0.18193688455020385
0.7777777777777778	-0.18115310843342483
0.7828282828282829	-0.18193688455020385
0.7777777777777778	-0.18115310843342483
0.7777777777777778	-0.18115310843342483
0.7777777777777778	-0.18115310843342483
0.7828282828282829	-0.18193688455020385
0.7828282828282829	-0.18193688455020385
0.7828282828282829	-0.18193688455020385
0.7828282828282829	-0.18193688455020385
0.7929292929292929	-0.18598141550711053
0.7828282828282829	-0.18193688455020385
0.7828282828282829	-0.18193688455020385
0.7777777777777778	-0.18115310843342483
0.7777777777777778	-0.18115310843342483
0.7777777777777778	-0.18115310843342483
0.7777777777777778	-0.18115310843342483
0.7828282828282829	-0.18193688455020385
0.7727272727272727	-0.18022911864067326
0.7777777777777778	-0.18115310843342483
0.7777777777777778	-0.18115310843342483
0.7777777777777778	-0.18115310843342483
0.7777777777777778	-0.18115310843342483
0.7828282828282829	-0.18193688455020385
0.7777777777777778	-0.18115310843342483
0.7777777777777778	-0.18115310843342483
0.7777777777777778	-0.18115310843342483
0.7828282828282829	-0.18193688455020385
0.7777777777777778	-0.18115310843342483
0.7777777777777778	-0.18115310843342483
0.7828282828282829	-0.18193688455020385
0.7777777777777778	-0.18115310843342483
0.7828282828282829	-0.18193688455020385
0.7878787878787878	-0.18345949175836562
0.7777777777777778	-0.18115310843342483
0.7777777777777778	-0.18115310843342483
0.7777777777777778	-0.18115310843342483
0.7777777777777778	-0.18115310843342483
0.7777777777777778	-0.18115310843342483
0.7727272727272727	-0.18022911864067326
0.7777777777777778	-0.18115310843342483
0.7777777777777778	-0.18115310843342483
0.7828282828282829	-0.18193688455020385
0.7777777777777778	-0.18115310843342483
0.7777777777777778	-0.18115310843342483
0.7777777777777778	-0.18115310843342483
0.7828282828282829	-0.18193688455020385
0.7777777777777778	-0.18115310843342483
0.7777777777777778	-0.18115310843342483
0.7777777777777778	-0.18115310843342483
0.7777777777777778	-0.18115310843342483
0.7777777777777778	-0.18115310843342483
0.7777777777777778	-0.18115310843342483
0.7777777777777778	-0.18115310843342483
0.7828282828282829	-0.18193688455020385
0.7777777777777778	-0.18115310843342483
0.7828282828282829	-0.18193688455020385
0.7929292929292929	-0.18598141550711053
0.7828282828282829	-0.18193688455020385
0.7777777777777778	-0.18115310843342483
0.7777777777777778	-0.18115310843342483
0.7828282828282829	-0.18193688455020385
0.7828282828282829	-0.18193688455020385
0.7777777777777778	-0.18115310843342483
0.7828282828282829	-0.18193688455020385
0.7828282828282829	-0.18193688455020385
0.7777777777777778	-0.18115310843342483
0.7828282828282829	-0.18193688455020385
0.7777777777777778	-0.18115310843342483
0.7777777777777778	-0.18115310843342483
0.7777777777777778	-0.18115310843342483
0.7777777777777778	-0.18115310843342483
0.7828282828282829	-0.18193688455020385
0.7828282828282829	-0.18193688455020385
0.7777777777777778	-0.18115310843342483
0.7828282828282829	-0.18193688455020385
0.7828282828282829	-0.18193688455020385
0.7777777777777778	-0.18115310843342483
0.7777777777777778	-0.18115310843342483
0.7828282828282829	-0.18193688455020385
0.7777777777777778	-0.18115310843342483
0.7777777777777778	-0.18115310843342483
0.7828282828282829	-0.18193688455020385
0.7777777777777778	-0.18115310843342483
0.7777777777777778	-0.18115310843342483
0.7777777777777778	-0.18115310843342483
0.7777777777777778	-0.18115310843342483
0.7777777777777778	-0.18115310843342483
0.7777777777777778	-0.18115310843342483
0.7828282828282829	-0.18193688455020385
0.7777777777777778	-0.18115310843342483
0.7777777777777778	-0.18115310843342483
0.7777777777777778	-0.18115310843342483
