0.7626262626262627	-0.18928239734576538
0.7929292929292929	-0.19952799489350825
0.7828282828282829	-0.19544302850477452
0.7878787878787878	-0.198290052985243
0.7777777777777778	-0.19271142194785593
0.7676767676767676	-0.1903794248399143
0.7727272727272727	-0.19229534042607288
0.7828282828282829	-0.19544302850477452
0.7626262626262627	-0.18928239734576538
0.7626262626262627	-0.18928239734576538
0.7727272727272727	-0.19229534042607288
0.7777777777777778	-0.19271142194785593
0.7777777777777778	-0.19271142194785593
0.7777777777777778	-0.19271142194785593
0.7828282828282829	-0.19544302850477452
0.7676767676767676	-0.1903794248399143
0.7828282828282829	-0.19544302850477452
0.7828282828282829	-0.19544302850477452
0.7676767676767676	-0.1903794248399143
0.7777777777777778	-0.19271142194785593
0.7777777777777778	-0.19271142194785593
0.7777777777777778	-0.19271142194785593
0.7777777777777778	-0.19271142194785593
0.7828282828282829	-0.19544302850477452
0.7828282828282829	-0.19544302850477452
0.7777777777777778	-0.19271142194785593
0.7777777777777778	-0.19271142194785593
0.7777777777777778	-0.19271142194785593
0.7676767676767676	-0.1903794248399143
0.7828282828282829	-0.19544302850477452
0.7777777777777778	-0.19271142194785593
0.7626262626262627	-0.18928239734576538
0.7777777777777778	-0.19271142194785593
0.7727272727272727	-0.19229534042607288
0.7777777777777778	-0.19271142194785593
0.7777777777777778	-0.19271142194785593
0.7828282828282829	-0.19544302850477452
0.7777777777777778	-0.19271142194785593
0.7727272727272727	-0.19229534042607288
0.7777777777777778	-0.19271142194785593
0.7777777777777778	-0.19271142194785593
0.7777777777777778	-0.19271142194785593
0.7777777777777778	-0.19271142194785593
0.7777777777777778	-0.19271142194785593
0.7676767676767676	-0.1903794248399143
0.7777777777777778	-0.19271142194785593
0.7777777777777778	-0.19271142194785593
0.7777777777777778	-0.19271142194785593
0.7777777777777778	-0.19271142194785593
0.7828282828282829	-0.19544302850477452
0.7878787878787878	-0.198290052985243
0.7777777777777778	-0.19271142194785593
0.7828282828282829	-0.19544302850477452
0.7626262626262627	-0.18928239734576538
0.7828282828282829	-0.19544302850477452
0.7727272727272727	-0.19229534042607288
0.7777777777777778	-0.19271142194785593
0.7777777777777778	-0.19271142194785593
0.7676767676767676	-0.1903794248399143
0.7777777777777778	-0.19271142194785593
0.7777777777777778	-0.19271142194785593
0.7777777777777778	-0.19271142194785593
0.7777777777777778	-0.19271142194785593
0.7777777777777778	-0.19271142194785593
0.7777777777777778	-0.19271142194785593
0.7777777777777778	-0.19271142194785593
0.7828282828282829	-0.19544302850477452
0.7727272727272727	-0.19229534042607288
0.7777777777777778	-0.19271142194785593
0.7828282828282829	-0.19544302850477452
0.7777777777777778	-0.19271142194785593
0.7828282828282829	-0.19544302850477452
0.7626262626262627	-0.18928239734576538
0.7777777777777778	-0.19271142194785593
0.7676767676767676	-0.1903794248399143
0.7828282828282829	-0.19544302850477452
0.7878787878787878	-0.198290052985243
0.7676767676767676	-0.1903794248399143
0.7777777777777778	-0.19271142194785593
0.7828282828282829	-0.19544302850477452
0.7727272727272727	-0.19229534042607288
0.7828282828282829	-0.19544302850477452
0.7777777777777778	-0.19271142194785593
0.7777777777777778	-0.19271142194785593
0.7828282828282829	-0.19544302850477452
0.7828282828282829	-0.19544302850477452
0.7777777777777778	-0.19271142194785593
0.7777777777777778	-0.19271142194785593
0.7626262626262627	-0.18928239734576538
0.7676767676767676	-0.1903794248399143
0.7828282828282829	-0.19544302850477452
0.7727272727272727	-0.19229534042607288
0.7777777777777778	-0.19271142194785593
0.7777777777777778	-0.19271142194785593
0.7777777777777778	-0.19271142194785593
0.7828282828282829	-0.19544302850477452
0.7828282828282829	-0.19544302850477452
0.7777777777777778	-0.19271142194785593
0.7828282828282829	-0.19544302850477452
0.7777777777777778	-0.19271142194785593
0.7777777777777778	-0.19271142194785593
0.7777777777777778	-0.19271142194785593
0.7777777777777778	-0.19271142194785593
0.7727272727272727	-0.19229534042607288
0.7777777777777778	-0.19271142194785593
0.7777777777777778	-0.19271142194785593
0.7777777777777778	-0.19271142194785593
0.7777777777777778	-0.19271142194785593
0.7676767676767676	-0.1903794248399143
0.7777777777777778	-0.19271142194785593
0.7828282828282829	-0.19544302850477452
0.7828282828282829	-0.19544302850477452
0.7676767676767676	-0.1903794248399143
0.7777777777777778	-0.19271142194785593
0.7777777777777778	-0.19271142194785593
0.7777777777777778	-0.19271142194785593
0.7777777777777778	-0.19271142194785593
0.7828282828282829	-0.19544302850477452
0.7828282828282829	-0.19544302850477452
0.7777777777777778	-0.19271142194785593
0.7777777777777778	-0.19271142194785593
0.7676767676767676	-0.1903794248399143
0.7777777777777778	-0.19271142194785593
0.7727272727272727	-0.19229534042607288
0.7777777777777778	-0.19271142194785593
0.7777777777777778	-0.19271142194785593
0.7828282828282829	-0.19544302850477452
0.7878787878787878	-0.198290052985243
0.7828282828282829	-0.19544302850477452
0.7777777777777778	-0.19271142194785593
0.7777777777777778	-0.19271142194785593
0.7727272727272727	-0.19229534042607288
0.7777777777777778	-0.19271142194785593
0.7777777777777778	-0.19271142194785593
0.7828282828282829	-0.19544302850477452
0.7777777777777778	-0.19271142194785593
0.7777777777777778	-0.19271142194785593
0.7828282828282829	-0.19544302850477452
0.7777777777777778	-0.19271142194785593
0.7777777777777778	-0.19271142194785593
0.7828282828282829	-0.19544302850477452
0.7777777777777778	-0.19271142194785593
0.7777777777777778	-0.19271142194785593
0.7828282828282829	-0.19544302850477452
0.7777777777777778	-0.19271142194785593
0.7777777777777778	-0.19271142194785593
0.7777777777777778	-0.19271142194785593
0.7676767676767676	-0.1903794248399143
0.7727272727272727	-0.19229534042607288
0.7828282828282829	-0.19544302850477452
0.7777777777777778	-0.19271142194785593
0.7777777777777778	-0.19271142194785593
0.7777777777777778	-0.19271142194785593
0.7777777777777778	-0.19271142194785593
0.7777777777777778	-0.19271142194785593
0.7878787878787878	-0.198290052985243
0.7777777777777778	-0.19271142194785593
0.7727272727272727	-0.19229534042607288
0.7777777777777778	-0.19271142194785593
0.7777777777777778	-0.19271142194785593
0.7777777777777778	-0.19271142194785593
0.7626262626262627	-0.18928239734576538
0.7777777777777778	-0.19271142194785593
0.7777777777777778	-0.19271142194785593
0.7777777777777778	-0.19271142194785593
0.7777777777777778	-0.19271142194785593
0.7777777777777778	-0.19271142194785593
0.7777777777777778	-0.19271142194785593
0.7777777777777778	-0.19271142194785593
0.7828282828282829	-0.19544302850477452
0.7777777777777778	-0.19271142194785593
0.7777777777777778	-0.19271142194785593
0.7777777777777778	-0.19271142194785593
0.7777777777777778	-0.19271142194785593
0.7828282828282829	-0.19544302850477452
0.7777777777777778	-0.19271142194785593
0.7777777777777778	-0.19271142194785593
0.7777777777777778	-0.19271142194785593
0.7828282828282829	-0.19544302850477452
0.7828282828282829	-0.19544302850477452
0.7777777777777778	-0.19271142194785593
0.7777777777777778	-0.19271142194785593
0.7828282828282829	-0.19544302850477452
0.7828282828282829	-0.19544302850477452
0.7777777777777778	-0.19271142194785593
0.7676767676767676	-0.1903794248399143
0.7676767676767676	-0.1903794248399143
0.7828282828282829	-0.19544302850477452
0.7828282828282829	-0.19544302850477452
0.7727272727272727	-0.19229534042607288
0.7777777777777778	-0.19271142194785593
0.7777777777777778	-0.19271142194785593
0.7828282828282829	-0.19544302850477452
0.7878787878787878	-0.198290052985243
0.7777777777777778	-0.19271142194785593
0.7777777777777778	-0.19271142194785593
0.7777777777777778	-0.19271142194785593
0.7777777777777778	-0.19271142194785593
0.7828282828282829	-0.19544302850477452
0.7777777777777778	-0.19271142194785593
