0.797979797979798	-0.20130036385963576
0.7525252525252525	-0.19022771829162313
0.7878787878787878	-0.19560366832996057
0.7929292929292929	-0.20096272942889204
0.7727272727272727	-0.19241352221079533
0.7575757575757576	-0.19082119275518927
0.7828282828282829	-0.19356955242870483
0.7777777777777778	-0.1931585859302182
0.7575757575757576	-0.19082119275518927
0.7525252525252525	-0.19022771829162313
0.7525252525252525	-0.19022771829162313
0.7575757575757576	-0.19082119275518927
0.7525252525252525	-0.19022771829162313
0.7575757575757576	-0.19082119275518927
0.7575757575757576	-0.19082119275518927
0.7525252525252525	-0.19022771829162313
0.7575757575757576	-0.19082119275518927
0.7575757575757576	-0.19082119275518927
0.7575757575757576	-0.19082119275518927
0.7525252525252525	-0.19022771829162313
0.7575757575757576	-0.19082119275518927
0.7575757575757576	-0.19082119275518927
0.7525252525252525	-0.19022771829162313
0.7575757575757576	-0.19082119275518927
0.7878787878787878	-0.19560366832996057
0.7575757575757576	-0.19082119275518927
0.7525252525252525	-0.19022771829162313
0.7575757575757576	-0.19082119275518927
0.7525252525252525	-0.19022771829162313
0.7525252525252525	-0.19022771829162313
0.7575757575757576	-0.19082119275518927
0.7575757575757576	-0.19082119275518927
0.7525252525252525	-0.19022771829162313
0.7575757575757576	-0.19082119275518927
0.7575757575757576	-0.19082119275518927
0.7525252525252525	-0.19022771829162313
0.7525252525252525	-0.19022771829162313
0.7575757575757576	-0.19082119275518927
0.7525252525252525	-0.19022771829162313
0.797979797979798	-0.20130036385963576
0.7525252525252525	-0.19022771829162313
0.7525252525252525	-0.19022771829162313
0.7525252525252525	-0.19022771829162313
0.7575757575757576	-0.19082119275518927
0.7525252525252525	-0.19022771829162313
0.7575757575757576	-0.19082119275518927
0.7525252525252525	-0.19022771829162313
0.7575757575757576	-0.19082119275518927
0.7575757575757576	-0.19082119275518927
0.7575757575757576	-0.19082119275518927
0.7575757575757576	-0.19082119275518927
0.7575757575757576	-0.19082119275518927
0.7525252525252525	-0.19022771829162313
0.7575757575757576	-0.19082119275518927
0.7575757575757576	-0.19082119275518927
0.7525252525252525	-0.19022771829162313
0.7929292929292929	-0.20096272942889204
0.7525252525252525	-0.19022771829162313
0.7575757575757576	-0.19082119275518927
0.7575757575757576	-0.19082119275518927
0.7525252525252525	-0.19022771829162313
0.7929292929292929	-0.20096272942889204
0.7575757575757576	-0.19082119275518927
0.7575757575757576	-0.19082119275518927
0.7575757575757576	-0.19082119275518927
0.7525252525252525	-0.19022771829162313
0.7575757575757576	-0.19082119275518927
0.7525252525252525	-0.19022771829162313
0.7525252525252525	-0.19022771829162313
0.7575757575757576	-0.19082119275518927
0.7575757575757576	-0.19082119275518927
0.7575757575757576	-0.19082119275518927
0.7575757575757576	-0.19082119275518927
0.7525252525252525	-0.19022771829162313
0.7575757575757576	-0.19082119275518927
0.7575757575757576	-0.19082119275518927
0.7575757575757576	-0.19082119275518927
0.7575757575757576	-0.19082119275518927
0.7575757575757576	-0.19082119275518927
0.7575757575757576	-0.19082119275518927
0.7575757575757576	-0.19082119275518927
0.7575757575757576	-0.19082119275518927
0.7575757575757576	-0.19082119275518927
0.7575757575757576	-0.19082119275518927
0.7575757575757576	-0.19082119275518927
0.7575757575757576	-0.19082119275518927
0.7525252525252525	-0.19022771829162313
0.7525252525252525	-0.19022771829162313
0.7575757575757576	-0.19082119275518927
0.7575757575757576	-0.19082119275518927
0.7575757575757576	-0.19082119275518927
0.7575757575757576	-0.19082119275518927
0.7575757575757576	-0.19082119275518927
0.7525252525252525	-0.19022771829162313
0.7575757575757576	-0.19082119275518927
0.7525252525252525	-0.19022771829162313
0.7525252525252525	-0.19022771829162313
0.7575757575757576	-0.19082119275518927
0.7525252525252525	-0.19022771829162313
0.7575757575757576	-0.19082119275518927
0.7525252525252525	-0.19022771829162313
0.7575757575757576	-0.19082119275518927
0.7525252525252525	-0.19022771829162313
0.7575757575757576	-0.19082119275518927
0.7525252525252525	-0.19022771829162313
0.7575757575757576	-0.19082119275518927
0.7575757575757576	-0.19082119275518927
0.7575757575757576	-0.19082119275518927
0.7575757575757576	-0.19082119275518927
0.7575757575757576	-0.19082119275518927
0.7575757575757576	-0.19082119275518927
0.7575757575757576	-0.19082119275518927
0.7525252525252525	-0.19022771829162313
0.7575757575757576	-0.19082119275518927
0.7575757575757576	-0.19082119275518927
0.7525252525252525	-0.19022771829162313
0.7929292929292929	-0.20096272942889204
0.7575757575757576	-0.19082119275518927
0.7575757575757576	-0.19082119275518927
0.7575757575757576	-0.19082119275518927
0.7575757575757576	-0.19082119275518927
0.7525252525252525	-0.19022771829162313
0.7525252525252525	-0.19022771829162313
0.7525252525252525	-0.19022771829162313
0.7727272727272727	-0.19241352221079533
0.7575757575757576	-0.19082119275518927
0.7525252525252525	-0.19022771829162313
0.7575757575757576	-0.19082119275518927
0.7575757575757576	-0.19082119275518927
0.7575757575757576	-0.19082119275518927
0.7575757575757576	-0.19082119275518927
0.7525252525252525	-0.19022771829162313
0.797979797979798	-0.20130036385963576
0.7575757575757576	-0.19082119275518927
0.7525252525252525	-0.19022771829162313
0.7525252525252525	-0.19022771829162313
0.7575757575757576	-0.19082119275518927
0.7575757575757576	-0.19082119275518927
0.7575757575757576	-0.19082119275518927
0.7525252525252525	-0.19022771829162313
0.7525252525252525	-0.19022771829162313
0.7575757575757576	-0.19082119275518927
0.7525252525252525	-0.19022771829162313
0.7575757575757576	-0.19082119275518927
0.7575757575757576	-0.19082119275518927
0.7575757575757576	-0.19082119275518927
0.7575757575757576	-0.19082119275518927
0.7727272727272727	-0.19241352221079533
0.7575757575757576	-0.19082119275518927
0.7575757575757576	-0.19082119275518927
0.7575757575757576	-0.19082119275518927
0.7575757575757576	-0.19082119275518927
0.7575757575757576	-0.19082119275518927
0.7575757575757576	-0.19082119275518927
0.7525252525252525	-0.19022771829162313
0.7575757575757576	-0.19082119275518927
0.7575757575757576	-0.19082119275518927
0.7575757575757576	-0.19082119275518927
0.7525252525252525	-0.19022771829162313
0.7575757575757576	-0.19082119275518927
0.7525252525252525	-0.19022771829162313
0.7575757575757576	-0.19082119275518927
0.7575757575757576	-0.19082119275518927
0.7575757575757576	-0.19082119275518927
0.7575757575757576	-0.19082119275518927
0.7525252525252525	-0.19022771829162313
0.7575757575757576	-0.19082119275518927
0.7575757575757576	-0.19082119275518927
0.7575757575757576	-0.19082119275518927
0.7575757575757576	-0.19082119275518927
0.7929292929292929	-0.20096272942889204
0.7575757575757576	-0.19082119275518927
0.7525252525252525	-0.19022771829162313
0.7525252525252525	-0.19022771829162313
0.7575757575757576	-0.19082119275518927
0.7525252525252525	-0.19022771829162313
0.797979797979798	-0.20130036385963576
0.7575757575757576	-0.19082119275518927
0.7575757575757576	-0.19082119275518927
0.7525252525252525	-0.19022771829162313
0.7525252525252525	-0.19022771829162313
0.7575757575757576	-0.19082119275518927
0.7575757575757576	-0.19082119275518927
0.7777777777777778	-0.1931585859302182
0.7575757575757576	-0.19082119275518927
0.7575757575757576	-0.19082119275518927
0.7525252525252525	-0.19022771829162313
0.7575757575757576	-0.19082119275518927
0.7525252525252525	-0.19022771829162313
0.7575757575757576	-0.19082119275518927
0.7575757575757576	-0.19082119275518927
0.7575757575757576	-0.19082119275518927
0.7525252525252525	-0.19022771829162313
0.7525252525252525	-0.19022771829162313
0.7575757575757576	-0.19082119275518927
0.7575757575757576	-0.19082119275518927
0.7575757575757576	-0.19082119275518927
0.7575757575757576	-0.19082119275518927
0.7575757575757576	-0.19082119275518927
0.7575757575757576	-0.19082119275518927
