0.803030303030303	-0.19443165834408882
0.7727272727272727	-0.18718944247210575
0.7878787878787878	-0.19294506811505052
0.7828282828282829	-0.19016783849251745
0.7777777777777778	-0.1896616532560199
0.7929292929292929	-0.19422358127795178
0.7878787878787878	-0.19294506811505052
0.7878787878787878	-0.19294506811505052
0.7777777777777778	-0.1896616532560199
0.7828282828282829	-0.19016783849251745
0.7777777777777778	-0.1896616532560199
0.7878787878787878	-0.19294506811505052
0.7828282828282829	-0.19016783849251745
0.7878787878787878	-0.19294506811505052
0.7878787878787878	-0.19294506811505052
0.7878787878787878	-0.19294506811505052
0.7878787878787878	-0.19294506811505052
0.7878787878787878	-0.19294506811505052
0.7878787878787878	-0.19294506811505052
0.7878787878787878	-0.19294506811505052
0.7878787878787878	-0.19294506811505052
0.7878787878787878	-0.19294506811505052
0.7878787878787878	-0.19294506811505052
0.7727272727272727	-0.18718944247210575
0.7878787878787878	-0.19294506811505052
0.7878787878787878	-0.19294506811505052
0.7828282828282829	-0.19016783849251745
0.7828282828282829	-0.19016783849251745
0.7878787878787878	-0.19294506811505052
0.7878787878787878	-0.19294506811505052
0.7727272727272727	-0.18718944247210575
0.7878787878787878	-0.19294506811505052
0.7878787878787878	-0.19294506811505052
0.7828282828282829	-0.19016783849251745
0.7878787878787878	-0.19294506811505052
0.7828282828282829	-0.19016783849251745
0.7727272727272727	-0.18718944247210575
0.7878787878787878	-0.19294506811505052
0.7828282828282829	-0.19016783849251745
0.7878787878787878	-0.19294506811505052
0.7929292929292929	-0.19422358127795178
0.7828282828282829	-0.19016783849251745
0.7878787878787878	-0.19294506811505052
0.7828282828282829	-0.19016783849251745
0.7929292929292929	-0.19422358127795178
0.7878787878787878	-0.19294506811505052
0.7828282828282829	-0.19016783849251745
0.7878787878787878	-0.19294506811505052
0.7878787878787878	-0.19294506811505052
0.7828282828282829	-0.19016783849251745
0.7878787878787878	-0.19294506811505052
0.7878787878787878	-0.19294506811505052
0.7828282828282829	-0.19016783849251745
0.7878787878787878	-0.19294506811505052
0.7777777777777778	-0.1896616532560199
0.7828282828282829	-0.19016783849251745
0.7929292929292929	-0.19422358127795178
0.7828282828282829	-0.19016783849251745
0.7777777777777778	-0.1896616532560199
0.7878787878787878	-0.19294506811505052
0.7878787878787878	-0.19294506811505052
0.7828282828282829	-0.19016783849251745
0.7777777777777778	-0.1896616532560199
0.7828282828282829	-0.19016783849251745
0.803030303030303	-0.19443165834408882
0.7828282828282829	-0.19016783849251745
0.7878787878787878	-0.19294506811505052
0.7828282828282829	-0.19016783849251745
0.7929292929292929	-0.19422358127795178
0.7828282828282829	-0.19016783849251745
0.7878787878787878	-0.19294506811505052
0.7828282828282829	-0.19016783849251745
0.7878787878787878	-0.19294506811505052
0.7777777777777778	-0.1896616532560199
0.7828282828282829	-0.19016783849251745
0.7878787878787878	-0.19294506811505052
0.7828282828282829	-0.19016783849251745
0.7727272727272727	-0.18718944247210575
0.7727272727272727	-0.18718944247210575
0.7828282828282829	-0.19016783849251745
0.7878787878787878	-0.19294506811505052
0.7828282828282829	-0.19016783849251745
0.7777777777777778	-0.1896616532560199
0.7878787878787878	-0.19294506811505052
0.7878787878787878	-0.19294506811505052
0.7878787878787878	-0.19294506811505052
0.7828282828282829	-0.19016783849251745
0.7878787878787878	-0.19294506811505052
0.7777777777777778	-0.1896616532560199
0.7878787878787878	-0.19294506811505052
0.7828282828282829	-0.19016783849251745
0.7878787878787878	-0.19294506811505052
0.7878787878787878	-0.19294506811505052
0.7878787878787878	-0.19294506811505052
0.7777777777777778	-0.1896616532560199
0.7828282828282829	-0.19016783849251745
0.7777777777777778	-0.1896616532560199
0.7828282828282829	-0.19016783849251745
0.7878787878787878	-0.19294506811505052
0.7878787878787878	-0.19294506811505052
0.7777777777777778	-0.1896616532560199
0.7727272727272727	-0.18718944247210575
0.7878787878787878	-0.19294506811505052
0.7878787878787878	-0.19294506811505052
0.7828282828282829	-0.19016783849251745
0.7878787878787878	-0.19294506811505052
0.7878787878787878	-0.19294506811505052
0.7828282828282829	-0.19016783849251745
0.7828282828282829	-0.19016783849251745
0.7828282828282829	-0.19016783849251745
0.7878787878787878	-0.19294506811505052
0.7878787878787878	-0.19294506811505052
0.7727272727272727	-0.18718944247210575
0.7777777777777778	-0.1896616532560199
0.7878787878787878	-0.19294506811505052
0.803030303030303	-0.19443165834408882
0.7878787878787878	-0.19294506811505052
0.7878787878787878	-0.19294506811505052
0.7878787878787878	-0.19294506811505052
0.7828282828282829	-0.19016783849251745
0.7878787878787878	-0.19294506811505052
0.7727272727272727	-0.18718944247210575
0.7777777777777778	-0.1896616532560199
0.7828282828282829	-0.19016783849251745
0.7878787878787878	-0.19294506811505052
0.7878787878787878	-0.19294506811505052
0.7878787878787878	-0.19294506811505052
0.7929292929292929	-0.19422358127795178
0.7828282828282829	-0.19016783849251745
0.7828282828282829	-0.19016783849251745
0.7878787878787878	-0.19294506811505052
0.7828282828282829	-0.19016783849251745
0.7777777777777778	-0.1896616532560199
0.7828282828282829	-0.19016783849251745
0.7777777777777778	-0.1896616532560199
0.7828282828282829	-0.19016783849251745
0.7878787878787878	-0.19294506811505052
0.7828282828282829	-0.19016783849251745
0.7878787878787878	-0.19294506811505052
0.7929292929292929	-0.19422358127795178
0.7828282828282829	-0.19016783849251745
0.7727272727272727	-0.18718944247210575
0.7777777777777778	-0.1896616532560199
0.7828282828282829	-0.19016783849251745
0.7878787878787878	-0.19294506811505052
0.7878787878787878	-0.19294506811505052
0.7929292929292929	-0.19422358127795178
0.7828282828282829	-0.19016783849251745
0.7878787878787878	-0.19294506811505052
0.7777777777777778	-0.1896616532560199
0.7878787878787878	-0.19294506811505052
0.7777777777777778	-0.1896616532560199
0.7828282828282829	-0.19016783849251745
0.7878787878787878	-0.19294506811505052
0.7878787878787878	-0.19294506811505052
0.7727272727272727	-0.18718944247210575
0.7878787878787878	-0.19294506811505052
0.7777777777777778	-0.1896616532560199
0.7878787878787878	-0.19294506811505052
0.7878787878787878	-0.19294506811505052
0.7828282828282829	-0.19016783849251745
0.7828282828282829	-0.19016783849251745
0.7777777777777778	-0.1896616532560199
0.7878787878787878	-0.19294506811505052
0.7777777777777778	-0.1896616532560199
0.7878787878787878	-0.19294506811505052
0.7777777777777778	-0.1896616532560199
0.7878787878787878	-0.19294506811505052
0.7878787878787878	-0.19294506811505052
0.7777777777777778	-0.1896616532560199
0.7828282828282829	-0.19016783849251745
0.7878787878787878	-0.19294506811505052
0.7878787878787878	-0.19294506811505052
0.7878787878787878	-0.19294506811505052
0.7777777777777778	-0.1896616532560199
0.7777777777777778	-0.1896616532560199
0.7878787878787878	-0.19294506811505052
0.7777777777777778	-0.1896616532560199
0.7878787878787878	-0.19294506811505052
0.7828282828282829	-0.19016783849251745
0.7878787878787878	-0.19294506811505052
0.7878787878787878	-0.19294506811505052
0.7878787878787878	-0.19294506811505052
0.7929292929292929	-0.19422358127795178
0.7828282828282829	-0.19016783849251745
0.7878787878787878	-0.19294506811505052
0.7777777777777778	-0.1896616532560199
0.7828282828282829	-0.19016783849251745
0.7929292929292929	-0.19422358127795178
0.7777777777777778	-0.1896616532560199
0.7727272727272727	-0.18718944247210575
0.7878787878787878	-0.19294506811505052
0.7878787878787878	-0.19294506811505052
0.7828282828282829	-0.19016783849251745
0.7878787878787878	-0.19294506811505052
0.7828282828282829	-0.19016783849251745
0.7929292929292929	-0.19422358127795178
0.7828282828282829	-0.19016783849251745
0.7828282828282829	-0.19016783849251745
0.7727272727272727	-0.18718944247210575
