0.7878787878787878	-0.21242421846327553
0.7575757575757576	-0.19775064255934235
0.7828282828282829	-0.20570286425563408
0.7777777777777778	-0.2033037044956718
0.7727272727272727	-0.19881138142875
0.7676767676767676	-0.19780347586738073
0.7777777777777778	-0.2033037044956718
0.7777777777777778	-0.2033037044956718
0.7727272727272727	-0.19881138142875
0.7727272727272727	-0.19881138142875
0.7727272727272727	-0.19881138142875
0.7727272727272727	-0.19881138142875
0.7727272727272727	-0.19881138142875
0.7777777777777778	-0.2033037044956718
0.7676767676767676	-0.19780347586738073
0.7676767676767676	-0.19780347586738073
0.7777777777777778	-0.2033037044956718
0.7727272727272727	-0.19881138142875
0.7676767676767676	-0.19780347586738073
0.7676767676767676	-0.19780347586738073
0.7676767676767676	-0.19780347586738073
0.7727272727272727	-0.19881138142875
0.7727272727272727	-0.19881138142875
0.7727272727272727	-0.19881138142875
0.7878787878787878	-0.21242421846327553
0.7777777777777778	-0.2033037044956718
0.7676767676767676	-0.19780347586738073
0.7777777777777778	-0.2033037044956718
0.7828282828282829	-0.20570286425563408
0.7727272727272727	-0.19881138142875
0.7777777777777778	-0.2033037044956718
0.7727272727272727	-0.19881138142875
0.7676767676767676	-0.19780347586738073
0.7727272727272727	-0.19881138142875
0.7727272727272727	-0.19881138142875
0.7676767676767676	-0.19780347586738073
0.7777777777777778	-0.2033037044956718
0.7727272727272727	-0.19881138142875
0.7777777777777778	-0.2033037044956718
0.7727272727272727	-0.19881138142875
0.7777777777777778	-0.2033037044956718
0.7777777777777778	-0.2033037044956718
0.7575757575757576	-0.19775064255934235
0.7777777777777778	-0.2033037044956718
0.7727272727272727	-0.19881138142875
0.7777777777777778	-0.2033037044956718
0.7727272727272727	-0.19881138142875
0.7727272727272727	-0.19881138142875
0.7777777777777778	-0.2033037044956718
0.7777777777777778	-0.2033037044956718
0.7727272727272727	-0.19881138142875
0.7727272727272727	-0.19881138142875
0.7727272727272727	-0.19881138142875
0.7727272727272727	-0.19881138142875
0.7777777777777778	-0.2033037044956718
0.7676767676767676	-0.19780347586738073
0.7676767676767676	-0.19780347586738073
0.7727272727272727	-0.19881138142875
0.7676767676767676	-0.19780347586738073
0.7777777777777778	-0.2033037044956718
0.7727272727272727	-0.19881138142875
0.7777777777777778	-0.2033037044956718
0.7777777777777778	-0.2033037044956718
0.7676767676767676	-0.19780347586738073
0.7676767676767676	-0.19780347586738073
0.7727272727272727	-0.19881138142875
0.7727272727272727	-0.19881138142875
0.7727272727272727	-0.19881138142875
0.7777777777777778	-0.2033037044956718
0.7727272727272727	-0.19881138142875
0.7727272727272727	-0.19881138142875
0.7727272727272727	-0.19881138142875
0.7727272727272727	-0.19881138142875
0.7727272727272727	-0.19881138142875
0.7727272727272727	-0.19881138142875
0.7727272727272727	-0.19881138142875
0.7727272727272727	-0.19881138142875
0.7676767676767676	-0.19780347586738073
0.7727272727272727	-0.19881138142875
0.7828282828282829	-0.20570286425563408
0.7727272727272727	-0.19881138142875
0.7676767676767676	-0.19780347586738073
0.7727272727272727	-0.19881138142875
0.7878787878787878	-0.21242421846327553
0.7777777777777778	-0.2033037044956718
0.7777777777777778	-0.2033037044956718
0.7727272727272727	-0.19881138142875
0.7676767676767676	-0.19780347586738073
0.7727272727272727	-0.19881138142875
0.7727272727272727	-0.19881138142875
0.7727272727272727	-0.19881138142875
0.7777777777777778	-0.2033037044956718
0.7727272727272727	-0.19881138142875
0.7777777777777778	-0.2033037044956718
0.7676767676767676	-0.19780347586738073
0.7727272727272727	-0.19881138142875
0.7777777777777778	-0.2033037044956718
0.7727272727272727	-0.19881138142875
0.7727272727272727	-0.19881138142875
0.7727272727272727	-0.19881138142875
0.7727272727272727	-0.19881138142875
0.7777777777777778	-0.2033037044956718
0.7727272727272727	-0.19881138142875
0.7676767676767676	-0.19780347586738073
0.7727272727272727	-0.19881138142875
0.7676767676767676	-0.19780347586738073
0.7727272727272727	-0.19881138142875
0.7575757575757576	-0.19775064255934235
0.7727272727272727	-0.19881138142875
0.7727272727272727	-0.19881138142875
0.7727272727272727	-0.19881138142875
0.7727272727272727	-0.19881138142875
0.7777777777777778	-0.2033037044956718
0.7676767676767676	-0.19780347586738073
0.7676767676767676	-0.19780347586738073
0.7727272727272727	-0.19881138142875
0.7777777777777778	-0.2033037044956718
0.7777777777777778	-0.2033037044956718
0.7727272727272727	-0.19881138142875
0.7727272727272727	-0.19881138142875
0.7727272727272727	-0.19881138142875
0.7727272727272727	-0.19881138142875
0.7727272727272727	-0.19881138142875
0.7676767676767676	-0.19780347586738073
0.7777777777777778	-0.2033037044956718
0.7777777777777778	-0.2033037044956718
0.7777777777777778	-0.2033037044956718
0.7777777777777778	-0.2033037044956718
0.7727272727272727	-0.19881138142875
0.7676767676767676	-0.19780347586738073
0.7828282828282829	-0.20570286425563408
0.7727272727272727	-0.19881138142875
0.7727272727272727	-0.19881138142875
0.7727272727272727	-0.19881138142875
0.7777777777777778	-0.2033037044956718
0.7777777777777778	-0.2033037044956718
0.7777777777777778	-0.2033037044956718
0.7676767676767676	-0.19780347586738073
0.7575757575757576	-0.19775064255934235
0.7777777777777778	-0.2033037044956718
0.7676767676767676	-0.19780347586738073
0.7777777777777778	-0.2033037044956718
0.7676767676767676	-0.19780347586738073
0.7727272727272727	-0.19881138142875
0.7727272727272727	-0.19881138142875
0.7727272727272727	-0.19881138142875
0.7727272727272727	-0.19881138142875
0.7777777777777778	-0.2033037044956718
0.7777777777777778	-0.2033037044956718
0.7727272727272727	-0.19881138142875
0.7676767676767676	-0.19780347586738073
0.7676767676767676	-0.19780347586738073
0.7878787878787878	-0.21242421846327553
0.7575757575757576	-0.19775064255934235
0.7777777777777778	-0.2033037044956718
0.7727272727272727	-0.19881138142875
0.7676767676767676	-0.19780347586738073
0.7727272727272727	-0.19881138142875
0.7727272727272727	-0.19881138142875
0.7575757575757576	-0.19775064255934235
0.7676767676767676	-0.19780347586738073
0.7777777777777778	-0.2033037044956718
0.7727272727272727	-0.19881138142875
0.7727272727272727	-0.19881138142875
0.7727272727272727	-0.19881138142875
0.7727272727272727	-0.19881138142875
0.7727272727272727	-0.19881138142875
0.7878787878787878	-0.21242421846327553
0.7676767676767676	-0.19780347586738073
0.7575757575757576	-0.19775064255934235
0.7676767676767676	-0.19780347586738073
0.7727272727272727	-0.19881138142875
0.7777777777777778	-0.2033037044956718
0.7777777777777778	-0.2033037044956718
0.7676767676767676	-0.19780347586738073
0.7727272727272727	-0.19881138142875
0.7727272727272727	-0.19881138142875
0.7727272727272727	-0.19881138142875
0.7676767676767676	-0.19780347586738073
0.7727272727272727	-0.19881138142875
0.7676767676767676	-0.19780347586738073
0.7727272727272727	-0.19881138142875
0.7777777777777778	-0.2033037044956718
0.7727272727272727	-0.19881138142875
0.7727272727272727	-0.19881138142875
0.7727272727272727	-0.19881138142875
0.7727272727272727	-0.19881138142875
0.7727272727272727	-0.19881138142875
0.7727272727272727	-0.19881138142875
0.7878787878787878	-0.21242421846327553
0.7727272727272727	-0.19881138142875
0.7676767676767676	-0.19780347586738073
0.7727272727272727	-0.19881138142875
0.7727272727272727	-0.19881138142875
0.7727272727272727	-0.19881138142875
0.7777777777777778	-0.2033037044956718
0.7777777777777778	-0.2033037044956718
0.7727272727272727	-0.19881138142875
0.7727272727272727	-0.19881138142875
0.7727272727272727	-0.19881138142875
