0.797979797979798	-0.20339520551912302
0.7676767676767676	-0.18006147700636327
0.7929292929292929	-0.19509127316334848
0.7878787878787878	-0.18345949175836562
0.7828282828282829	-0.18193688455020385
0.7727272727272727	-0.18098546679911484
0.7777777777777778	-0.18137968018100445
0.7676767676767676	-0.18006147700636327
0.7727272727272727	-0.18098546679911484
0.7676767676767676	-0.18006147700636327
0.7676767676767676	-0.18006147700636327
0.7676767676767676	-0.18006147700636327
0.7676767676767676	-0.18006147700636327
0.7727272727272727	-0.18098546679911484
0.7777777777777778	-0.18137968018100445
0.7727272727272727	-0.18098546679911484
0.7676767676767676	-0.18006147700636327
0.7828282828282829	-0.18193688455020385
0.7777777777777778	-0.18137968018100445
0.7727272727272727	-0.18098546679911484
0.7828282828282829	-0.18193688455020385
0.7777777777777778	-0.18137968018100445
0.7777777777777778	-0.18137968018100445
0.7676767676767676	-0.18006147700636327
0.7676767676767676	-0.18006147700636327
0.7828282828282829	-0.18193688455020385
0.7777777777777778	-0.18137968018100445
0.7676767676767676	-0.18006147700636327
0.7676767676767676	-0.18006147700636327
0.7828282828282829	-0.18193688455020385
0.7777777777777778	-0.18137968018100445
0.7777777777777778	-0.18137968018100445
0.7777777777777778	-0.18137968018100445
0.7676767676767676	-0.18006147700636327
0.7676767676767676	-0.18006147700636327
0.7727272727272727	-0.18098546679911484
0.7727272727272727	-0.18098546679911484
0.7676767676767676	-0.18006147700636327
0.7676767676767676	-0.18006147700636327
0.7727272727272727	-0.18098546679911484
0.7676767676767676	-0.18006147700636327
0.7777777777777778	-0.18137968018100445
0.7777777777777778	-0.18137968018100445
0.7676767676767676	-0.18006147700636327
0.7676767676767676	-0.18006147700636327
0.7676767676767676	-0.18006147700636327
0.7777777777777778	-0.18137968018100445
0.7828282828282829	-0.18193688455020385
0.7828282828282829	-0.18193688455020385
0.7676767676767676	-0.18006147700636327
0.7676767676767676	-0.18006147700636327
0.7676767676767676	-0.18006147700636327
0.7777777777777778	-0.18137968018100445
0.7777777777777778	-0.18137968018100445
0.7676767676767676	-0.18006147700636327
0.7777777777777778	-0.18137968018100445
0.7676767676767676	-0.18006147700636327
0.7777777777777778	-0.18137968018100445
0.7676767676767676	-0.18006147700636327
0.7727272727272727	-0.18098546679911484
0.7777777777777778	-0.18137968018100445
0.7676767676767676	-0.18006147700636327
0.7676767676767676	-0.18006147700636327
0.7777777777777778	-0.18137968018100445
0.7777777777777778	-0.18137968018100445
0.7828282828282829	-0.18193688455020385
0.7777777777777778	-0.18137968018100445
0.7727272727272727	-0.18098546679911484
0.7777777777777778	-0.18137968018100445
0.7777777777777778	-0.18137968018100445
0.7676767676767676	-0.18006147700636327
0.7727272727272727	-0.18098546679911484
0.7727272727272727	-0.18098546679911484
0.7676767676767676	-0.18006147700636327
0.7676767676767676	-0.18006147700636327
0.7676767676767676	-0.18006147700636327
0.7676767676767676	-0.18006147700636327
0.7676767676767676	-0.18006147700636327
0.7676767676767676	-0.18006147700636327
0.7777777777777778	-0.18137968018100445
0.7727272727272727	-0.18098546679911484
0.7777777777777778	-0.18137968018100445
0.7777777777777778	-0.18137968018100445
0.7676767676767676	-0.18006147700636327
0.7676767676767676	-0.18006147700636327
0.7777777777777778	-0.18137968018100445
0.7676767676767676	-0.18006147700636327
0.7676767676767676	-0.18006147700636327
0.7676767676767676	-0.18006147700636327
0.7727272727272727	-0.18098546679911484
0.7777777777777778	-0.18137968018100445
0.7676767676767676	-0.18006147700636327
0.7777777777777778	-0.18137968018100445
0.7828282828282829	-0.18193688455020385
0.7727272727272727	-0.18098546679911484
0.7676767676767676	-0.18006147700636327
0.7676767676767676	-0.18006147700636327
0.7676767676767676	-0.18006147700636327
0.7676767676767676	-0.18006147700636327
0.7777777777777778	-0.18137968018100445
0.7777777777777778	-0.18137968018100445
0.7676767676767676	-0.18006147700636327
0.7676767676767676	-0.18006147700636327
0.7777777777777778	-0.18137968018100445
0.7727272727272727	-0.18098546679911484
0.7676767676767676	-0.18006147700636327
0.7676767676767676	-0.18006147700636327
0.7676767676767676	-0.18006147700636327
0.7727272727272727	-0.18098546679911484
0.7676767676767676	-0.18006147700636327
0.7777777777777778	-0.18137968018100445
0.7727272727272727	-0.18098546679911484
0.7727272727272727	-0.18098546679911484
0.7676767676767676	-0.18006147700636327
0.7676767676767676	-0.18006147700636327
0.7676767676767676	-0.18006147700636327
0.7777777777777778	-0.18137968018100445
0.7676767676767676	-0.18006147700636327
0.7676767676767676	-0.18006147700636327
0.7676767676767676	-0.18006147700636327
0.7727272727272727	-0.18098546679911484
0.7676767676767676	-0.18006147700636327
0.7727272727272727	-0.18098546679911484
0.7828282828282829	-0.18193688455020385
0.7929292929292929	-0.19509127316334848
0.7676767676767676	-0.18006147700636327
0.7676767676767676	-0.18006147700636327
0.7676767676767676	-0.18006147700636327
0.7727272727272727	-0.18098546679911484
0.7676767676767676	-0.18006147700636327
0.7777777777777778	-0.18137968018100445
0.7727272727272727	-0.18098546679911484
0.7777777777777778	-0.18137968018100445
0.7777777777777778	-0.18137968018100445
0.7777777777777778	-0.18137968018100445
0.7777777777777778	-0.18137968018100445
0.7777777777777778	-0.18137968018100445
0.7676767676767676	-0.18006147700636327
0.7727272727272727	-0.18098546679911484
0.7777777777777778	-0.18137968018100445
0.7676767676767676	-0.18006147700636327
0.7676767676767676	-0.18006147700636327
0.7727272727272727	-0.18098546679911484
0.7676767676767676	-0.18006147700636327
0.7676767676767676	-0.18006147700636327
0.7676767676767676	-0.18006147700636327
0.7676767676767676	-0.18006147700636327
0.7676767676767676	-0.18006147700636327
0.7727272727272727	-0.18098546679911484
0.7676767676767676	-0.18006147700636327
0.7676767676767676	-0.18006147700636327
0.7777777777777778	-0.18137968018100445
0.7777777777777778	-0.18137968018100445
0.7676767676767676	-0.18006147700636327
0.7676767676767676	-0.18006147700636327
0.7727272727272727	-0.18098546679911484
0.7777777777777778	-0.18137968018100445
0.7676767676767676	-0.18006147700636327
0.7676767676767676	-0.18006147700636327
0.7676767676767676	-0.18006147700636327
0.7676767676767676	-0.18006147700636327
0.7878787878787878	-0.18345949175836562
0.7777777777777778	-0.18137968018100445
0.7676767676767676	-0.18006147700636327
0.7676767676767676	-0.18006147700636327
0.7676767676767676	-0.18006147700636327
0.7828282828282829	-0.18193688455020385
0.7777777777777778	-0.18137968018100445
0.7777777777777778	-0.18137968018100445
0.7676767676767676	-0.18006147700636327
0.7676767676767676	-0.18006147700636327
0.7676767676767676	-0.18006147700636327
0.7777777777777778	-0.18137968018100445
0.7676767676767676	-0.18006147700636327
0.7676767676767676	-0.18006147700636327
0.7777777777777778	-0.18137968018100445
0.7777777777777778	-0.18137968018100445
0.7676767676767676	-0.18006147700636327
0.7777777777777778	-0.18137968018100445
0.7727272727272727	-0.18098546679911484
0.7727272727272727	-0.18098546679911484
0.7727272727272727	-0.18098546679911484
0.7727272727272727	-0.18098546679911484
0.7777777777777778	-0.18137968018100445
0.7676767676767676	-0.18006147700636327
0.7777777777777778	-0.18137968018100445
0.7676767676767676	-0.18006147700636327
0.7676767676767676	-0.18006147700636327
0.7676767676767676	-0.18006147700636327
0.7676767676767676	-0.18006147700636327
0.7676767676767676	-0.18006147700636327
0.7676767676767676	-0.18006147700636327
0.7676767676767676	-0.18006147700636327
0.7828282828282829	-0.18193688455020385
0.7727272727272727	-0.18098546679911484
0.7676767676767676	-0.18006147700636327
0.7777777777777778	-0.18137968018100445
0.7676767676767676	-0.18006147700636327
0.7777777777777778	-0.18137968018100445
0.7727272727272727	-0.18098546679911484
