1.3323786413260312
1.7932698898241852
1.8407635481660063
1.8407717099031977
1.8466383896933418
1.8466383896933418
1.8466383896933418
1.8503771076396185
1.8551274840660297
1.8551274840660297
1.8551274840660297
1.8551274840660297
1.8551274840660297
1.8598832489817276
1.8646195620520984
1.8646268381052267
1.8646268381052267
1.8646268381052267
1.8646268381052267
1.8646268381052267
1.864677743002546
1.864677743002546
1.864677743002546
1.864677743002546
1.864677743002546
1.3323786413260312
1.689121404488297
1.768500240020296
1.808384549508959
1.810488466239634
1.810488466239634
1.8165322283059004
1.8180069235064296
1.8218143985215065
1.8218446029023319
1.8219048870037102
1.8219048870037102
1.8219048870037102
1.8219048870037102
1.8219048870037102
1.8219048870037102
1.8219048870037102
1.8219079066902124
1.8244005165175234
1.830226666245157
1.8349859642586135
1.8349859642586135
1.8349859642586135
1.8349859642586135
1.8406315171378629
