1.3323786413260312
1.7932698898241852
1.8407635481660063
1.8407717099031977
1.8466383896933418
1.8466383896933418
1.8466383896933418
1.8503771076396185
1.8551274840660297
1.8551274840660297
1.8551274840660297
1.8551274840660297
1.8551274840660297
1.8598832489817276
1.8646195620520984
1.8646268381052267
1.8646268381052267
1.8646268381052267
1.8646268381052267
1.8646268381052267
1.864677743002546
1.864677743002546
1.864677743002546
1.864677743002546
1.864677743002546
1.3323786413260312
1.689121404488297
1.768500240020296
1.808384549508959
1.810488466239634
1.810488466239634
1.8165322283059004
1.8180069235064296
1.8218143985215065
1.8218446029023319
1.8219048870037102
1.8219048870037102
1.8219048870037102
1.8219048870037102
1.8219048870037102
1.8219048870037102
1.8219048870037102
1.8219079066902124
1.8244005165175234
1.830226666245157
1.8349859642586135
1.8349859642586135
1.8349859642586135
1.8349859642586135
1.8406315171378629
1.3323786413260312
1.6122520411172563
1.678523825096971
1.7476171632003512
1.7954559722660521
1.8002800146252538
1.8157254352104342
1.8157434356887145
1.816319778140656
1.816319778140656
1.8210711866120342
1.8305941292268102
1.8474833842503742
1.8474887436062175
1.8474887436062175
1.8474887436062175
1.8475147554061835
1.8475147554061835
1.8475147554061835
1.8475147554061835
1.8475722062036088
1.850173356169726
1.850173356169726
1.853019291792415
1.853032460171324
1.3323786413260312
1.6951409705716527
1.7778809878364377
1.815469682683608
1.8447295749390829
1.8489672391440637
1.8542075052315585
1.8542075052315585
1.8542262348397633
1.8542262348397633
1.8542262348397633
1.8542262348397633
1.8542417668627327
1.8550822159702103
1.855095167043965
1.855095167043965
1.855095167043965
1.855095167043965
1.855095167043965
1.855095167043965
1.855095167043965
1.855095167043965
1.855095167043965
1.856793506312275
1.856793506312275
1.3323786413260312
1.6438462238400062
1.7412389284668337
1.8112869512596799
1.8810964189626571
1.88114796373256
1.8859605796658412
1.8859694087501968
1.891097545502906
1.8957953866627837
1.8988207817414473
1.9055341174080753
1.909409099351158
1.909409099351158
1.9094120936976657
1.9094120936976657
1.909415872952328
1.909415872952328
1.9094399289229165
1.9094399289229165
1.9094399289229165
1.9094399289229165
1.9094399289229165
1.9094399289229165
1.9094399289229165
1.3323786413260312
1.600610428519587
1.6913116903471315
1.7115232977494848
1.7740514967917065
1.7843648288331913
1.7854724854153388
1.7913060442284419
1.8057072007468915
1.805741899397288
1.8111735560642184
1.8325968741407852
1.84629744272127
1.864669835473893
1.88267506637986
1.8876148639833255
1.8925365942377947
1.9058086894948951
1.9058086894948951
1.9058086894948951
1.9058086894948951
1.9058086894948951
1.9078184390899326
1.9078230879106362
1.9078230879106362
1.3323786413260312
1.6347383341863213
1.7499964179198053
1.7845688988664141
1.8365058462786685
1.855030051195853
1.86000343441844
1.8725523757662466
1.8725523757662466
1.8729856490226784
1.8729856490226784
1.8729856490226784
1.8729856490226784
1.890068774762323
1.8942838307693786
1.8942978529490968
1.8991823093071345
1.8991823093071345
1.9040098649874504
1.9040165909208753
1.908933539605451
1.9173765782382337
1.9173876053851238
1.9173876053851238
1.9173876053851238
1.3323786413260312
1.650749812596183
1.805972997731558
1.871316644299028
1.8789295908789043
1.8970089553941727
1.9018612605015461
1.9093615980514005
1.9093956406593555
1.9094013184297915
1.9094013184297915
1.9094043127762992
1.9094080920309615
1.9094080920309615
1.9094080920309615
1.9094080920309615
1.9094080920309615
1.9094080920309615
1.9094080920309615
1.9094080920309615
1.9094080920309615
1.9094080920309615
1.9094080920309615
1.9094080920309615
1.9094080920309615
1.3323786413260312
1.6113427818519979
1.7587211928217266
1.7935066978766467
1.8157961610309992
1.84673415504965
1.8490785227456399
1.8598350796558514
1.8598350796558514
1.859845773988192
1.8599118907639287
1.8599139517586283
1.8599139517586283
1.8599235801510952
1.8599235801510952
1.8599235801510952
1.8599235801510952
1.8599235801510952
1.8599235801510952
1.8599235801510952
1.8599235801510952
1.8599235801510952
1.8599235801510952
1.8599235801510952
1.8646524831957365
1.3323786413260312
1.6618850235759806
1.7026945964644282
1.7247682764012555
1.7591011325204604
1.790955169856893
1.8139837460327692
1.826150745759896
1.8309565101039376
1.8356430950239964
1.8356909006838145
1.8404731076011138
1.840516555784867
1.8502408587082948
1.8502408587082948
1.8502408587082948
1.8502408587082948
1.8502408587082948
1.8502408587082948
1.8502408587082948
1.8536630282738746
1.8536725795316225
1.8536725795316225
1.8536725795316225
1.8536725795316225
1.3323786413260312
1.6319663251465173
1.7063809339867417
1.7512580045101067
1.7884797385224476
1.8605375399823065
1.8731789847511
1.8863781848201888
1.900672324757625
1.9077796355999035
1.9078316112503964
1.9094399289229165
1.9094399289229165
1.9094399289229165
1.9094399289229165
1.9094399289229165
1.9094399289229165
1.9094399289229165
1.9094399289229165
1.9094399289229165
1.9094399289229165
1.9094399289229165
1.9094399289229165
1.9094399289229165
1.9094399289229165
1.3323786413260312
1.6627358586218957
1.722999660979647
1.7645357364882759
1.7880178583326538
1.8230328620679457
1.8329061143570837
1.832916688771356
1.8435808296067104
1.8574882337700618
1.8575148525794491
1.8589968673027766
1.8724817889511203
1.8724817889511203
1.8765963916511477
1.8780741592474464
1.8780741592474464
1.878081561416478
1.8828807302962092
1.8850489200116707
1.8850600102461132
1.8850600102461132
1.8850600102461132
1.8850600102461132
1.8850600102461132
1.3323786413260312
1.6215222301917052
1.7453987012329846
1.794377510053428
1.8085499551339277
1.8118455390596164
1.8210587403956766
1.822990659111525
1.8246011844437466
1.82926623123562
1.82926623123562
1.8292849032677865
1.8293149496494552
1.8333981690017995
1.8334005655608585
1.8334389502131767
1.8334643704235285
1.8334643704235285
1.8384950860096319
1.8386727722663607
1.8433908466014342
1.8433908466014342
1.8433909466791278
1.8434035909765423
1.8434035909765423
1.3323786413260312
1.613421621390679
1.674960050248669
1.719563036888672
1.7838093012039244
1.7911622394041993
1.7936373419691443
1.8014616712847342
1.8014616712847342
1.8014678731366647
1.801531643084577
1.813632942194283
1.813640107844904
1.823073076413112
1.8231396624441147
1.8411608918186364
1.8509231108891673
1.8509431375152383
1.8509431375152383
1.8557780538354731
1.8557780538354731
1.8605227661931902
1.8605227661931902
1.8605227661931902
1.8605227661931902
1.3323786413260312
1.6252429896406468
1.7499989464252443
1.7746421951560858
1.8043313307509632
1.8275597474167422
1.8323319437412147
1.8370883016191677
1.8371171140113207
1.8371171140113207
1.8389157795321585
1.8413219163388141
1.8413219163388141
1.8413344163388141
1.8413344163388141
1.841352538251277
1.841352538251277
1.841352538251277
1.841352538251277
1.8413685377995532
1.8461343149669414
1.8543178182092637
1.8634875033507046
1.8634934241117143
1.8645460850323103
1.3323786413260312
1.5585494144558967
1.6619433015492207
1.72189126890709
1.7713636011958602
1.8137060693463332
1.8317022757271755
1.8317639613327872
1.8429279779980077
1.8429775718421881
1.8437864472061432
1.8457854081527503
1.8460740440535603
1.84947585358375
1.8507264055547323
1.8507264055547323
1.8507264055547323
1.8507264055547323
1.8507264055547323
1.8507732906038359
1.8616681709742107
1.861691887324556
1.861691887324556
1.8713142907004654
1.871346649681521
