1.3323786413260312
1.7932698898241852
1.8407635481660063
1.8407717099031977
1.8466383896933418
1.8466383896933418
1.8466383896933418
1.8503771076396185
1.8551274840660297
1.8551274840660297
1.8551274840660297
1.8551274840660297
1.8551274840660297
1.8598832489817276
1.8646195620520984
1.8646268381052267
1.8646268381052267
1.8646268381052267
1.8646268381052267
1.8646268381052267
1.864677743002546
1.864677743002546
1.864677743002546
1.864677743002546
1.864677743002546
1.3323786413260312
1.689121404488297
1.768500240020296
1.808384549508959
1.810488466239634
1.810488466239634
1.8165322283059004
1.8180069235064296
1.8218143985215065
1.8218446029023319
1.8219048870037102
1.8219048870037102
1.8219048870037102
1.8219048870037102
1.8219048870037102
1.8219048870037102
1.8219048870037102
1.8219079066902124
1.8244005165175234
1.830226666245157
1.8349859642586135
1.8349859642586135
1.8349859642586135
1.8349859642586135
1.8406315171378629
1.3323786413260312
1.6122520411172563
1.678523825096971
1.7476171632003512
1.7954559722660521
1.8002800146252538
1.8157254352104342
1.8157434356887145
1.816319778140656
1.816319778140656
1.8210711866120342
1.8305941292268102
1.8474833842503742
1.8474887436062175
1.8474887436062175
1.8474887436062175
1.8475147554061835
1.8475147554061835
1.8475147554061835
1.8475147554061835
1.8475722062036088
1.850173356169726
1.850173356169726
1.853019291792415
1.853032460171324
1.3323786413260312
1.6951409705716527
1.7778809878364377
1.815469682683608
1.8447295749390829
1.8489672391440637
1.8542075052315585
1.8542075052315585
1.8542262348397633
1.8542262348397633
1.8542262348397633
1.8542262348397633
1.8542417668627327
1.8550822159702103
1.855095167043965
1.855095167043965
1.855095167043965
1.855095167043965
1.855095167043965
1.855095167043965
1.855095167043965
1.855095167043965
1.855095167043965
1.856793506312275
1.856793506312275
1.3323786413260312
1.6438462238400062
1.7412389284668337
1.8112869512596799
1.8810964189626571
1.88114796373256
1.8859605796658412
1.8859694087501968
1.891097545502906
1.8957953866627837
1.8988207817414473
1.9055341174080753
1.909409099351158
1.909409099351158
1.9094120936976657
1.9094120936976657
1.909415872952328
1.909415872952328
1.9094399289229165
1.9094399289229165
1.9094399289229165
1.9094399289229165
1.9094399289229165
1.9094399289229165
1.9094399289229165
