1.5300870658125032
2.0484412472336246
2.174876802709664
2.180649620375834
2.180649620375834
2.1843744045345366
2.1843744045345366
2.1843744045345366
2.1843744045345366
2.1843744045345366
2.1843744045345366
2.1843744045345366
2.1843744045345366
2.1843744045345366
2.1843744045345366
2.1843744045345366
2.1843744045345366
2.1843744045345366
2.1843744045345366
2.184389449326911
2.184389449326911
2.184389449326911
2.184389449326911
2.184389449326911
2.184389449326911
1.5300870658125032
2.047402952442212
2.111370115109795
2.1371022592618085
2.140350659843062
2.1426697921047935
2.1489879894613995
2.174869245037461
2.184389449326911
2.184389449326911
2.184389449326911
2.184389449326911
2.184389449326911
2.184389449326911
2.184389449326911
2.184389449326911
2.184389449326911
2.184389449326911
2.184389449326911
2.184389449326911
2.184389449326911
2.184389449326911
2.184389449326911
2.184389449326911
2.184389449326911
1.5300870658125032
2.0935133940194866
2.119384344590138
2.16564723644878
2.170464311369473
2.1713397748536694
2.1713397748536694
2.1713397748536694
2.1713397748536694
2.1713397748536694
2.1713397748536694
2.1713397748536694
2.1713397748536694
2.1713397748536694
2.1713397748536694
2.1713397748536694
2.1713397748536694
2.1713397748536694
2.1713397748536694
2.1713397748536694
2.1713397748536694
2.1713397748536694
2.1713397748536694
2.1713397748536694
2.1713397748536694
1.5300870658125032
2.0644757742941415
2.1332332930035416
2.1804835886291793
2.1843744045345366
2.1843744045345366
2.1843744045345366
2.1843744045345366
2.1843744045345366
2.1843744045345366
2.1843744045345366
2.1843744045345366
2.1843744045345366
2.1843744045345366
2.1843744045345366
2.1843744045345366
2.1843744045345366
2.1843744045345366
2.1843744045345366
2.1843744045345366
2.1843744045345366
2.1843744045345366
2.1843744045345366
2.1843744045345366
2.184389449326911
1.5300870658125032
2.0808240755895073
2.109108204501372
2.129985673593839
2.1704501005212147
2.1713397748536694
2.1713397748536694
2.1713397748536694
2.1713397748536694
2.1713397748536694
2.1713397748536694
2.1713397748536694
2.1713397748536694
2.1713397748536694
2.1713397748536694
2.1713397748536694
2.1713397748536694
2.1713397748536694
2.1713397748536694
2.1713397748536694
2.1713397748536694
2.1713397748536694
2.1713397748536694
2.1713397748536694
2.1713397748536694
1.5300870658125032
2.0863400178494143
2.1349995822633456
2.15564707205719
2.179638688283251
2.1796464680888468
2.1796464680888468
2.1796883180862583
2.1796883180862583
2.1796883180862583
2.1796883180862583
2.1796883180862583
2.1796883180862583
2.1796883180862583
2.1796883180862583
2.1796883180862583
2.1796883180862583
2.1796883180862583
2.1796883180862583
2.1796883180862583
2.1796883180862583
2.1796883180862583
2.1796883180862583
2.1843345448406595
2.1843345448406595
1.5300870658125032
2.0850481627488295
2.152182419782427
2.180649620375834
2.1843744045345366
2.184389449326911
2.184389449326911
2.184389449326911
2.184389449326911
2.184389449326911
2.184389449326911
2.184389449326911
2.184389449326911
2.184389449326911
2.184389449326911
2.184389449326911
2.184389449326911
2.184389449326911
2.184389449326911
2.184389449326911
2.184389449326911
2.184389449326911
2.184389449326911
2.184389449326911
2.184389449326911
1.5300870658125032
2.050368216196571
2.1427309570154316
2.174876802709664
2.180649620375834
2.1843744045345366
2.1843744045345366
2.1843744045345366
2.1843744045345366
2.184389449326911
2.184389449326911
2.184389449326911
2.184389449326911
2.184389449326911
2.184389449326911
2.184389449326911
2.184389449326911
2.184389449326911
2.184389449326911
2.184389449326911
2.184389449326911
2.184389449326911
2.184389449326911
2.184389449326911
2.184389449326911
1.5300870658125032
2.0494538918976537
2.1162412227506135
2.1216128838864963
2.1267219858808684
2.143430085720782
2.143430085720782
2.1439824139038923
2.1439824139038923
2.1461968170463663
2.1519780668489967
2.1519780668489967
2.1519780668489967
2.1519780668489967
2.1519780668489967
2.1519780668489967
2.1519780668489967
2.1519780668489967
2.1519780668489967
2.1519780668489967
2.1519780668489967
2.1519780668489967
2.1519780668489967
2.1519780668489967
2.1519780668489967
1.5300870658125032
2.075791458850031
2.1103651612585104
2.150633273244721
2.16564723644878
2.1704501005212147
2.1713397748536694
2.1713397748536694
2.1713397748536694
2.1713397748536694
2.1713397748536694
2.1713397748536694
2.1713397748536694
2.1713397748536694
2.1713397748536694
2.1713397748536694
2.1713397748536694
2.1713397748536694
2.1713397748536694
2.1713397748536694
2.1713397748536694
2.1713397748536694
2.1713397748536694
2.1713397748536694
2.1713397748536694
1.5300870658125032
2.0001121105874167
2.1350931224972496
2.138317081989055
2.174045453056559
2.174045453056559
2.174045453056559
2.174045453056559
2.1835049633576955
2.1835203819621243
2.1835203819621243
2.1835203819621243
2.1835203819621243
2.1835203819621243
2.1835203819621243
2.1835203819621243
2.1835203819621243
2.1835203819621243
2.1835203819621243
2.1835203819621243
2.1835203819621243
2.1835203819621243
2.1835203819621243
2.1835203819621243
2.1835203819621243
1.5300870658125032
2.085292091287972
2.1320541188646978
2.1414494693892707
2.141462523878111
2.149892879628745
2.1498981653069653
2.174045453056559
2.174045453056559
2.174045453056559
2.174045453056559
2.174045453056559
2.1835203819621243
2.1835203819621243
2.1835203819621243
2.1835203819621243
2.1835203819621243
2.1835203819621243
2.1835203819621243
2.1835203819621243
2.1835203819621243
2.1835203819621243
2.1835203819621243
2.1835203819621243
2.1835203819621243
1.5300870658125032
2.049266855609783
2.1192835435447943
2.1657652909558287
2.169478782180907
2.169478782180907
2.169478782180907
2.169478782180907
2.169478782180907
2.169478782180907
2.169478782180907
2.169478782180907
2.169478782180907
2.1830281086532097
2.1835203819621243
2.1835203819621243
2.1835203819621243
2.1835203819621243
2.1835203819621243
2.1835203819621243
2.1835203819621243
2.1835203819621243
2.1835203819621243
2.1835203819621243
2.1835203819621243
1.5300870658125032
2.0686027762188703
2.140885691025751
2.1615052683966787
2.1835203819621243
2.1835203819621243
2.1835203819621243
2.1835203819621243
2.1835203819621243
2.1835203819621243
2.1835203819621243
2.1835203819621243
2.1835203819621243
2.1835203819621243
2.1835203819621243
2.1835203819621243
2.1835203819621243
2.1835203819621243
2.1835203819621243
2.1835203819621243
2.1835203819621243
2.1835203819621243
2.1835203819621243
2.1835203819621243
2.1835203819621243
1.5300870658125032
2.0365551593591302
2.114689495560815
2.129812118843301
2.1418431758762417
2.1461968170463663
2.1461968170463663
2.1519780668489967
2.1519780668489967
2.1519780668489967
2.1519780668489967
2.1519780668489967
2.1519780668489967
2.1613151738208503
2.161490824743128
2.1709056607992037
2.1709056607992037
2.1709056607992037
2.1709056607992037
2.183934863999801
2.184389449326911
2.184389449326911
2.184389449326911
2.184389449326911
2.184389449326911
1.5300870658125032
2.079852848762581
2.133919640750197
2.143245502128205
2.16564723644878
2.1659498988509593
2.1683097938757028
2.1843744045345366
2.1843744045345366
2.1843744045345366
2.1843744045345366
2.1843744045345366
2.1843744045345366
2.1843744045345366
2.1843744045345366
2.1843744045345366
2.1843744045345366
2.1843744045345366
2.1843744045345366
2.1843744045345366
2.1843744045345366
2.1843744045345366
2.1843744045345366
2.1843744045345366
2.1843744045345366
1.5300870658125032
2.079322341224506
2.111814748919237
2.1223884841993725
2.1427460018078057
2.1521873206536166
2.1521873206536166
2.1521873206536166
2.1713397748536694
2.1713397748536694
2.1713397748536694
2.1713397748536694
2.1713397748536694
2.1713397748536694
2.1806342017714053
2.1806342017714053
2.180649620375834
2.180649620375834
2.180649620375834
2.180649620375834
2.180649620375834
2.180649620375834
2.180649620375834
2.180649620375834
2.180649620375834
1.5300870658125032
2.0678439727652718
2.1200218390066676
2.129874090088783
2.1604056249063546
2.172599412832739
2.1843499634450882
2.1843744045345366
2.184389449326911
2.184389449326911
2.184389449326911
2.184389449326911
2.184389449326911
2.184389449326911
2.184389449326911
2.184389449326911
2.184389449326911
2.184389449326911
2.184389449326911
2.184389449326911
2.184389449326911
2.184389449326911
2.184389449326911
2.184389449326911
2.184389449326911
1.5300870658125032
2.021537915427744
2.1097531140379653
2.125747027963629
2.157418650285217
2.1713397748536694
2.1713397748536694
2.1713397748536694
2.1713397748536694
2.1713397748536694
2.1713397748536694
2.1713397748536694
2.1713397748536694
2.1713397748536694
2.1713397748536694
2.1713397748536694
2.1713397748536694
2.1713397748536694
2.1713397748536694
2.1713397748536694
2.1713397748536694
2.1713397748536694
2.1713397748536694
2.1713397748536694
2.1713397748536694
