1.5300870658125032
2.0484412472336246
2.174876802709664
2.180649620375834
2.180649620375834
2.1843744045345366
2.1843744045345366
2.1843744045345366
2.1843744045345366
2.1843744045345366
2.1843744045345366
2.1843744045345366
2.1843744045345366
2.1843744045345366
2.1843744045345366
2.1843744045345366
2.1843744045345366
2.1843744045345366
2.1843744045345366
2.184389449326911
2.184389449326911
2.184389449326911
2.184389449326911
2.184389449326911
2.184389449326911
1.5300870658125032
2.047402952442212
2.111370115109795
2.1371022592618085
2.140350659843062
2.1426697921047935
2.1489879894613995
2.174869245037461
2.184389449326911
2.184389449326911
2.184389449326911
2.184389449326911
2.184389449326911
2.184389449326911
2.184389449326911
2.184389449326911
2.184389449326911
2.184389449326911
2.184389449326911
2.184389449326911
2.184389449326911
2.184389449326911
2.184389449326911
2.184389449326911
2.184389449326911
1.5300870658125032
2.0935133940194866
2.119384344590138
2.16564723644878
2.170464311369473
2.1713397748536694
2.1713397748536694
2.1713397748536694
2.1713397748536694
2.1713397748536694
2.1713397748536694
2.1713397748536694
2.1713397748536694
2.1713397748536694
2.1713397748536694
2.1713397748536694
2.1713397748536694
2.1713397748536694
2.1713397748536694
2.1713397748536694
2.1713397748536694
2.1713397748536694
2.1713397748536694
2.1713397748536694
2.1713397748536694
