1.4693733576707046
2.041547776540119
2.1034543075008485
2.1034543075008485
2.1036211457429674
2.1036211457429674
2.112826853280851
2.112826853280851
2.112826853280851
2.112826853280851
2.112826853280851
2.112826853280851
2.112826853280851
2.112826853280851
2.112826853280851
2.112826853280851
2.112826853280851
2.112826853280851
2.112826853280851
2.112826853280851
2.112826853280851
2.112826853280851
2.112826853280851
2.112826853280851
2.112826853280851
1.4693733576707046
1.9842648695474605
2.08989166113624
2.0899909699433468
2.0899909699433468
2.0899909699433468
2.0899909699433468
2.0899909699433468
2.0899909699433468
2.0899909699433468
2.0899909699433468
2.0899909699433468
2.0899909699433468
2.0899909699433468
2.0899909699433468
2.0899909699433468
2.0899909699433468
2.0899909699433468
2.0899909699433468
2.0899909699433468
2.0899909699433468
2.0899909699433468
2.0899909699433468
2.0899909699433468
2.0899909699433468
