1.4693733576707046
2.041547776540119
2.1034543075008485
2.1034543075008485
2.1036211457429674
2.1036211457429674
2.112826853280851
2.112826853280851
2.112826853280851
2.112826853280851
2.112826853280851
2.112826853280851
2.112826853280851
2.112826853280851
2.112826853280851
2.112826853280851
2.112826853280851
2.112826853280851
2.112826853280851
2.112826853280851
2.112826853280851
2.112826853280851
2.112826853280851
2.112826853280851
2.112826853280851
1.4693733576707046
1.9842648695474605
2.08989166113624
2.0899909699433468
2.0899909699433468
2.0899909699433468
2.0899909699433468
2.0899909699433468
2.0899909699433468
2.0899909699433468
2.0899909699433468
2.0899909699433468
2.0899909699433468
2.0899909699433468
2.0899909699433468
2.0899909699433468
2.0899909699433468
2.0899909699433468
2.0899909699433468
2.0899909699433468
2.0899909699433468
2.0899909699433468
2.0899909699433468
2.0899909699433468
2.0899909699433468
1.4693733576707046
2.014708229079792
2.063485375065554
2.0713966877387717
2.0713966877387717
2.0728386351392816
2.0729579485792407
2.0793902895390364
2.0929596740003364
2.093617032471859
2.093617032471859
2.093617032471859
2.093617032471859
2.093617032471859
2.093617032471859
2.093617032471859
2.093617032471859
2.093617032471859
2.093617032471859
2.093617032471859
2.093617032471859
2.093617032471859
2.093617032471859
2.093617032471859
2.093617032471859
1.4693733576707046
2.051423532172362
2.092802374691503
2.1010298378369328
2.1010304967557407
2.1010304967557407
2.1010304967557407
2.1010304967557407
2.1010304967557407
2.1010304967557407
2.1010304967557407
2.1010304967557407
2.1010304967557407
2.1010304967557407
2.1010304967557407
2.1010304967557407
2.1010304967557407
2.1010304967557407
2.1010304967557407
2.1010304967557407
2.1010304967557407
2.1010304967557407
2.1010304967557407
2.1010304967557407
2.1010304967557407
1.4693733576707046
2.0418025709637915
2.0991352148090505
2.1074158670385232
2.1074158670385232
2.1075141533656865
2.1075141533656865
2.1075141533656865
2.1075141533656865
2.1075141533656865
2.1075141533656865
2.10757520537727
2.10757520537727
2.10757520537727
2.10757520537727
2.10757520537727
2.10757520537727
2.10757520537727
2.10757520537727
2.10757520537727
2.10757520537727
2.10757520537727
2.10757520537727
2.10757520537727
2.10757520537727
1.4693733576707046
2.0619556437223125
2.10201276285506
2.103570307605487
2.103570307605487
2.103570307605487
2.103573452776503
2.103573452776503
2.103573452776503
2.103573452776503
2.103573452776503
2.103573452776503
2.103573452776503
2.103573452776503
2.103573452776503
2.107078811674051
2.107078811674051
2.107078811674051
2.107078811674051
2.107078811674051
2.107078811674051
2.107078811674051
2.107078811674051
2.107078811674051
2.107078811674051
1.4693733576707046
2.0559550918629244
2.103570958494799
2.1036211457429674
2.1036211457429674
2.1061308123343316
2.1085855965563365
2.112826853280851
2.112826853280851
2.112826853280851
2.112826853280851
2.112826853280851
2.112826853280851
2.112826853280851
2.112826853280851
2.112826853280851
2.112826853280851
2.112826853280851
2.112826853280851
2.112826853280851
2.112826853280851
2.112826853280851
2.112826853280851
2.112826853280851
2.112826853280851
1.4693733576707046
2.0114344408745555
2.062062855058134
2.076480882872867
2.076480882872867
2.076480882872867
2.0765744514435056
2.084123797301696
2.08508318875532
2.08508318875532
2.08508318875532
2.08508318875532
2.08508318875532
2.08508318875532
2.08508318875532
2.08508318875532
2.08508318875532
2.08508318875532
2.08508318875532
2.08508318875532
2.08508318875532
2.08508318875532
2.08508318875532
2.08508318875532
2.08508318875532
