1.8375568207259012
2.2528658880386057
2.2528658880386057
2.2528658880386057
2.2528658880386057
2.2528658880386057
2.2528658880386057
2.2528658880386057
2.2528658880386057
2.2528658880386057
2.2528658880386057
2.2528658880386057
2.2528658880386057
2.2528658880386057
2.2528658880386057
2.2528658880386057
2.2528658880386057
2.2528658880386057
2.2528658880386057
2.2528658880386057
2.2528658880386057
2.2528658880386057
2.2528658880386057
2.2528658880386057
2.2528658880386057
