1.8375568207259012
2.2528658880386057
2.2528658880386057
2.2528658880386057
2.2528658880386057
2.2528658880386057
2.2528658880386057
2.2528658880386057
2.2528658880386057
2.2528658880386057
2.2528658880386057
2.2528658880386057
2.2528658880386057
2.2528658880386057
2.2528658880386057
2.2528658880386057
2.2528658880386057
2.2528658880386057
2.2528658880386057
2.2528658880386057
2.2528658880386057
2.2528658880386057
2.2528658880386057
2.2528658880386057
2.2528658880386057
1.8375568207259012
2.2996043416329623
2.2996043416329623
2.2996043416329623
2.2996043416329623
2.2996043416329623
2.2996043416329623
2.2996043416329623
2.2996043416329623
2.2996043416329623
2.2996043416329623
2.2996043416329623
2.2996043416329623
2.2996043416329623
2.2996043416329623
2.2996043416329623
2.2996043416329623
2.2996043416329623
2.2996043416329623
2.2996043416329623
2.2996043416329623
2.2996043416329623
2.2996043416329623
2.2996043416329623
2.2996043416329623
