1.8375568207259012
2.2528658880386057
2.2528658880386057
2.2528658880386057
2.2528658880386057
2.2528658880386057
2.2528658880386057
2.2528658880386057
2.2528658880386057
2.2528658880386057
2.2528658880386057
2.2528658880386057
2.2528658880386057
2.2528658880386057
2.2528658880386057
2.2528658880386057
2.2528658880386057
2.2528658880386057
2.2528658880386057
2.2528658880386057
2.2528658880386057
2.2528658880386057
2.2528658880386057
2.2528658880386057
2.2528658880386057
1.8375568207259012
2.2996043416329623
2.2996043416329623
2.2996043416329623
2.2996043416329623
2.2996043416329623
2.2996043416329623
2.2996043416329623
2.2996043416329623
2.2996043416329623
2.2996043416329623
2.2996043416329623
2.2996043416329623
2.2996043416329623
2.2996043416329623
2.2996043416329623
2.2996043416329623
2.2996043416329623
2.2996043416329623
2.2996043416329623
2.2996043416329623
2.2996043416329623
2.2996043416329623
2.2996043416329623
2.2996043416329623
1.8375568207259012
2.2996043416329623
2.354115522014729
2.3944983720223756
2.3944983720223756
2.3944983720223756
2.3944983720223756
2.3944983720223756
2.3944983720223756
2.3944983720223756
2.3944983720223756
2.3944983720223756
2.3944983720223756
2.3944983720223756
2.3944983720223756
2.3944983720223756
2.3944983720223756
2.3944983720223756
2.3944983720223756
2.3944983720223756
2.3944983720223756
2.3944983720223756
2.3944983720223756
2.3944983720223756
2.3944983720223756
1.8375568207259012
2.2600368015536705
2.2600368015536705
2.2600368015536705
2.2600368015536705
2.2600368015536705
2.2600368015536705
2.2600368015536705
2.2600368015536705
2.2600368015536705
2.2600368015536705
2.2600368015536705
2.2600368015536705
2.2600368015536705
2.2600368015536705
2.2600368015536705
2.2600368015536705
2.2600368015536705
2.2600368015536705
2.2600368015536705
2.2600368015536705
2.2600368015536705
2.2600368015536705
2.2600368015536705
2.2600368015536705
1.8375568207259012
2.2600368015536705
2.2600368015536705
2.354115522014729
2.3944983720223756
2.3944983720223756
2.3944983720223756
2.3944983720223756
2.3944983720223756
2.3944983720223756
2.3944983720223756
2.3944983720223756
2.3944983720223756
2.3944983720223756
2.3944983720223756
2.3944983720223756
2.3944983720223756
2.3944983720223756
2.3944983720223756
2.3944983720223756
2.3944983720223756
2.3944983720223756
2.3944983720223756
2.3944983720223756
2.3944983720223756
