1.3647943794817852
1.7469794018462752
1.845064470135195
1.8553616560876751
1.8768398779324924
1.8821818186082941
1.8983837739696903
1.9002295624758563
1.9002397635210788
1.9002421285402644
1.9002421285402644
1.9056374724692937
1.9056441223776857
1.9057173330996673
1.9057173330996673
1.9057173330996673
1.907506360504231
1.907506360504231
1.907506360504231
1.907506360504231
1.912909769919089
1.9129551555918125
1.9217956088998127
1.924241583882449
1.9247761665624912
1.3647943794817852
1.714169874624457
1.817512739654577
1.8521727871438924
1.8877300851861591
1.9041536562480499
1.928721715077393
1.9422360222234392
1.9556286748871254
1.961172272118195
1.9613475709550776
1.9654183876240523
1.9654183876240523
1.9654183876240523
1.9654183876240523
1.9654183876240523
1.9654183876240523
1.9675639068158988
1.9675639068158988
1.9675639068158988
1.9675639068158988
1.9675639068158988
1.9675639068158988
1.9675639068158988
1.9675639068158988
1.3647943794817852
1.650782898094977
1.8009044995461203
1.8401209535119536
1.8644562418810082
1.8726003180187374
1.8779193138664028
1.881854881109421
1.8894886021188178
1.89414530772881
1.9063362070921934
1.9116822625903425
1.9231800922953488
1.9231999971279032
1.9232380824832176
1.92324804612265
1.92325686173272
1.92325686173272
1.92325686173272
1.92325686173272
1.92325686173272
1.9261938596221104
1.9261938596221104
1.9261938596221104
1.9261938596221104
1.3647943794817852
1.72274268255121
1.8791833258333648
1.8912682486311083
1.896710256119732
1.8981594076360702
1.8981594076360702
1.9049357361829269
1.9264775108497791
1.939854163843397
1.939854163843397
1.9497293565636502
1.9514288891045684
1.9569247022240326
1.9569328708199119
1.9624702006360937
1.966931489736153
1.9687092906248806
1.9697433055272389
1.9710320279887301
1.9749918571955338
1.9749918571955338
1.9749918571955338
1.9749918571955338
1.9749918571955338
1.3647943794817852
1.600848962884603
1.8065192956449518
1.849943812538589
1.9099885403533987
1.9306788276896043
1.9306788276896043
1.9306831870698502
1.9339533225297258
1.9339533225297258
1.9339533225297258
1.9339533225297258
1.9339533225297258
1.9339533225297258
1.9339533225297258
1.9339533225297258
1.9339533225297258
1.9339533225297258
1.9339533225297258
1.9339533225297258
1.9339533225297258
1.9339533225297258
1.9339533225297258
1.9339533225297258
1.9339533225297258
1.3647943794817852
1.7679454711949851
1.8510875359204773
1.8832973222444984
1.8888063677540416
1.9216669162006847
1.984203559914983
1.984203559914983
1.984203559914983
1.984204330481882
1.984204330481882
1.984204330481882
1.984204330481882
1.984204330481882
1.984204330481882
1.984204330481882
1.984204330481882
1.984204330481882
1.984204330481882
1.984204330481882
1.984204330481882
1.984204330481882
1.984204330481882
1.984204330481882
1.984204330481882
1.3647943794817852
1.634763042427487
1.831377776865882
1.8995054282349082
1.9096434537694196
1.9096434537694196
1.9145048536790843
1.9153169918285846
1.92168280380934
1.9216845654331969
1.921704573145447
1.921704573145447
1.921704573145447
1.9217162450902476
1.9217162450902476
1.9217162450902476
1.9280492536586884
1.9280539849708187
1.9280539849708187
1.9280539849708187
1.9280539849708187
1.9280539849708187
1.9280539849708187
1.9280539849708187
1.9280539849708187
1.3647943794817852
1.6627606226097187
1.8367847620733746
1.9035851603471619
1.9268780808332302
1.9323588016398754
1.9407583648702846
1.9588560094287844
1.9588560094287844
1.9588560094287844
1.9619134961069815
1.9619134961069815
1.964507209641898
1.964507209641898
1.964507209641898
1.964507209641898
1.964507209641898
1.964507209641898
1.964507209641898
1.964507209641898
1.964507209641898
1.964507209641898
1.964507209641898
1.964507209641898
1.964507209641898
1.3647943794817852
1.6132592344042247
1.7275699098777735
1.8200924615612504
1.8923417238806453
1.9073107381917436
1.9073107381917436
1.9207983490210496
1.9262097605901105
1.9262097605901105
1.9262097605901105
1.9262097605901105
1.9262097605901105
1.9262097605901105
1.9262097605901105
1.9262097605901105
1.9262097605901105
1.9262097605901105
1.9262097605901105
1.9262097605901105
1.9262097605901105
1.9262097605901105
1.9262097605901105
1.9262097605901105
1.9262097605901105
1.3647943794817852
1.695555163112811
1.8616409722193348
1.8843000426985248
1.8993692816035999
1.91017945066537
1.9153061371091724
1.9207086560296056
1.9207230636517167
1.9254148280341563
1.9362694461681045
1.9384328098731214
1.9467856349705162
1.9467856349705162
1.95087473072113
1.950919053828917
1.9542306810974628
1.9629931752394403
1.9629931752394403
1.9629931752394403
1.9629931752394403
1.9629931752394403
1.9629931752394403
1.9629931752394403
1.9629931752394403
1.3647943794817852
1.630959839917836
1.8018356918854659
1.857563266994551
1.8818764941420243
1.8888075522268928
1.8941740838069878
1.8941811255460563
1.8941811255460563
1.8946318906908899
1.8946318906908899
1.8946318906908899
1.9007383274448282
1.9007383274448282
1.9007383274448282
1.9007383274448282
1.9007383274448282
1.9007383274448282
1.9007383274448282
1.9023059568637088
1.9023059568637088
1.9023059568637088
1.9023059568637088
1.9023059568637088
1.9023059568637088
1.3647943794817852
1.6910868342975898
1.8326814296575644
1.9223148271630799
1.9255277115669645
1.9255277115669645
1.9255277115669645
1.9255277115669645
1.9295334662264594
1.9389825215583296
1.9389825215583296
1.942771688009246
1.948986549114448
1.9549929125862893
1.9549929125862893
1.9582230647223053
1.9582230647223053
1.9582230647223053
1.9664758378400995
1.9664758378400995
1.9664758378400995
1.9664758378400995
1.9664758378400995
1.9664758378400995
1.9664758378400995
1.3647943794817852
1.751118043607689
1.8946310168933373
1.9156756516672677
1.9160033716256661
1.9206792577083278
1.926612301354544
1.9266148123727485
1.9266148123727485
1.9266421749946558
1.9266421749946558
1.9316033519257794
1.9351292673880842
1.9465332060850737
1.9465332060850737
1.9465332060850737
1.9465332060850737
1.9465332060850737
1.9500091849057053
1.9500717507070586
1.9693585097339805
1.974896492506698
1.975726214215221
1.975730766108636
1.984203559914983
1.3647943794817852
1.666448888796926
1.8764455924467076
1.9001440339926372
1.9296343813296664
1.9387716858971318
1.9430106489873142
1.9443768747777115
1.9563287456450011
1.9563322477201635
1.9563322477201635
1.9563322477201635
1.9707598664435348
1.9707598664435348
1.9707735090293264
1.9707890646808002
1.9707890646808002
1.9707928472810754
1.9707996630872784
1.9707996630872784
1.9707996630872784
1.9707996630872784
1.9707996630872784
1.9707996630872784
1.9707996630872784
1.3647943794817852
1.6347395179658752
1.7019342289445496
1.772829568932649
1.7983393017252252
1.842808816523102
1.8539472410185927
1.8664070419304268
1.8964920902925924
1.8965682821757721
1.9035351574071977
1.9262097605901105
1.9262097605901105
1.9262097605901105
1.9262097605901105
1.9262097605901105
1.9262097605901105
1.9262097605901105
1.9262097605901105
1.9262097605901105
1.9262097605901105
1.9262097605901105
1.9262097605901105
1.9262097605901105
1.9262097605901105
1.3647943794817852
1.7195536144942625
1.83362537490102
1.849579639968513
1.8623743056459812
1.87861389268081
1.8944803100835355
1.9115888312176987
1.9116506468504841
1.9116506468504841
1.9116506468504841
1.9116961077884682
1.9116961077884682
1.9116961077884682
1.9116961077884682
1.9117487408225673
1.9117487408225673
1.9117487408225673
1.9117487408225673
1.9117487408225673
1.9117487408225673
1.9117487408225673
1.9117487408225673
1.9117487408225673
1.9117487408225673
