1.3647943794817852
1.7469794018462752
1.845064470135195
1.8553616560876751
1.8768398779324924
1.8821818186082941
1.8983837739696903
1.9002295624758563
1.9002397635210788
1.9002421285402644
1.9002421285402644
1.9056374724692937
1.9056441223776857
1.9057173330996673
1.9057173330996673
1.9057173330996673
1.907506360504231
1.907506360504231
1.907506360504231
1.907506360504231
1.912909769919089
1.9129551555918125
1.9217956088998127
1.924241583882449
1.9247761665624912
1.3647943794817852
1.714169874624457
1.817512739654577
1.8521727871438924
1.8877300851861591
1.9041536562480499
1.928721715077393
1.9422360222234392
1.9556286748871254
1.961172272118195
1.9613475709550776
1.9654183876240523
1.9654183876240523
1.9654183876240523
1.9654183876240523
1.9654183876240523
1.9654183876240523
1.9675639068158988
1.9675639068158988
1.9675639068158988
1.9675639068158988
1.9675639068158988
1.9675639068158988
1.9675639068158988
1.9675639068158988
1.3647943794817852
1.650782898094977
1.8009044995461203
1.8401209535119536
1.8644562418810082
1.8726003180187374
1.8779193138664028
1.881854881109421
1.8894886021188178
1.89414530772881
1.9063362070921934
1.9116822625903425
1.9231800922953488
1.9231999971279032
1.9232380824832176
1.92324804612265
1.92325686173272
1.92325686173272
1.92325686173272
1.92325686173272
1.92325686173272
1.9261938596221104
1.9261938596221104
1.9261938596221104
1.9261938596221104
