1.3647943794817852
1.7469794018462752
1.845064470135195
1.8553616560876751
1.8768398779324924
1.8821818186082941
1.8983837739696903
1.9002295624758563
1.9002397635210788
1.9002421285402644
1.9002421285402644
1.9056374724692937
1.9056441223776857
1.9057173330996673
1.9057173330996673
1.9057173330996673
1.907506360504231
1.907506360504231
1.907506360504231
1.907506360504231
1.912909769919089
1.9129551555918125
1.9217956088998127
1.924241583882449
1.9247761665624912
1.3647943794817852
1.714169874624457
1.817512739654577
1.8521727871438924
1.8877300851861591
1.9041536562480499
1.928721715077393
1.9422360222234392
1.9556286748871254
1.961172272118195
1.9613475709550776
1.9654183876240523
1.9654183876240523
1.9654183876240523
1.9654183876240523
1.9654183876240523
1.9654183876240523
1.9675639068158988
1.9675639068158988
1.9675639068158988
1.9675639068158988
1.9675639068158988
1.9675639068158988
1.9675639068158988
1.9675639068158988
1.3647943794817852
1.650782898094977
1.8009044995461203
1.8401209535119536
1.8644562418810082
1.8726003180187374
1.8779193138664028
1.881854881109421
1.8894886021188178
1.89414530772881
1.9063362070921934
1.9116822625903425
1.9231800922953488
1.9231999971279032
1.9232380824832176
1.92324804612265
1.92325686173272
1.92325686173272
1.92325686173272
1.92325686173272
1.92325686173272
1.9261938596221104
1.9261938596221104
1.9261938596221104
1.9261938596221104
1.3647943794817852
1.72274268255121
1.8791833258333648
1.8912682486311083
1.896710256119732
1.8981594076360702
1.8981594076360702
1.9049357361829269
1.9264775108497791
1.939854163843397
1.939854163843397
1.9497293565636502
1.9514288891045684
1.9569247022240326
1.9569328708199119
1.9624702006360937
1.966931489736153
1.9687092906248806
1.9697433055272389
1.9710320279887301
1.9749918571955338
1.9749918571955338
1.9749918571955338
1.9749918571955338
1.9749918571955338
1.3647943794817852
1.600848962884603
1.8065192956449518
1.849943812538589
1.9099885403533987
1.9306788276896043
1.9306788276896043
1.9306831870698502
1.9339533225297258
1.9339533225297258
1.9339533225297258
1.9339533225297258
1.9339533225297258
1.9339533225297258
1.9339533225297258
1.9339533225297258
1.9339533225297258
1.9339533225297258
1.9339533225297258
1.9339533225297258
1.9339533225297258
1.9339533225297258
1.9339533225297258
1.9339533225297258
1.9339533225297258
1.3647943794817852
1.7679454711949851
1.8510875359204773
1.8832973222444984
1.8888063677540416
1.9216669162006847
1.984203559914983
1.984203559914983
1.984203559914983
1.984204330481882
1.984204330481882
1.984204330481882
1.984204330481882
1.984204330481882
1.984204330481882
1.984204330481882
1.984204330481882
1.984204330481882
1.984204330481882
1.984204330481882
1.984204330481882
1.984204330481882
1.984204330481882
1.984204330481882
1.984204330481882
1.3647943794817852
1.634763042427487
1.831377776865882
1.8995054282349082
1.9096434537694196
1.9096434537694196
1.9145048536790843
1.9153169918285846
1.92168280380934
1.9216845654331969
1.921704573145447
1.921704573145447
1.921704573145447
1.9217162450902476
1.9217162450902476
1.9217162450902476
1.9280492536586884
1.9280539849708187
1.9280539849708187
1.9280539849708187
1.9280539849708187
1.9280539849708187
1.9280539849708187
1.9280539849708187
1.9280539849708187
1.3647943794817852
1.6627606226097187
1.8367847620733746
1.9035851603471619
1.9268780808332302
1.9323588016398754
1.9407583648702846
1.9588560094287844
1.9588560094287844
1.9588560094287844
1.9619134961069815
1.9619134961069815
1.964507209641898
1.964507209641898
1.964507209641898
1.964507209641898
1.964507209641898
1.964507209641898
1.964507209641898
1.964507209641898
1.964507209641898
1.964507209641898
1.964507209641898
1.964507209641898
1.964507209641898
