0.6944444444444444	-0.2717803531453911
0.6611111111111111	-0.2498451323347618
0.6777777777777778	-0.25486834848717504
0.6833333333333333	-0.26308925960207213
0.6888888888888889	-0.2658892768673548
0.6666666666666666	-0.25481785396682916
0.6666666666666666	-0.25481785396682916
0.6888888888888889	-0.2658892768673548
0.6666666666666666	-0.25481785396682916
0.6666666666666666	-0.25481785396682916
0.6666666666666666	-0.25481785396682916
0.6777777777777778	-0.25486834848717504
0.6666666666666666	-0.25481785396682916
0.6666666666666666	-0.25481785396682916
0.6666666666666666	-0.25481785396682916
0.6666666666666666	-0.25481785396682916
0.6666666666666666	-0.25481785396682916
0.6666666666666666	-0.25481785396682916
0.6666666666666666	-0.25481785396682916
0.6666666666666666	-0.25481785396682916
0.6666666666666666	-0.25481785396682916
0.6666666666666666	-0.25481785396682916
0.6666666666666666	-0.25481785396682916
0.6666666666666666	-0.25481785396682916
0.6666666666666666	-0.25481785396682916
0.6777777777777778	-0.25486834848717504
0.6666666666666666	-0.25481785396682916
0.6666666666666666	-0.25481785396682916
0.6666666666666666	-0.25481785396682916
0.6666666666666666	-0.25481785396682916
0.6666666666666666	-0.25481785396682916
0.6666666666666666	-0.25481785396682916
0.6666666666666666	-0.25481785396682916
0.6666666666666666	-0.25481785396682916
0.6666666666666666	-0.25481785396682916
0.6666666666666666	-0.25481785396682916
0.6666666666666666	-0.25481785396682916
0.6666666666666666	-0.25481785396682916
0.6666666666666666	-0.25481785396682916
0.6666666666666666	-0.25481785396682916
0.6666666666666666	-0.25481785396682916
0.6666666666666666	-0.25481785396682916
0.6666666666666666	-0.25481785396682916
0.6666666666666666	-0.25481785396682916
0.6666666666666666	-0.25481785396682916
0.6666666666666666	-0.25481785396682916
0.6666666666666666	-0.25481785396682916
0.6666666666666666	-0.25481785396682916
0.6666666666666666	-0.25481785396682916
0.6666666666666666	-0.25481785396682916
0.6666666666666666	-0.25481785396682916
0.6666666666666666	-0.25481785396682916
0.6666666666666666	-0.25481785396682916
0.6666666666666666	-0.25481785396682916
0.6666666666666666	-0.25481785396682916
0.6666666666666666	-0.25481785396682916
0.6666666666666666	-0.25481785396682916
0.6666666666666666	-0.25481785396682916
0.6666666666666666	-0.25481785396682916
0.6666666666666666	-0.25481785396682916
0.6666666666666666	-0.25481785396682916
0.6666666666666666	-0.25481785396682916
0.6666666666666666	-0.25481785396682916
0.6666666666666666	-0.25481785396682916
0.6944444444444444	-0.2717803531453911
0.6666666666666666	-0.25481785396682916
0.6666666666666666	-0.25481785396682916
0.6666666666666666	-0.25481785396682916
0.6666666666666666	-0.25481785396682916
0.6666666666666666	-0.25481785396682916
0.6666666666666666	-0.25481785396682916
0.6666666666666666	-0.25481785396682916
0.6666666666666666	-0.25481785396682916
0.6666666666666666	-0.25481785396682916
0.6666666666666666	-0.25481785396682916
0.6666666666666666	-0.25481785396682916
0.6777777777777778	-0.25486834848717504
0.6777777777777778	-0.25486834848717504
0.6666666666666666	-0.25481785396682916
0.6666666666666666	-0.25481785396682916
0.6666666666666666	-0.25481785396682916
0.6666666666666666	-0.25481785396682916
0.6666666666666666	-0.25481785396682916
0.6666666666666666	-0.25481785396682916
0.6666666666666666	-0.25481785396682916
0.6666666666666666	-0.25481785396682916
0.6666666666666666	-0.25481785396682916
0.6666666666666666	-0.25481785396682916
0.6666666666666666	-0.25481785396682916
0.6666666666666666	-0.25481785396682916
0.6666666666666666	-0.25481785396682916
0.6666666666666666	-0.25481785396682916
0.6777777777777778	-0.25486834848717504
0.6666666666666666	-0.25481785396682916
0.6666666666666666	-0.25481785396682916
0.6666666666666666	-0.25481785396682916
0.6666666666666666	-0.25481785396682916
0.6666666666666666	-0.25481785396682916
0.6833333333333333	-0.26308925960207213
0.6666666666666666	-0.25481785396682916
0.6666666666666666	-0.25481785396682916
0.6611111111111111	-0.2498451323347618
0.6944444444444444	-0.2717803531453911
0.6666666666666666	-0.25481785396682916
0.6666666666666666	-0.25481785396682916
0.6666666666666666	-0.25481785396682916
0.6666666666666666	-0.25481785396682916
0.6666666666666666	-0.25481785396682916
0.6944444444444444	-0.2717803531453911
0.6666666666666666	-0.25481785396682916
0.6666666666666666	-0.25481785396682916
0.6666666666666666	-0.25481785396682916
0.6666666666666666	-0.25481785396682916
0.6666666666666666	-0.25481785396682916
0.6666666666666666	-0.25481785396682916
0.6666666666666666	-0.25481785396682916
0.6666666666666666	-0.25481785396682916
0.6666666666666666	-0.25481785396682916
0.6666666666666666	-0.25481785396682916
0.6666666666666666	-0.25481785396682916
0.6666666666666666	-0.25481785396682916
0.6666666666666666	-0.25481785396682916
0.6888888888888889	-0.2658892768673548
0.6666666666666666	-0.25481785396682916
0.6666666666666666	-0.25481785396682916
0.6666666666666666	-0.25481785396682916
0.6666666666666666	-0.25481785396682916
0.6666666666666666	-0.25481785396682916
0.6666666666666666	-0.25481785396682916
0.6666666666666666	-0.25481785396682916
0.6666666666666666	-0.25481785396682916
0.6666666666666666	-0.25481785396682916
0.6666666666666666	-0.25481785396682916
0.6777777777777778	-0.25486834848717504
0.6666666666666666	-0.25481785396682916
0.6666666666666666	-0.25481785396682916
0.6666666666666666	-0.25481785396682916
0.6666666666666666	-0.25481785396682916
0.6666666666666666	-0.25481785396682916
0.6666666666666666	-0.25481785396682916
0.6666666666666666	-0.25481785396682916
0.6777777777777778	-0.25486834848717504
0.6666666666666666	-0.25481785396682916
0.6666666666666666	-0.25481785396682916
0.6666666666666666	-0.25481785396682916
0.6666666666666666	-0.25481785396682916
0.6666666666666666	-0.25481785396682916
0.6666666666666666	-0.25481785396682916
0.6666666666666666	-0.25481785396682916
0.6666666666666666	-0.25481785396682916
0.6666666666666666	-0.25481785396682916
0.6666666666666666	-0.25481785396682916
0.6666666666666666	-0.25481785396682916
0.6666666666666666	-0.25481785396682916
0.6666666666666666	-0.25481785396682916
0.6777777777777778	-0.25486834848717504
0.6666666666666666	-0.25481785396682916
0.6666666666666666	-0.25481785396682916
0.6666666666666666	-0.25481785396682916
0.6666666666666666	-0.25481785396682916
0.6666666666666666	-0.25481785396682916
0.6666666666666666	-0.25481785396682916
0.6666666666666666	-0.25481785396682916
0.6666666666666666	-0.25481785396682916
0.6666666666666666	-0.25481785396682916
0.6666666666666666	-0.25481785396682916
0.6666666666666666	-0.25481785396682916
0.6666666666666666	-0.25481785396682916
0.6666666666666666	-0.25481785396682916
0.6666666666666666	-0.25481785396682916
0.6666666666666666	-0.25481785396682916
0.6666666666666666	-0.25481785396682916
0.6666666666666666	-0.25481785396682916
0.6777777777777778	-0.25486834848717504
0.6666666666666666	-0.25481785396682916
0.6666666666666666	-0.25481785396682916
0.6666666666666666	-0.25481785396682916
0.6666666666666666	-0.25481785396682916
0.6666666666666666	-0.25481785396682916
0.6666666666666666	-0.25481785396682916
0.6666666666666666	-0.25481785396682916
0.6666666666666666	-0.25481785396682916
0.6666666666666666	-0.25481785396682916
0.6666666666666666	-0.25481785396682916
0.6666666666666666	-0.25481785396682916
0.6666666666666666	-0.25481785396682916
0.6666666666666666	-0.25481785396682916
0.6666666666666666	-0.25481785396682916
0.6666666666666666	-0.25481785396682916
0.6888888888888889	-0.2658892768673548
0.6666666666666666	-0.25481785396682916
0.6777777777777778	-0.25486834848717504
0.6666666666666666	-0.25481785396682916
0.6888888888888889	-0.2658892768673548
0.6666666666666666	-0.25481785396682916
0.6666666666666666	-0.25481785396682916
0.6666666666666666	-0.25481785396682916
0.6666666666666666	-0.25481785396682916
0.6666666666666666	-0.25481785396682916
0.6666666666666666	-0.25481785396682916
