0.6888888888888889	-0.23960789689461004
0.7222222222222222	-0.2430483435703069
0.7111111111111111	-0.24131879138001514
0.7166666666666667	-0.2427029962432418
0.7055555555555556	-0.2399630708262595
0.7	-0.23978247608776668
0.7055555555555556	-0.2399630708262595
0.7166666666666667	-0.2427029962432418
0.7166666666666667	-0.2427029962432418
0.6888888888888889	-0.23960789689461004
0.7166666666666667	-0.2427029962432418
0.6888888888888889	-0.23960789689461004
0.7222222222222222	-0.2430483435703069
0.6888888888888889	-0.23960789689461004
0.7166666666666667	-0.2427029962432418
0.6888888888888889	-0.23960789689461004
0.7111111111111111	-0.24131879138001514
0.7111111111111111	-0.24131879138001514
0.6888888888888889	-0.23960789689461004
0.7055555555555556	-0.2399630708262595
0.7111111111111111	-0.24131879138001514
0.7055555555555556	-0.2399630708262595
0.7222222222222222	-0.2430483435703069
0.6888888888888889	-0.23960789689461004
0.7166666666666667	-0.2427029962432418
0.7166666666666667	-0.2427029962432418
0.6888888888888889	-0.23960789689461004
0.7166666666666667	-0.2427029962432418
0.7166666666666667	-0.2427029962432418
0.6888888888888889	-0.23960789689461004
0.7166666666666667	-0.2427029962432418
0.6888888888888889	-0.23960789689461004
0.6888888888888889	-0.23960789689461004
0.7111111111111111	-0.24131879138001514
0.7166666666666667	-0.2427029962432418
0.7166666666666667	-0.2427029962432418
0.7222222222222222	-0.2430483435703069
0.6888888888888889	-0.23960789689461004
0.6888888888888889	-0.23960789689461004
0.7166666666666667	-0.2427029962432418
0.7222222222222222	-0.2430483435703069
0.6888888888888889	-0.23960789689461004
0.7111111111111111	-0.24131879138001514
0.7222222222222222	-0.2430483435703069
0.6888888888888889	-0.23960789689461004
0.7166666666666667	-0.2427029962432418
0.7166666666666667	-0.2427029962432418
0.7166666666666667	-0.2427029962432418
0.7222222222222222	-0.2430483435703069
0.7166666666666667	-0.2427029962432418
0.6888888888888889	-0.23960789689461004
0.7111111111111111	-0.24131879138001514
0.7166666666666667	-0.2427029962432418
0.6888888888888889	-0.23960789689461004
0.7055555555555556	-0.2399630708262595
0.7166666666666667	-0.2427029962432418
0.6888888888888889	-0.23960789689461004
0.7222222222222222	-0.2430483435703069
0.7166666666666667	-0.2427029962432418
0.7222222222222222	-0.2430483435703069
0.6888888888888889	-0.23960789689461004
0.6888888888888889	-0.23960789689461004
0.7166666666666667	-0.2427029962432418
0.6888888888888889	-0.23960789689461004
0.6888888888888889	-0.23960789689461004
0.7166666666666667	-0.2427029962432418
0.6888888888888889	-0.23960789689461004
0.7166666666666667	-0.2427029962432418
0.6888888888888889	-0.23960789689461004
0.7111111111111111	-0.24131879138001514
0.7111111111111111	-0.24131879138001514
0.6888888888888889	-0.23960789689461004
0.7111111111111111	-0.24131879138001514
0.7111111111111111	-0.24131879138001514
0.7222222222222222	-0.2430483435703069
0.6888888888888889	-0.23960789689461004
0.7111111111111111	-0.24131879138001514
0.7111111111111111	-0.24131879138001514
0.7055555555555556	-0.2399630708262595
0.7166666666666667	-0.2427029962432418
0.6888888888888889	-0.23960789689461004
0.7166666666666667	-0.2427029962432418
0.7	-0.23978247608776668
0.7055555555555556	-0.2399630708262595
0.7111111111111111	-0.24131879138001514
0.7111111111111111	-0.24131879138001514
0.7111111111111111	-0.24131879138001514
0.6888888888888889	-0.23960789689461004
0.6888888888888889	-0.23960789689461004
0.7111111111111111	-0.24131879138001514
0.6888888888888889	-0.23960789689461004
0.7166666666666667	-0.2427029962432418
0.6888888888888889	-0.23960789689461004
0.6888888888888889	-0.23960789689461004
0.7111111111111111	-0.24131879138001514
0.7111111111111111	-0.24131879138001514
0.6888888888888889	-0.23960789689461004
0.6888888888888889	-0.23960789689461004
0.6888888888888889	-0.23960789689461004
0.7222222222222222	-0.2430483435703069
0.6888888888888889	-0.23960789689461004
0.7166666666666667	-0.2427029962432418
0.6888888888888889	-0.23960789689461004
0.7111111111111111	-0.24131879138001514
0.7111111111111111	-0.24131879138001514
0.7111111111111111	-0.24131879138001514
0.7166666666666667	-0.2427029962432418
0.6888888888888889	-0.23960789689461004
0.7111111111111111	-0.24131879138001514
0.7166666666666667	-0.2427029962432418
0.7111111111111111	-0.24131879138001514
0.6888888888888889	-0.23960789689461004
0.7111111111111111	-0.24131879138001514
0.7166666666666667	-0.2427029962432418
0.7055555555555556	-0.2399630708262595
0.7222222222222222	-0.2430483435703069
0.7166666666666667	-0.2427029962432418
0.7166666666666667	-0.2427029962432418
0.6888888888888889	-0.23960789689461004
0.7055555555555556	-0.2399630708262595
0.7166666666666667	-0.2427029962432418
0.7166666666666667	-0.2427029962432418
0.6888888888888889	-0.23960789689461004
0.6888888888888889	-0.23960789689461004
0.7166666666666667	-0.2427029962432418
0.7166666666666667	-0.2427029962432418
0.7166666666666667	-0.2427029962432418
0.6888888888888889	-0.23960789689461004
0.7111111111111111	-0.24131879138001514
0.6888888888888889	-0.23960789689461004
0.7111111111111111	-0.24131879138001514
0.7166666666666667	-0.2427029962432418
0.7111111111111111	-0.24131879138001514
0.6888888888888889	-0.23960789689461004
0.7166666666666667	-0.2427029962432418
0.6888888888888889	-0.23960789689461004
0.6888888888888889	-0.23960789689461004
0.7222222222222222	-0.2430483435703069
0.7055555555555556	-0.2399630708262595
0.7111111111111111	-0.24131879138001514
0.6888888888888889	-0.23960789689461004
0.6888888888888889	-0.23960789689461004
0.6888888888888889	-0.23960789689461004
0.7111111111111111	-0.24131879138001514
0.7111111111111111	-0.24131879138001514
0.7166666666666667	-0.2427029962432418
0.6888888888888889	-0.23960789689461004
0.6888888888888889	-0.23960789689461004
0.7111111111111111	-0.24131879138001514
0.6888888888888889	-0.23960789689461004
0.6888888888888889	-0.23960789689461004
0.7166666666666667	-0.2427029962432418
0.6888888888888889	-0.23960789689461004
0.7055555555555556	-0.2399630708262595
0.7111111111111111	-0.24131879138001514
0.7055555555555556	-0.2399630708262595
0.6888888888888889	-0.23960789689461004
0.7111111111111111	-0.24131879138001514
0.7166666666666667	-0.2427029962432418
0.7111111111111111	-0.24131879138001514
0.7166666666666667	-0.2427029962432418
0.7055555555555556	-0.2399630708262595
0.6888888888888889	-0.23960789689461004
0.7166666666666667	-0.2427029962432418
0.6888888888888889	-0.23960789689461004
0.6888888888888889	-0.23960789689461004
0.7055555555555556	-0.2399630708262595
0.7166666666666667	-0.2427029962432418
0.6888888888888889	-0.23960789689461004
0.7111111111111111	-0.24131879138001514
0.7166666666666667	-0.2427029962432418
0.7111111111111111	-0.24131879138001514
0.7111111111111111	-0.24131879138001514
0.7111111111111111	-0.24131879138001514
0.7055555555555556	-0.2399630708262595
0.6888888888888889	-0.23960789689461004
0.6888888888888889	-0.23960789689461004
0.7166666666666667	-0.2427029962432418
0.6888888888888889	-0.23960789689461004
0.6888888888888889	-0.23960789689461004
0.7111111111111111	-0.24131879138001514
0.7166666666666667	-0.2427029962432418
0.7166666666666667	-0.2427029962432418
0.7222222222222222	-0.2430483435703069
0.6888888888888889	-0.23960789689461004
0.6888888888888889	-0.23960789689461004
0.6888888888888889	-0.23960789689461004
0.6888888888888889	-0.23960789689461004
0.7111111111111111	-0.24131879138001514
0.7111111111111111	-0.24131879138001514
0.6888888888888889	-0.23960789689461004
0.6888888888888889	-0.23960789689461004
0.7055555555555556	-0.2399630708262595
0.6888888888888889	-0.23960789689461004
0.6888888888888889	-0.23960789689461004
0.7055555555555556	-0.2399630708262595
0.6888888888888889	-0.23960789689461004
0.7055555555555556	-0.2399630708262595
0.7055555555555556	-0.2399630708262595
0.6888888888888889	-0.23960789689461004
