0.7166666666666667	-0.25625255335040154
0.7	-0.2429356920752406
0.7111111111111111	-0.24710727204419947
0.7055555555555556	-0.2448037170307217
0.7166666666666667	-0.25625255335040154
0.7	-0.2429356920752406
0.7	-0.2429356920752406
0.7	-0.2429356920752406
0.7	-0.2429356920752406
0.7	-0.2429356920752406
0.7	-0.2429356920752406
0.7111111111111111	-0.24710727204419947
0.7055555555555556	-0.2448037170307217
0.7111111111111111	-0.24710727204419947
0.7	-0.2429356920752406
0.7	-0.2429356920752406
0.7055555555555556	-0.2448037170307217
0.7	-0.2429356920752406
0.7	-0.2429356920752406
0.7111111111111111	-0.24710727204419947
0.7055555555555556	-0.2448037170307217
0.7111111111111111	-0.24710727204419947
0.7	-0.2429356920752406
0.7	-0.2429356920752406
0.7111111111111111	-0.24710727204419947
0.7111111111111111	-0.24710727204419947
0.7111111111111111	-0.24710727204419947
0.7111111111111111	-0.24710727204419947
0.7055555555555556	-0.2448037170307217
0.7	-0.2429356920752406
0.7166666666666667	-0.25625255335040154
0.7055555555555556	-0.2448037170307217
0.7111111111111111	-0.24710727204419947
0.7	-0.2429356920752406
0.7	-0.2429356920752406
0.7	-0.2429356920752406
0.7166666666666667	-0.25625255335040154
0.7	-0.2429356920752406
0.7	-0.2429356920752406
0.7166666666666667	-0.25625255335040154
0.7111111111111111	-0.24710727204419947
0.7166666666666667	-0.25625255335040154
0.7111111111111111	-0.24710727204419947
0.7	-0.2429356920752406
0.7	-0.2429356920752406
0.7	-0.2429356920752406
0.7166666666666667	-0.25625255335040154
0.7	-0.2429356920752406
0.7111111111111111	-0.24710727204419947
0.7111111111111111	-0.24710727204419947
0.7111111111111111	-0.24710727204419947
0.7166666666666667	-0.25625255335040154
0.7055555555555556	-0.2448037170307217
0.7	-0.2429356920752406
0.7055555555555556	-0.2448037170307217
0.7	-0.2429356920752406
0.7	-0.2429356920752406
0.7111111111111111	-0.24710727204419947
0.7166666666666667	-0.25625255335040154
0.7055555555555556	-0.2448037170307217
0.7166666666666667	-0.25625255335040154
0.7	-0.2429356920752406
0.7	-0.2429356920752406
0.7111111111111111	-0.24710727204419947
0.7111111111111111	-0.24710727204419947
0.7111111111111111	-0.24710727204419947
0.7	-0.2429356920752406
0.7	-0.2429356920752406
0.7111111111111111	-0.24710727204419947
0.7111111111111111	-0.24710727204419947
0.7	-0.2429356920752406
0.7166666666666667	-0.25625255335040154
0.7	-0.2429356920752406
0.7	-0.2429356920752406
0.7111111111111111	-0.24710727204419947
0.7	-0.2429356920752406
0.7	-0.2429356920752406
0.7166666666666667	-0.25625255335040154
0.7	-0.2429356920752406
0.7	-0.2429356920752406
0.7111111111111111	-0.24710727204419947
0.7111111111111111	-0.24710727204419947
0.7	-0.2429356920752406
0.7111111111111111	-0.24710727204419947
0.7111111111111111	-0.24710727204419947
0.7166666666666667	-0.25625255335040154
0.7	-0.2429356920752406
0.7	-0.2429356920752406
0.7	-0.2429356920752406
0.7	-0.2429356920752406
0.7111111111111111	-0.24710727204419947
0.7	-0.2429356920752406
0.7111111111111111	-0.24710727204419947
0.7111111111111111	-0.24710727204419947
0.7	-0.2429356920752406
0.7	-0.2429356920752406
0.7111111111111111	-0.24710727204419947
0.7111111111111111	-0.24710727204419947
0.7	-0.2429356920752406
0.7	-0.2429356920752406
0.7111111111111111	-0.24710727204419947
0.7111111111111111	-0.24710727204419947
0.7	-0.2429356920752406
0.7055555555555556	-0.2448037170307217
0.7111111111111111	-0.24710727204419947
0.7111111111111111	-0.24710727204419947
0.7	-0.2429356920752406
0.7	-0.2429356920752406
0.7	-0.2429356920752406
0.7	-0.2429356920752406
0.7055555555555556	-0.2448037170307217
0.7055555555555556	-0.2448037170307217
0.7	-0.2429356920752406
0.7111111111111111	-0.24710727204419947
0.7111111111111111	-0.24710727204419947
0.7	-0.2429356920752406
0.7111111111111111	-0.24710727204419947
0.7	-0.2429356920752406
0.7111111111111111	-0.24710727204419947
0.7111111111111111	-0.24710727204419947
0.7111111111111111	-0.24710727204419947
0.7	-0.2429356920752406
0.7111111111111111	-0.24710727204419947
0.7	-0.2429356920752406
0.7166666666666667	-0.25625255335040154
0.7	-0.2429356920752406
0.7166666666666667	-0.25625255335040154
0.7	-0.2429356920752406
0.7055555555555556	-0.2448037170307217
0.7	-0.2429356920752406
0.7111111111111111	-0.24710727204419947
0.7111111111111111	-0.24710727204419947
0.7111111111111111	-0.24710727204419947
0.7166666666666667	-0.25625255335040154
0.7	-0.2429356920752406
0.7	-0.2429356920752406
0.7166666666666667	-0.25625255335040154
0.7111111111111111	-0.24710727204419947
0.7	-0.2429356920752406
0.7	-0.2429356920752406
0.7	-0.2429356920752406
0.7	-0.2429356920752406
0.7	-0.2429356920752406
0.7111111111111111	-0.24710727204419947
0.7	-0.2429356920752406
0.7	-0.2429356920752406
0.7	-0.2429356920752406
0.7111111111111111	-0.24710727204419947
0.7111111111111111	-0.24710727204419947
0.7166666666666667	-0.25625255335040154
0.7	-0.2429356920752406
0.7	-0.2429356920752406
0.7111111111111111	-0.24710727204419947
0.7	-0.2429356920752406
0.7	-0.2429356920752406
0.7	-0.2429356920752406
0.7	-0.2429356920752406
0.7	-0.2429356920752406
0.7	-0.2429356920752406
0.7	-0.2429356920752406
0.7111111111111111	-0.24710727204419947
0.7111111111111111	-0.24710727204419947
0.7	-0.2429356920752406
0.7111111111111111	-0.24710727204419947
0.7	-0.2429356920752406
0.7111111111111111	-0.24710727204419947
0.7	-0.2429356920752406
0.7111111111111111	-0.24710727204419947
0.7111111111111111	-0.24710727204419947
0.7111111111111111	-0.24710727204419947
0.7	-0.2429356920752406
0.7055555555555556	-0.2448037170307217
0.7111111111111111	-0.24710727204419947
0.7	-0.2429356920752406
0.7	-0.2429356920752406
0.7111111111111111	-0.24710727204419947
0.7	-0.2429356920752406
0.7	-0.2429356920752406
0.7	-0.2429356920752406
0.7	-0.2429356920752406
0.7111111111111111	-0.24710727204419947
0.7	-0.2429356920752406
0.7	-0.2429356920752406
0.7	-0.2429356920752406
0.7111111111111111	-0.24710727204419947
0.7	-0.2429356920752406
0.7111111111111111	-0.24710727204419947
0.7	-0.2429356920752406
0.7	-0.2429356920752406
0.7	-0.2429356920752406
0.7	-0.2429356920752406
0.7111111111111111	-0.24710727204419947
0.7166666666666667	-0.25625255335040154
0.7055555555555556	-0.2448037170307217
0.7111111111111111	-0.24710727204419947
0.7	-0.2429356920752406
0.7	-0.2429356920752406
0.7111111111111111	-0.24710727204419947
0.7	-0.2429356920752406
0.7	-0.2429356920752406
