0.6833333333333333	-0.24803545329475288
0.7222222222222222	-0.25709055187002355
0.7166666666666667	-0.2516232038359414
0.6944444444444444	-0.24996182416570611
0.6944444444444444	-0.24996182416570611
0.6944444444444444	-0.24996182416570611
0.6944444444444444	-0.24996182416570611
0.6944444444444444	-0.24996182416570611
0.6833333333333333	-0.24803545329475288
0.6944444444444444	-0.24996182416570611
0.6833333333333333	-0.24803545329475288
0.6944444444444444	-0.24996182416570611
0.6944444444444444	-0.24996182416570611
0.6944444444444444	-0.24996182416570611
0.6833333333333333	-0.24803545329475288
0.7222222222222222	-0.25709055187002355
0.6944444444444444	-0.24996182416570611
0.6833333333333333	-0.24803545329475288
0.6944444444444444	-0.24996182416570611
0.6944444444444444	-0.24996182416570611
0.6944444444444444	-0.24996182416570611
0.6833333333333333	-0.24803545329475288
0.6833333333333333	-0.24803545329475288
0.6833333333333333	-0.24803545329475288
0.6833333333333333	-0.24803545329475288
0.6944444444444444	-0.24996182416570611
0.6833333333333333	-0.24803545329475288
0.6944444444444444	-0.24996182416570611
0.6944444444444444	-0.24996182416570611
0.6944444444444444	-0.24996182416570611
0.6944444444444444	-0.24996182416570611
0.6833333333333333	-0.24803545329475288
0.6944444444444444	-0.24996182416570611
0.6944444444444444	-0.24996182416570611
0.6833333333333333	-0.24803545329475288
0.6944444444444444	-0.24996182416570611
0.6944444444444444	-0.24996182416570611
0.6833333333333333	-0.24803545329475288
0.6833333333333333	-0.24803545329475288
0.6944444444444444	-0.24996182416570611
0.6944444444444444	-0.24996182416570611
0.6833333333333333	-0.24803545329475288
0.6944444444444444	-0.24996182416570611
0.6833333333333333	-0.24803545329475288
0.6944444444444444	-0.24996182416570611
0.6944444444444444	-0.24996182416570611
0.6944444444444444	-0.24996182416570611
0.6944444444444444	-0.24996182416570611
0.6944444444444444	-0.24996182416570611
0.7166666666666667	-0.2516232038359414
0.6944444444444444	-0.24996182416570611
0.6944444444444444	-0.24996182416570611
0.6944444444444444	-0.24996182416570611
0.6944444444444444	-0.24996182416570611
0.6833333333333333	-0.24803545329475288
0.6833333333333333	-0.24803545329475288
0.6944444444444444	-0.24996182416570611
0.6944444444444444	-0.24996182416570611
0.6833333333333333	-0.24803545329475288
0.6833333333333333	-0.24803545329475288
0.6833333333333333	-0.24803545329475288
0.6944444444444444	-0.24996182416570611
0.6944444444444444	-0.24996182416570611
0.6833333333333333	-0.24803545329475288
0.6944444444444444	-0.24996182416570611
0.6833333333333333	-0.24803545329475288
0.6944444444444444	-0.24996182416570611
0.6833333333333333	-0.24803545329475288
0.6833333333333333	-0.24803545329475288
0.6944444444444444	-0.24996182416570611
0.6833333333333333	-0.24803545329475288
0.7166666666666667	-0.2516232038359414
0.6944444444444444	-0.24996182416570611
0.6944444444444444	-0.24996182416570611
0.6944444444444444	-0.24996182416570611
0.6944444444444444	-0.24996182416570611
0.6944444444444444	-0.24996182416570611
0.6833333333333333	-0.24803545329475288
0.6944444444444444	-0.24996182416570611
0.6833333333333333	-0.24803545329475288
0.6944444444444444	-0.24996182416570611
0.6944444444444444	-0.24996182416570611
0.6944444444444444	-0.24996182416570611
0.6833333333333333	-0.24803545329475288
0.6833333333333333	-0.24803545329475288
0.6833333333333333	-0.24803545329475288
0.6833333333333333	-0.24803545329475288
0.6944444444444444	-0.24996182416570611
0.6944444444444444	-0.24996182416570611
0.6944444444444444	-0.24996182416570611
0.6833333333333333	-0.24803545329475288
0.6944444444444444	-0.24996182416570611
0.6833333333333333	-0.24803545329475288
0.6944444444444444	-0.24996182416570611
0.6944444444444444	-0.24996182416570611
0.6944444444444444	-0.24996182416570611
0.6944444444444444	-0.24996182416570611
0.6833333333333333	-0.24803545329475288
0.6944444444444444	-0.24996182416570611
0.6944444444444444	-0.24996182416570611
0.6944444444444444	-0.24996182416570611
0.6944444444444444	-0.24996182416570611
0.6944444444444444	-0.24996182416570611
0.6944444444444444	-0.24996182416570611
0.6944444444444444	-0.24996182416570611
0.6944444444444444	-0.24996182416570611
0.6944444444444444	-0.24996182416570611
0.6833333333333333	-0.24803545329475288
0.6944444444444444	-0.24996182416570611
0.6944444444444444	-0.24996182416570611
0.6944444444444444	-0.24996182416570611
0.6944444444444444	-0.24996182416570611
0.6944444444444444	-0.24996182416570611
0.6944444444444444	-0.24996182416570611
0.6944444444444444	-0.24996182416570611
0.6944444444444444	-0.24996182416570611
0.6833333333333333	-0.24803545329475288
0.6944444444444444	-0.24996182416570611
0.6833333333333333	-0.24803545329475288
0.6944444444444444	-0.24996182416570611
0.6944444444444444	-0.24996182416570611
0.6833333333333333	-0.24803545329475288
0.6944444444444444	-0.24996182416570611
0.6944444444444444	-0.24996182416570611
0.6944444444444444	-0.24996182416570611
0.6833333333333333	-0.24803545329475288
0.6944444444444444	-0.24996182416570611
0.6944444444444444	-0.24996182416570611
0.6833333333333333	-0.24803545329475288
0.6833333333333333	-0.24803545329475288
0.6944444444444444	-0.24996182416570611
0.6944444444444444	-0.24996182416570611
0.6944444444444444	-0.24996182416570611
0.6833333333333333	-0.24803545329475288
0.6833333333333333	-0.24803545329475288
0.6833333333333333	-0.24803545329475288
0.6944444444444444	-0.24996182416570611
0.6833333333333333	-0.24803545329475288
0.6944444444444444	-0.24996182416570611
0.6944444444444444	-0.24996182416570611
0.6833333333333333	-0.24803545329475288
0.6944444444444444	-0.24996182416570611
0.6944444444444444	-0.24996182416570611
0.6833333333333333	-0.24803545329475288
0.6944444444444444	-0.24996182416570611
0.6944444444444444	-0.24996182416570611
0.6833333333333333	-0.24803545329475288
0.6944444444444444	-0.24996182416570611
0.6944444444444444	-0.24996182416570611
0.6944444444444444	-0.24996182416570611
0.6944444444444444	-0.24996182416570611
0.6833333333333333	-0.24803545329475288
0.6944444444444444	-0.24996182416570611
0.6833333333333333	-0.24803545329475288
0.6833333333333333	-0.24803545329475288
0.6944444444444444	-0.24996182416570611
0.6833333333333333	-0.24803545329475288
0.6944444444444444	-0.24996182416570611
0.6833333333333333	-0.24803545329475288
0.6833333333333333	-0.24803545329475288
0.6944444444444444	-0.24996182416570611
0.6944444444444444	-0.24996182416570611
0.6944444444444444	-0.24996182416570611
0.6944444444444444	-0.24996182416570611
0.6833333333333333	-0.24803545329475288
0.6944444444444444	-0.24996182416570611
0.6944444444444444	-0.24996182416570611
0.6944444444444444	-0.24996182416570611
0.6944444444444444	-0.24996182416570611
0.7222222222222222	-0.25709055187002355
0.6833333333333333	-0.24803545329475288
0.6833333333333333	-0.24803545329475288
0.6833333333333333	-0.24803545329475288
0.6944444444444444	-0.24996182416570611
0.6944444444444444	-0.24996182416570611
0.6944444444444444	-0.24996182416570611
0.6944444444444444	-0.24996182416570611
0.6944444444444444	-0.24996182416570611
0.6944444444444444	-0.24996182416570611
0.7222222222222222	-0.25709055187002355
0.6833333333333333	-0.24803545329475288
0.6833333333333333	-0.24803545329475288
0.6944444444444444	-0.24996182416570611
0.6944444444444444	-0.24996182416570611
0.6833333333333333	-0.24803545329475288
0.6944444444444444	-0.24996182416570611
0.6833333333333333	-0.24803545329475288
0.6833333333333333	-0.24803545329475288
0.6944444444444444	-0.24996182416570611
0.6944444444444444	-0.24996182416570611
0.6944444444444444	-0.24996182416570611
0.6944444444444444	-0.24996182416570611
0.6944444444444444	-0.24996182416570611
0.6944444444444444	-0.24996182416570611
0.6944444444444444	-0.24996182416570611
0.6944444444444444	-0.24996182416570611
0.6944444444444444	-0.24996182416570611
0.6944444444444444	-0.24996182416570611
0.6944444444444444	-0.24996182416570611
0.6944444444444444	-0.24996182416570611
