0.7166666666666667	-0.2191587261325132
0.75	-0.2259741726018548
0.7444444444444445	-0.220938543566521
0.7388888888888889	-0.21999672465213516
0.7388888888888889	-0.21999672465213516
0.7444444444444445	-0.220938543566521
0.7388888888888889	-0.21999672465213516
0.7444444444444445	-0.220938543566521
0.7388888888888889	-0.21999672465213516
0.7444444444444445	-0.220938543566521
0.7444444444444445	-0.220938543566521
0.7388888888888889	-0.21999672465213516
0.7388888888888889	-0.21999672465213516
0.7444444444444445	-0.220938543566521
0.7444444444444445	-0.220938543566521
0.7444444444444445	-0.220938543566521
0.7388888888888889	-0.21999672465213516
0.7444444444444445	-0.220938543566521
0.7166666666666667	-0.2191587261325132
0.7388888888888889	-0.21999672465213516
0.7444444444444445	-0.220938543566521
0.7444444444444445	-0.220938543566521
0.7444444444444445	-0.220938543566521
0.7444444444444445	-0.220938543566521
0.7444444444444445	-0.220938543566521
0.7388888888888889	-0.21999672465213516
0.7444444444444445	-0.220938543566521
0.7444444444444445	-0.220938543566521
0.7444444444444445	-0.220938543566521
0.7444444444444445	-0.220938543566521
0.7166666666666667	-0.2191587261325132
0.7388888888888889	-0.21999672465213516
0.7444444444444445	-0.220938543566521
0.7166666666666667	-0.2191587261325132
0.7388888888888889	-0.21999672465213516
0.7444444444444445	-0.220938543566521
0.7444444444444445	-0.220938543566521
0.7444444444444445	-0.220938543566521
0.7388888888888889	-0.21999672465213516
0.7444444444444445	-0.220938543566521
0.7444444444444445	-0.220938543566521
0.7444444444444445	-0.220938543566521
0.7388888888888889	-0.21999672465213516
0.7444444444444445	-0.220938543566521
0.7444444444444445	-0.220938543566521
0.7388888888888889	-0.21999672465213516
0.7444444444444445	-0.220938543566521
0.7444444444444445	-0.220938543566521
0.7444444444444445	-0.220938543566521
0.7444444444444445	-0.220938543566521
0.7444444444444445	-0.220938543566521
0.7444444444444445	-0.220938543566521
0.7444444444444445	-0.220938543566521
0.7388888888888889	-0.21999672465213516
0.7444444444444445	-0.220938543566521
0.7166666666666667	-0.2191587261325132
0.7444444444444445	-0.220938543566521
0.7388888888888889	-0.21999672465213516
0.7444444444444445	-0.220938543566521
0.7444444444444445	-0.220938543566521
0.7388888888888889	-0.21999672465213516
0.7166666666666667	-0.2191587261325132
0.7444444444444445	-0.220938543566521
0.7388888888888889	-0.21999672465213516
0.7444444444444445	-0.220938543566521
0.7444444444444445	-0.220938543566521
0.7444444444444445	-0.220938543566521
0.7444444444444445	-0.220938543566521
0.7388888888888889	-0.21999672465213516
0.7444444444444445	-0.220938543566521
0.7444444444444445	-0.220938543566521
0.7444444444444445	-0.220938543566521
0.7444444444444445	-0.220938543566521
0.7388888888888889	-0.21999672465213516
0.7388888888888889	-0.21999672465213516
0.7444444444444445	-0.220938543566521
0.7444444444444445	-0.220938543566521
0.7388888888888889	-0.21999672465213516
0.7388888888888889	-0.21999672465213516
0.7444444444444445	-0.220938543566521
0.7444444444444445	-0.220938543566521
0.7444444444444445	-0.220938543566521
0.7444444444444445	-0.220938543566521
0.7166666666666667	-0.2191587261325132
0.7388888888888889	-0.21999672465213516
0.7444444444444445	-0.220938543566521
0.7444444444444445	-0.220938543566521
0.7444444444444445	-0.220938543566521
0.7444444444444445	-0.220938543566521
0.7444444444444445	-0.220938543566521
0.7388888888888889	-0.21999672465213516
0.7166666666666667	-0.2191587261325132
0.7444444444444445	-0.220938543566521
0.7388888888888889	-0.21999672465213516
0.7388888888888889	-0.21999672465213516
0.7444444444444445	-0.220938543566521
0.7444444444444445	-0.220938543566521
0.7388888888888889	-0.21999672465213516
0.7444444444444445	-0.220938543566521
0.7388888888888889	-0.21999672465213516
0.7444444444444445	-0.220938543566521
0.7444444444444445	-0.220938543566521
0.7388888888888889	-0.21999672465213516
0.7388888888888889	-0.21999672465213516
0.7444444444444445	-0.220938543566521
0.7388888888888889	-0.21999672465213516
0.7388888888888889	-0.21999672465213516
0.7444444444444445	-0.220938543566521
0.7166666666666667	-0.2191587261325132
0.7166666666666667	-0.2191587261325132
0.7166666666666667	-0.2191587261325132
0.7388888888888889	-0.21999672465213516
0.7444444444444445	-0.220938543566521
0.7388888888888889	-0.21999672465213516
0.7444444444444445	-0.220938543566521
0.7444444444444445	-0.220938543566521
0.7444444444444445	-0.220938543566521
0.7444444444444445	-0.220938543566521
0.7444444444444445	-0.220938543566521
0.7444444444444445	-0.220938543566521
0.7388888888888889	-0.21999672465213516
0.7388888888888889	-0.21999672465213516
0.7388888888888889	-0.21999672465213516
0.7444444444444445	-0.220938543566521
0.7388888888888889	-0.21999672465213516
0.7444444444444445	-0.220938543566521
0.7388888888888889	-0.21999672465213516
0.7444444444444445	-0.220938543566521
0.7388888888888889	-0.21999672465213516
0.7388888888888889	-0.21999672465213516
0.7444444444444445	-0.220938543566521
0.7388888888888889	-0.21999672465213516
0.7388888888888889	-0.21999672465213516
0.7166666666666667	-0.2191587261325132
0.7166666666666667	-0.2191587261325132
0.7444444444444445	-0.220938543566521
0.7388888888888889	-0.21999672465213516
0.7444444444444445	-0.220938543566521
0.7388888888888889	-0.21999672465213516
0.7444444444444445	-0.220938543566521
0.7388888888888889	-0.21999672465213516
0.7444444444444445	-0.220938543566521
0.7166666666666667	-0.2191587261325132
0.7388888888888889	-0.21999672465213516
0.7388888888888889	-0.21999672465213516
0.7444444444444445	-0.220938543566521
0.7444444444444445	-0.220938543566521
0.7388888888888889	-0.21999672465213516
0.7444444444444445	-0.220938543566521
0.7166666666666667	-0.2191587261325132
0.7444444444444445	-0.220938543566521
0.7444444444444445	-0.220938543566521
0.7444444444444445	-0.220938543566521
0.7444444444444445	-0.220938543566521
0.7444444444444445	-0.220938543566521
0.75	-0.2259741726018548
0.7388888888888889	-0.21999672465213516
0.7444444444444445	-0.220938543566521
0.7388888888888889	-0.21999672465213516
0.7444444444444445	-0.220938543566521
0.7444444444444445	-0.220938543566521
0.7444444444444445	-0.220938543566521
0.7444444444444445	-0.220938543566521
0.7166666666666667	-0.2191587261325132
0.7388888888888889	-0.21999672465213516
0.7444444444444445	-0.220938543566521
0.7388888888888889	-0.21999672465213516
0.7444444444444445	-0.220938543566521
0.7388888888888889	-0.21999672465213516
0.7444444444444445	-0.220938543566521
0.7444444444444445	-0.220938543566521
0.7444444444444445	-0.220938543566521
0.7166666666666667	-0.2191587261325132
0.7444444444444445	-0.220938543566521
0.7444444444444445	-0.220938543566521
0.7388888888888889	-0.21999672465213516
0.7444444444444445	-0.220938543566521
0.7444444444444445	-0.220938543566521
0.7444444444444445	-0.220938543566521
0.7444444444444445	-0.220938543566521
0.7444444444444445	-0.220938543566521
0.7444444444444445	-0.220938543566521
0.7444444444444445	-0.220938543566521
0.7388888888888889	-0.21999672465213516
0.7388888888888889	-0.21999672465213516
0.7444444444444445	-0.220938543566521
0.7388888888888889	-0.21999672465213516
0.7388888888888889	-0.21999672465213516
0.7388888888888889	-0.21999672465213516
0.7444444444444445	-0.220938543566521
0.7444444444444445	-0.220938543566521
0.7444444444444445	-0.220938543566521
0.7388888888888889	-0.21999672465213516
0.7388888888888889	-0.21999672465213516
0.7444444444444445	-0.220938543566521
0.7444444444444445	-0.220938543566521
0.7444444444444445	-0.220938543566521
0.7444444444444445	-0.220938543566521
0.7444444444444445	-0.220938543566521
0.7444444444444445	-0.220938543566521
