0.6777777777777778	-0.25041357816587145
0.7055555555555556	-0.2665888026217873
0.7	-0.2574076441642477
0.6888888888888889	-0.2529361913475156
0.6944444444444444	-0.2567169495101175
0.6833333333333333	-0.25118485822297876
0.6944444444444444	-0.2567169495101175
0.6833333333333333	-0.25118485822297876
0.6833333333333333	-0.25118485822297876
0.6833333333333333	-0.25118485822297876
0.6833333333333333	-0.25118485822297876
0.6833333333333333	-0.25118485822297876
0.6833333333333333	-0.25118485822297876
0.6833333333333333	-0.25118485822297876
0.6833333333333333	-0.25118485822297876
0.6833333333333333	-0.25118485822297876
0.6888888888888889	-0.2529361913475156
0.6888888888888889	-0.2529361913475156
0.6944444444444444	-0.2567169495101175
0.6833333333333333	-0.25118485822297876
0.6833333333333333	-0.25118485822297876
0.6833333333333333	-0.25118485822297876
0.6833333333333333	-0.25118485822297876
0.6833333333333333	-0.25118485822297876
0.6833333333333333	-0.25118485822297876
0.6833333333333333	-0.25118485822297876
0.6777777777777778	-0.25041357816587145
0.6777777777777778	-0.25041357816587145
0.6944444444444444	-0.2567169495101175
0.6944444444444444	-0.2567169495101175
0.7	-0.2574076441642477
0.6777777777777778	-0.25041357816587145
0.6944444444444444	-0.2567169495101175
0.6833333333333333	-0.25118485822297876
0.6944444444444444	-0.2567169495101175
0.6944444444444444	-0.2567169495101175
0.6944444444444444	-0.2567169495101175
0.6833333333333333	-0.25118485822297876
0.6833333333333333	-0.25118485822297876
0.6833333333333333	-0.25118485822297876
0.6944444444444444	-0.2567169495101175
0.7055555555555556	-0.2665888026217873
0.6833333333333333	-0.25118485822297876
0.6944444444444444	-0.2567169495101175
0.6944444444444444	-0.2567169495101175
0.6888888888888889	-0.2529361913475156
0.6888888888888889	-0.2529361913475156
0.6777777777777778	-0.25041357816587145
0.6944444444444444	-0.2567169495101175
0.6833333333333333	-0.25118485822297876
0.6777777777777778	-0.25041357816587145
0.6833333333333333	-0.25118485822297876
0.6833333333333333	-0.25118485822297876
0.6833333333333333	-0.25118485822297876
0.6888888888888889	-0.2529361913475156
0.6777777777777778	-0.25041357816587145
0.6777777777777778	-0.25041357816587145
0.6833333333333333	-0.25118485822297876
0.6777777777777778	-0.25041357816587145
0.7	-0.2574076441642477
0.6888888888888889	-0.2529361913475156
0.6833333333333333	-0.25118485822297876
0.6833333333333333	-0.25118485822297876
0.7055555555555556	-0.2665888026217873
0.7	-0.2574076441642477
0.6833333333333333	-0.25118485822297876
0.6833333333333333	-0.25118485822297876
0.6888888888888889	-0.2529361913475156
0.6777777777777778	-0.25041357816587145
0.6777777777777778	-0.25041357816587145
0.6777777777777778	-0.25041357816587145
0.6833333333333333	-0.25118485822297876
0.6944444444444444	-0.2567169495101175
0.7	-0.2574076441642477
0.6833333333333333	-0.25118485822297876
0.6944444444444444	-0.2567169495101175
0.6833333333333333	-0.25118485822297876
0.6888888888888889	-0.2529361913475156
0.6944444444444444	-0.2567169495101175
0.6944444444444444	-0.2567169495101175
0.6888888888888889	-0.2529361913475156
0.7	-0.2574076441642477
0.6888888888888889	-0.2529361913475156
0.6833333333333333	-0.25118485822297876
0.6833333333333333	-0.25118485822297876
0.6888888888888889	-0.2529361913475156
0.6777777777777778	-0.25041357816587145
0.6833333333333333	-0.25118485822297876
0.6777777777777778	-0.25041357816587145
0.6777777777777778	-0.25041357816587145
0.6777777777777778	-0.25041357816587145
0.7	-0.2574076441642477
0.6777777777777778	-0.25041357816587145
0.6777777777777778	-0.25041357816587145
0.6833333333333333	-0.25118485822297876
0.6944444444444444	-0.2567169495101175
0.6777777777777778	-0.25041357816587145
0.6777777777777778	-0.25041357816587145
0.6777777777777778	-0.25041357816587145
0.6888888888888889	-0.2529361913475156
0.6777777777777778	-0.25041357816587145
0.6944444444444444	-0.2567169495101175
0.6777777777777778	-0.25041357816587145
0.7	-0.2574076441642477
0.6944444444444444	-0.2567169495101175
0.6833333333333333	-0.25118485822297876
0.6777777777777778	-0.25041357816587145
0.7	-0.2574076441642477
0.6888888888888889	-0.2529361913475156
0.6944444444444444	-0.2567169495101175
0.6833333333333333	-0.25118485822297876
0.6777777777777778	-0.25041357816587145
0.6777777777777778	-0.25041357816587145
0.6833333333333333	-0.25118485822297876
0.6833333333333333	-0.25118485822297876
0.6833333333333333	-0.25118485822297876
0.6777777777777778	-0.25041357816587145
0.6777777777777778	-0.25041357816587145
0.6833333333333333	-0.25118485822297876
0.6833333333333333	-0.25118485822297876
0.6777777777777778	-0.25041357816587145
0.6777777777777778	-0.25041357816587145
0.6944444444444444	-0.2567169495101175
0.6833333333333333	-0.25118485822297876
0.6777777777777778	-0.25041357816587145
0.6777777777777778	-0.25041357816587145
0.6888888888888889	-0.2529361913475156
0.6777777777777778	-0.25041357816587145
0.6833333333333333	-0.25118485822297876
0.6833333333333333	-0.25118485822297876
0.6833333333333333	-0.25118485822297876
0.7	-0.2574076441642477
0.6833333333333333	-0.25118485822297876
0.6944444444444444	-0.2567169495101175
0.6833333333333333	-0.25118485822297876
0.6944444444444444	-0.2567169495101175
0.6833333333333333	-0.25118485822297876
0.6833333333333333	-0.25118485822297876
0.6833333333333333	-0.25118485822297876
0.6944444444444444	-0.2567169495101175
0.6833333333333333	-0.25118485822297876
0.7	-0.2574076441642477
0.6944444444444444	-0.2567169495101175
0.6888888888888889	-0.2529361913475156
0.6888888888888889	-0.2529361913475156
0.6833333333333333	-0.25118485822297876
0.6944444444444444	-0.2567169495101175
0.6833333333333333	-0.25118485822297876
0.6833333333333333	-0.25118485822297876
0.6833333333333333	-0.25118485822297876
0.6944444444444444	-0.2567169495101175
0.6777777777777778	-0.25041357816587145
0.6944444444444444	-0.2567169495101175
0.6944444444444444	-0.2567169495101175
0.6833333333333333	-0.25118485822297876
0.6833333333333333	-0.25118485822297876
0.6833333333333333	-0.25118485822297876
0.7	-0.2574076441642477
0.6944444444444444	-0.2567169495101175
0.6944444444444444	-0.2567169495101175
0.6888888888888889	-0.2529361913475156
0.6944444444444444	-0.2567169495101175
0.6944444444444444	-0.2567169495101175
0.7	-0.2574076441642477
0.6833333333333333	-0.25118485822297876
0.6833333333333333	-0.25118485822297876
0.6833333333333333	-0.25118485822297876
0.6777777777777778	-0.25041357816587145
0.6888888888888889	-0.2529361913475156
0.7	-0.2574076441642477
0.6888888888888889	-0.2529361913475156
0.7	-0.2574076441642477
0.6833333333333333	-0.25118485822297876
0.6833333333333333	-0.25118485822297876
0.6944444444444444	-0.2567169495101175
0.6888888888888889	-0.2529361913475156
0.6777777777777778	-0.25041357816587145
0.6777777777777778	-0.25041357816587145
0.6944444444444444	-0.2567169495101175
0.6944444444444444	-0.2567169495101175
0.6944444444444444	-0.2567169495101175
0.6777777777777778	-0.25041357816587145
0.6833333333333333	-0.25118485822297876
0.6833333333333333	-0.25118485822297876
0.6833333333333333	-0.25118485822297876
0.6833333333333333	-0.25118485822297876
0.6777777777777778	-0.25041357816587145
0.6833333333333333	-0.25118485822297876
0.7	-0.2574076441642477
0.6833333333333333	-0.25118485822297876
0.6777777777777778	-0.25041357816587145
0.6944444444444444	-0.2567169495101175
0.6944444444444444	-0.2567169495101175
0.6833333333333333	-0.25118485822297876
0.6833333333333333	-0.25118485822297876
0.6777777777777778	-0.25041357816587145
0.6888888888888889	-0.2529361913475156
0.6777777777777778	-0.25041357816587145
0.6944444444444444	-0.2567169495101175
0.6944444444444444	-0.2567169495101175
