0.7222222222222222	-0.24361274906553834
0.7	-0.23182458096412953
0.7111111111111111	-0.23482743245540988
0.7166666666666667	-0.24294170762057682
0.7111111111111111	-0.23482743245540988
0.7111111111111111	-0.23482743245540988
0.7111111111111111	-0.23482743245540988
0.7	-0.23182458096412953
0.7	-0.23182458096412953
0.7111111111111111	-0.23482743245540988
0.7166666666666667	-0.24294170762057682
0.7222222222222222	-0.24361274906553834
0.7111111111111111	-0.23482743245540988
0.7111111111111111	-0.23482743245540988
0.7111111111111111	-0.23482743245540988
0.7111111111111111	-0.23482743245540988
0.7111111111111111	-0.23482743245540988
0.7111111111111111	-0.23482743245540988
0.7111111111111111	-0.23482743245540988
0.7111111111111111	-0.23482743245540988
0.7111111111111111	-0.23482743245540988
0.7111111111111111	-0.23482743245540988
0.7	-0.23182458096412953
0.7222222222222222	-0.24361274906553834
0.7111111111111111	-0.23482743245540988
0.7111111111111111	-0.23482743245540988
0.7111111111111111	-0.23482743245540988
0.7222222222222222	-0.24361274906553834
0.7111111111111111	-0.23482743245540988
0.7	-0.23182458096412953
0.7111111111111111	-0.23482743245540988
0.7111111111111111	-0.23482743245540988
0.7111111111111111	-0.23482743245540988
0.7111111111111111	-0.23482743245540988
0.7111111111111111	-0.23482743245540988
0.7111111111111111	-0.23482743245540988
0.7111111111111111	-0.23482743245540988
0.7	-0.23182458096412953
0.7222222222222222	-0.24361274906553834
0.7111111111111111	-0.23482743245540988
0.7222222222222222	-0.24361274906553834
0.7111111111111111	-0.23482743245540988
0.7111111111111111	-0.23482743245540988
0.7	-0.23182458096412953
0.7111111111111111	-0.23482743245540988
0.7111111111111111	-0.23482743245540988
0.7	-0.23182458096412953
0.7	-0.23182458096412953
0.7111111111111111	-0.23482743245540988
0.7111111111111111	-0.23482743245540988
0.7111111111111111	-0.23482743245540988
0.7111111111111111	-0.23482743245540988
0.7111111111111111	-0.23482743245540988
0.7111111111111111	-0.23482743245540988
0.7111111111111111	-0.23482743245540988
0.7111111111111111	-0.23482743245540988
0.7111111111111111	-0.23482743245540988
0.7111111111111111	-0.23482743245540988
0.7222222222222222	-0.24361274906553834
0.7111111111111111	-0.23482743245540988
0.7166666666666667	-0.24294170762057682
0.7166666666666667	-0.24294170762057682
0.7111111111111111	-0.23482743245540988
0.7222222222222222	-0.24361274906553834
0.7166666666666667	-0.24294170762057682
0.7	-0.23182458096412953
0.7111111111111111	-0.23482743245540988
0.7111111111111111	-0.23482743245540988
0.7222222222222222	-0.24361274906553834
0.7	-0.23182458096412953
0.7	-0.23182458096412953
0.7111111111111111	-0.23482743245540988
0.7111111111111111	-0.23482743245540988
0.7222222222222222	-0.24361274906553834
0.7111111111111111	-0.23482743245540988
0.7111111111111111	-0.23482743245540988
0.7	-0.23182458096412953
0.7111111111111111	-0.23482743245540988
0.7111111111111111	-0.23482743245540988
0.7111111111111111	-0.23482743245540988
0.7111111111111111	-0.23482743245540988
0.7111111111111111	-0.23482743245540988
0.7	-0.23182458096412953
0.7111111111111111	-0.23482743245540988
0.7	-0.23182458096412953
0.7111111111111111	-0.23482743245540988
0.7111111111111111	-0.23482743245540988
0.7222222222222222	-0.24361274906553834
0.7	-0.23182458096412953
0.7111111111111111	-0.23482743245540988
0.7111111111111111	-0.23482743245540988
0.7	-0.23182458096412953
0.7111111111111111	-0.23482743245540988
0.7111111111111111	-0.23482743245540988
0.7111111111111111	-0.23482743245540988
0.7111111111111111	-0.23482743245540988
0.7	-0.23182458096412953
0.7166666666666667	-0.24294170762057682
0.7111111111111111	-0.23482743245540988
0.7111111111111111	-0.23482743245540988
0.7111111111111111	-0.23482743245540988
0.7	-0.23182458096412953
0.7111111111111111	-0.23482743245540988
0.7166666666666667	-0.24294170762057682
0.7111111111111111	-0.23482743245540988
0.7	-0.23182458096412953
0.7111111111111111	-0.23482743245540988
0.7111111111111111	-0.23482743245540988
0.7111111111111111	-0.23482743245540988
0.7111111111111111	-0.23482743245540988
0.7	-0.23182458096412953
0.7111111111111111	-0.23482743245540988
0.7111111111111111	-0.23482743245540988
0.7	-0.23182458096412953
0.7111111111111111	-0.23482743245540988
0.7166666666666667	-0.24294170762057682
0.7111111111111111	-0.23482743245540988
0.7	-0.23182458096412953
0.7111111111111111	-0.23482743245540988
0.7	-0.23182458096412953
0.7111111111111111	-0.23482743245540988
0.7166666666666667	-0.24294170762057682
0.7111111111111111	-0.23482743245540988
0.7111111111111111	-0.23482743245540988
0.7222222222222222	-0.24361274906553834
0.7111111111111111	-0.23482743245540988
0.7111111111111111	-0.23482743245540988
0.7111111111111111	-0.23482743245540988
0.7111111111111111	-0.23482743245540988
0.7111111111111111	-0.23482743245540988
0.7111111111111111	-0.23482743245540988
0.7111111111111111	-0.23482743245540988
0.7111111111111111	-0.23482743245540988
0.7111111111111111	-0.23482743245540988
0.7111111111111111	-0.23482743245540988
0.7111111111111111	-0.23482743245540988
0.7111111111111111	-0.23482743245540988
0.7111111111111111	-0.23482743245540988
0.7111111111111111	-0.23482743245540988
0.7111111111111111	-0.23482743245540988
0.7111111111111111	-0.23482743245540988
0.7	-0.23182458096412953
0.7111111111111111	-0.23482743245540988
0.7111111111111111	-0.23482743245540988
0.7111111111111111	-0.23482743245540988
0.7	-0.23182458096412953
0.7111111111111111	-0.23482743245540988
0.7222222222222222	-0.24361274906553834
0.7166666666666667	-0.24294170762057682
0.7111111111111111	-0.23482743245540988
0.7	-0.23182458096412953
0.7111111111111111	-0.23482743245540988
0.7111111111111111	-0.23482743245540988
0.7	-0.23182458096412953
0.7	-0.23182458096412953
0.7111111111111111	-0.23482743245540988
0.7111111111111111	-0.23482743245540988
0.7111111111111111	-0.23482743245540988
0.7	-0.23182458096412953
0.7111111111111111	-0.23482743245540988
0.7	-0.23182458096412953
0.7111111111111111	-0.23482743245540988
0.7	-0.23182458096412953
0.7222222222222222	-0.24361274906553834
0.7111111111111111	-0.23482743245540988
0.7111111111111111	-0.23482743245540988
0.7111111111111111	-0.23482743245540988
0.7111111111111111	-0.23482743245540988
0.7111111111111111	-0.23482743245540988
0.7	-0.23182458096412953
0.7111111111111111	-0.23482743245540988
0.7111111111111111	-0.23482743245540988
0.7	-0.23182458096412953
0.7111111111111111	-0.23482743245540988
0.7	-0.23182458096412953
0.7	-0.23182458096412953
0.7111111111111111	-0.23482743245540988
0.7	-0.23182458096412953
0.7111111111111111	-0.23482743245540988
0.7111111111111111	-0.23482743245540988
0.7111111111111111	-0.23482743245540988
0.7111111111111111	-0.23482743245540988
0.7111111111111111	-0.23482743245540988
0.7111111111111111	-0.23482743245540988
0.7166666666666667	-0.24294170762057682
0.7	-0.23182458096412953
0.7111111111111111	-0.23482743245540988
0.7111111111111111	-0.23482743245540988
0.7111111111111111	-0.23482743245540988
0.7	-0.23182458096412953
0.7111111111111111	-0.23482743245540988
0.7111111111111111	-0.23482743245540988
0.7	-0.23182458096412953
0.7111111111111111	-0.23482743245540988
0.7111111111111111	-0.23482743245540988
0.7111111111111111	-0.23482743245540988
0.7	-0.23182458096412953
0.7166666666666667	-0.24294170762057682
0.7111111111111111	-0.23482743245540988
0.7111111111111111	-0.23482743245540988
