1.348722284234719
1.9610334337974986
2.012598614646838
2.0410407043733874
2.0566641562046173
2.0598965099276594
2.0598965099276594
2.0598965099276594
2.0598965099276594
2.0598965099276594
2.0598965099276594
2.0598965099276594
2.0598965099276594
2.0598965099276594
2.0598965099276594
2.0598965099276594
2.0598965099276594
2.0598965099276594
2.0598965099276594
2.0598965099276594
2.0598965099276594
2.0598965099276594
2.0598965099276594
2.0598965099276594
2.0598965099276594
1.348722284234719
1.9274550763565679
2.0184837718719018
2.026294408246733
2.026305110536369
2.02630983939381
2.02630983939381
2.02630983939381
2.02630983939381
2.02630983939381
2.027158054322937
2.027158054322937
2.027158054322937
2.0302868150661233
2.0311284226650907
2.0311973838219006
2.0332680579975504
2.035954174842601
2.035954174842601
2.035954174842601
2.035954174842601
2.035954174842601
2.035954174842601
2.035954174842601
2.035954174842601
