1.348722284234719
1.9610334337974986
2.012598614646838
2.0410407043733874
2.0566641562046173
2.0598965099276594
2.0598965099276594
2.0598965099276594
2.0598965099276594
2.0598965099276594
2.0598965099276594
2.0598965099276594
2.0598965099276594
2.0598965099276594
2.0598965099276594
2.0598965099276594
2.0598965099276594
2.0598965099276594
2.0598965099276594
2.0598965099276594
2.0598965099276594
2.0598965099276594
2.0598965099276594
2.0598965099276594
2.0598965099276594
1.348722284234719
1.9274550763565679
2.0184837718719018
2.026294408246733
2.026305110536369
2.02630983939381
2.02630983939381
2.02630983939381
2.02630983939381
2.02630983939381
2.027158054322937
2.027158054322937
2.027158054322937
2.0302868150661233
2.0311284226650907
2.0311973838219006
2.0332680579975504
2.035954174842601
2.035954174842601
2.035954174842601
2.035954174842601
2.035954174842601
2.035954174842601
2.035954174842601
2.035954174842601
1.348722284234719
1.8961009377889548
2.0319557593827318
2.065254502177831
2.0921915560267723
2.0921915560267723
2.092199142308528
2.0939931482950507
2.0939931482950507
2.0939931482950507
2.0939931482950507
2.0939931482950507
2.0939931482950507
2.0939931482950507
2.0939931482950507
2.0939931482950507
2.0939931482950507
2.095978940684961
2.095978940684961
2.095978940684961
2.095978940684961
2.095978940684961
2.0961481516777076
2.0961481516777076
2.0961529022769687
1.348722284234719
1.9241338155003138
1.9989226472437032
2.013387633087087
2.019072466905211
2.048556702047731
2.0607341277937894
2.062392991397296
2.0678558402510827
2.0697272868435856
2.0697272868435856
2.0697272868435856
2.0732170457509835
2.073226503811547
2.073232117039278
2.0732549933536513
2.073286335521877
2.0733100311012267
2.0760573029737452
2.0760573029737452
2.0760573029737452
2.0760573029737452
2.0760573029737452
2.0760573029737452
2.0760671779950033
1.348722284234719
1.9331138074739729
1.9949275014905332
2.0061428872059115
2.0272210308039758
2.05692878303682
2.062732073885869
2.062732073885869
2.0640135655178566
2.075686701639216
2.101089831898513
2.10111206727898
2.10111206727898
2.10111206727898
2.10111206727898
2.10111206727898
2.10111206727898
2.10111206727898
2.10111206727898
2.10111206727898
2.10111206727898
2.10111206727898
2.10111206727898
2.10111206727898
2.10111206727898
