1.7011828585590925
1.9809570846811602
2.058460428102391
2.063986853996278
2.177634308987757
2.177634308987757
2.177634308987757
2.177634308987757
2.177634308987757
2.177634308987757
2.177634308987757
2.177634308987757
2.177634308987757
2.177634308987757
2.177634308987757
2.177634308987757
2.177634308987757
2.177634308987757
2.177634308987757
2.177634308987757
2.177634308987757
2.177634308987757
2.177634308987757
2.177634308987757
2.177634308987757
1.7011828585590925
2.030360709113307
2.049360952192608
2.0830881632411824
2.085867202150021
2.177634308987757
2.177634308987757
2.177634308987757
2.177634308987757
2.177634308987757
2.177634308987757
2.177634308987757
2.177634308987757
2.177634308987757
2.177634308987757
2.177634308987757
2.177634308987757
2.177634308987757
2.177634308987757
2.177634308987757
2.177634308987757
2.177634308987757
2.177634308987757
2.177634308987757
2.177634308987757
