1.7011828585590925
1.9809570846811602
2.058460428102391
2.063986853996278
2.177634308987757
2.177634308987757
2.177634308987757
2.177634308987757
2.177634308987757
2.177634308987757
2.177634308987757
2.177634308987757
2.177634308987757
2.177634308987757
2.177634308987757
2.177634308987757
2.177634308987757
2.177634308987757
2.177634308987757
2.177634308987757
2.177634308987757
2.177634308987757
2.177634308987757
2.177634308987757
2.177634308987757
1.7011828585590925
2.030360709113307
2.049360952192608
2.0830881632411824
2.085867202150021
2.177634308987757
2.177634308987757
2.177634308987757
2.177634308987757
2.177634308987757
2.177634308987757
2.177634308987757
2.177634308987757
2.177634308987757
2.177634308987757
2.177634308987757
2.177634308987757
2.177634308987757
2.177634308987757
2.177634308987757
2.177634308987757
2.177634308987757
2.177634308987757
2.177634308987757
2.177634308987757
1.7011828585590925
1.9699421053423167
2.027943434553659
2.0724968848509877
2.0724968848509877
2.0724968848509877
2.0724968848509877
2.0724968848509877
2.0724968848509877
2.0724968848509877
2.0724968848509877
2.0724968848509877
2.0724968848509877
2.0724968848509877
2.0724968848509877
2.0724968848509877
2.0724968848509877
2.0724968848509877
2.0724968848509877
2.0724968848509877
2.0724968848509877
2.0724968848509877
2.0724968848509877
2.0724968848509877
2.0724968848509877
1.7011828585590925
2.019459036043974
2.0724968848509873
2.1014600274947313
2.1014600274947313
2.1014600274947313
2.1014600274947313
2.1014600274947313
2.1014600274947313
2.1054715430994237
2.1054715430994237
2.1054715430994237
2.1054715430994237
2.1054715430994237
2.1054715430994237
2.1054715430994237
2.1054715430994237
2.1054715430994237
2.1054715430994237
2.1054715430994237
2.1198806319020873
2.1198806319020873
2.1198806319020873
2.1198806319020873
2.1198806319020873
1.7011828585590925
2.007814415611258
2.0724968848509877
2.085867202150021
2.092925626563118
2.1054155210987293
2.1054155210987293
2.1054155210987293
2.1054155210987293
2.105478824946311
2.105487369061319
2.105487369061319
2.105487369061319
2.1276490894866544
2.1276490894866544
2.1276490894866544
2.1276490894866544
2.1276490894866544
2.1276490894866544
2.1276490894866544
2.1276490894866544
2.1276490894866544
2.1276490894866544
2.1276490894866544
2.1276490894866544
1.7011828585590925
2.0008607533526623
2.0486789867811495
2.0486789867811495
2.0486789867811495
2.0486789867811495
2.0724968848509877
2.0724968848509877
2.0724968848509877
2.085867202150021
2.0913619761201168
2.09985491874481
2.099863462859818
2.099920747128633
2.1276490894866544
2.1276490894866544
2.1276490894866544
2.1276490894866544
2.1276490894866544
2.1276490894866544
2.1276490894866544
2.1276490894866544
2.1276490894866544
2.1276490894866544
2.1276490894866544
1.7011828585590925
2.0536488818118745
2.1276490894866544
2.1276490894866544
2.1276490894866544
2.1276490894866544
2.1276490894866544
2.1276490894866544
2.1276490894866544
2.1276490894866544
2.1276490894866544
2.1276490894866544
2.1276490894866544
2.1276490894866544
2.1276490894866544
2.1276490894866544
2.1276490894866544
2.1276490894866544
2.1276490894866544
2.1276490894866544
2.1276490894866544
2.1276490894866544
2.1276490894866544
2.1276490894866544
2.1276490894866544
1.7011828585590925
1.9940349610573511
2.10544717302252
2.10544717302252
2.131823712836412
2.131823712836412
2.131823712836412
2.131823712836412
2.131823712836412
2.131823712836412
2.131823712836412
2.131823712836412
2.131823712836412
2.131823712836412
2.131823712836412
2.131823712836412
2.131823712836412
2.131823712836412
2.131823712836412
2.131823712836412
2.131823712836412
2.131823712836412
2.131823712836412
2.131823712836412
2.131823712836412
1.7011828585590925
1.982955415602806
2.0541104569036635
2.0886462410588598
2.1069377132348106
2.1069377132348106
2.1468357490661756
2.1468357490661756
2.1468357490661756
2.1468357490661756
2.1468357490661756
2.1468357490661756
2.1468357490661756
2.1468357490661756
2.1468357490661756
2.1468357490661756
2.1468357490661756
2.1468357490661756
2.1468357490661756
2.1468357490661756
2.1468357490661756
2.1468357490661756
2.1468357490661756
2.1468357490661756
2.1468357490661756
