1.3680830632462275
1.7556426126371907
1.9611771524108723
1.9611771524108723
1.9641448787474751
1.9708121145358684
1.9708121145358684
1.9708121145358684
1.9708121145358684
1.9708121145358684
1.9708121145358684
1.9708121145358684
1.9708121145358684
1.9708121145358684
1.9708121145358684
1.9708121145358684
1.9708121145358684
1.9708121145358684
1.9708121145358684
1.9708121145358684
1.9708121145358684
1.9708121145358684
1.9708121145358684
1.9708121145358684
1.9708121145358684
1.3680830632462275
1.7556426126371907
1.9611771524108723
1.9611771524108723
1.9641448787474751
1.9708121145358684
1.9708121145358684
1.9708121145358684
1.9708121145358684
1.9708121145358684
1.9708121145358684
1.9708121145358684
1.9708121145358684
1.9708121145358684
1.9708121145358684
1.9708121145358684
1.9708121145358684
1.9708121145358684
1.9708121145358684
1.9708121145358684
1.9708121145358684
1.9708121145358684
1.9708121145358684
1.9708121145358684
1.9708121145358684
1.3680830632462275
1.7556426126371907
1.9611771524108723
1.9611771524108723
1.9641448787474751
1.9708121145358684
1.9708121145358684
1.9708121145358684
1.9708121145358684
1.9708121145358684
1.9708121145358684
1.9708121145358684
1.9708121145358684
1.9708121145358684
1.9708121145358684
1.9708121145358684
1.9708121145358684
1.9708121145358684
1.9708121145358684
1.9708121145358684
1.9708121145358684
1.9708121145358684
1.9708121145358684
1.9708121145358684
1.9708121145358684
1.3680830632462275
1.7556426126371907
1.9611771524108723
1.9611771524108723
1.9641448787474751
1.9708121145358684
1.9708121145358684
1.9708121145358684
1.9708121145358684
1.9708121145358684
1.9708121145358684
1.9708121145358684
1.9708121145358684
1.9708121145358684
1.9708121145358684
1.9708121145358684
1.9708121145358684
1.9708121145358684
1.9708121145358684
1.9708121145358684
1.9708121145358684
1.9708121145358684
1.9708121145358684
1.9708121145358684
1.9708121145358684
1.3680830632462275
1.7556426126371907
1.9611771524108723
1.9611771524108723
1.9641448787474751
1.9708121145358684
1.9708121145358684
1.9708121145358684
1.9708121145358684
1.9708121145358684
1.9708121145358684
1.9708121145358684
1.9708121145358684
1.9708121145358684
1.9708121145358684
1.9708121145358684
1.9708121145358684
1.9708121145358684
1.9708121145358684
1.9708121145358684
1.9708121145358684
1.9708121145358684
1.9708121145358684
1.9708121145358684
1.9708121145358684
1.3680830632462275
1.7556426126371907
1.9611771524108723
1.9611771524108723
1.9641448787474751
1.9708121145358684
1.9708121145358684
1.9708121145358684
1.9708121145358684
1.9708121145358684
1.9708121145358684
1.9708121145358684
1.9708121145358684
1.9708121145358684
1.9708121145358684
1.9708121145358684
1.9708121145358684
1.9708121145358684
1.9708121145358684
1.9708121145358684
1.9708121145358684
1.9708121145358684
1.9708121145358684
1.9708121145358684
1.9708121145358684
1.3680830632462275
1.7556426126371907
1.9611771524108723
1.9611771524108723
1.9641448787474751
1.9708121145358684
1.9708121145358684
1.9708121145358684
1.9708121145358684
1.9708121145358684
1.9708121145358684
1.9708121145358684
1.9708121145358684
1.9708121145358684
1.9708121145358684
1.9708121145358684
1.9708121145358684
1.9708121145358684
1.9708121145358684
1.9708121145358684
1.9708121145358684
1.9708121145358684
1.9708121145358684
1.9708121145358684
1.9708121145358684
1.3680830632462275
1.7556426126371907
1.9611771524108723
1.9611771524108723
1.9641448787474751
1.9708121145358684
1.9708121145358684
1.9708121145358684
1.9708121145358684
1.9708121145358684
1.9708121145358684
1.9708121145358684
1.9708121145358684
1.9708121145358684
1.9708121145358684
1.9708121145358684
1.9708121145358684
1.9708121145358684
1.9708121145358684
1.9708121145358684
1.9708121145358684
1.9708121145358684
1.9708121145358684
1.9708121145358684
1.9708121145358684
1.3680830632462275
1.7556426126371907
1.9611771524108723
1.9611771524108723
1.9641448787474751
1.9708121145358684
1.9708121145358684
1.9708121145358684
1.9708121145358684
1.9708121145358684
1.9708121145358684
1.9708121145358684
1.9708121145358684
1.9708121145358684
1.9708121145358684
1.9708121145358684
1.9708121145358684
1.9708121145358684
1.9708121145358684
1.9708121145358684
1.9708121145358684
1.9708121145358684
1.9708121145358684
1.9708121145358684
1.9708121145358684
1.3680830632462275
1.7556426126371907
1.9611771524108723
1.9611771524108723
1.9641448787474751
1.9708121145358684
1.9708121145358684
1.9708121145358684
1.9708121145358684
1.9708121145358684
1.9708121145358684
1.9708121145358684
1.9708121145358684
1.9708121145358684
1.9708121145358684
1.9708121145358684
1.9708121145358684
1.9708121145358684
1.9708121145358684
1.9708121145358684
1.9708121145358684
1.9708121145358684
1.9708121145358684
1.9708121145358684
1.9708121145358684
