1.8565643062669102
2.1748679311197248
2.2065998088444836
2.2065998088444836
2.2065998088444836
2.2065998088444836
2.2065998088444836
2.2065998088444836
2.2065998088444836
2.2065998088444836
2.2065998088444836
2.2065998088444836
2.2065998088444836
2.2065998088444836
2.2065998088444836
2.2065998088444836
2.2065998088444836
2.2065998088444836
2.2065998088444836
2.2065998088444836
2.2065998088444836
2.2065998088444836
2.2065998088444836
2.2065998088444836
2.2065998088444836
1.8565643062669102
2.250276221726784
2.250276221726784
2.250276221726784
2.2884546933908796
2.2884546933908796
2.2884546933908796
2.2884546933908796
2.2884546933908796
2.2884546933908796
2.2884546933908796
2.2884546933908796
2.2884546933908796
2.2884546933908796
2.2884546933908796
2.2884546933908796
2.2884546933908796
2.2884546933908796
2.2884546933908796
2.2884546933908796
2.2884546933908796
2.2884546933908796
2.2884546933908796
2.2884546933908796
2.2884546933908796
