1.8565643062669102
2.1748679311197248
2.2065998088444836
2.2065998088444836
2.2065998088444836
2.2065998088444836
2.2065998088444836
2.2065998088444836
2.2065998088444836
2.2065998088444836
2.2065998088444836
2.2065998088444836
2.2065998088444836
2.2065998088444836
2.2065998088444836
2.2065998088444836
2.2065998088444836
2.2065998088444836
2.2065998088444836
2.2065998088444836
2.2065998088444836
2.2065998088444836
2.2065998088444836
2.2065998088444836
2.2065998088444836
1.8565643062669102
2.250276221726784
2.250276221726784
2.250276221726784
2.2884546933908796
2.2884546933908796
2.2884546933908796
2.2884546933908796
2.2884546933908796
2.2884546933908796
2.2884546933908796
2.2884546933908796
2.2884546933908796
2.2884546933908796
2.2884546933908796
2.2884546933908796
2.2884546933908796
2.2884546933908796
2.2884546933908796
2.2884546933908796
2.2884546933908796
2.2884546933908796
2.2884546933908796
2.2884546933908796
2.2884546933908796
1.8565643062669102
2.212413967636399
2.218228126428315
2.218228126428315
2.218228126428315
2.218228126428315
2.218228126428315
2.218228126428315
2.218228126428315
2.218228126428315
2.218228126428315
2.218228126428315
2.218228126428315
2.218228126428315
2.218228126428315
2.218228126428315
2.218228126428315
2.218228126428315
2.218228126428315
2.218228126428315
2.218228126428315
2.218228126428315
2.218228126428315
2.218228126428315
2.218228126428315
1.8565643062669102
2.212413967636399
2.250276221726784
2.250276221726784
2.250276221726784
2.250276221726784
2.250276221726784
2.250276221726784
2.250276221726784
2.250276221726784
2.250276221726784
2.250276221726784
2.250276221726784
2.250276221726784
2.250276221726784
2.250276221726784
2.250276221726784
2.250276221726784
2.250276221726784
2.250276221726784
2.250276221726784
2.2884546933908796
2.2884546933908796
2.2884546933908796
2.2884546933908796
1.8565643062669102
2.1748679311197248
2.2065998088444836
2.212413967636399
2.212413967636399
2.212413967636399
2.212413967636399
2.212413967636399
2.212413967636399
2.212413967636399
2.212413967636399
2.212413967636399
2.212413967636399
2.212413967636399
2.212413967636399
2.212413967636399
2.212413967636399
2.212413967636399
2.212413967636399
2.212413967636399
2.212413967636399
2.212413967636399
2.212413967636399
2.212413967636399
2.212413967636399
1.8565643062669102
2.212413967636399
2.212413967636399
2.212413967636399
2.212413967636399
2.212413967636399
2.212413967636399
2.212413967636399
2.212413967636399
2.212413967636399
2.212413967636399
2.212413967636399
2.212413967636399
2.212413967636399
2.212413967636399
2.212413967636399
2.212413967636399
2.212413967636399
2.212413967636399
2.212413967636399
2.212413967636399
2.212413967636399
2.212413967636399
2.212413967636399
2.212413967636399
1.8565643062669102
2.2065998088444836
2.212413967636399
2.212413967636399
2.212413967636399
2.212413967636399
2.212413967636399
2.212413967636399
2.212413967636399
2.212413967636399
2.212413967636399
2.212413967636399
2.212413967636399
2.212413967636399
2.212413967636399
2.212413967636399
2.212413967636399
2.212413967636399
2.212413967636399
2.212413967636399
2.212413967636399
2.212413967636399
2.212413967636399
2.212413967636399
2.212413967636399
1.8565643062669102
2.1748679311197248
2.180638765330478
2.180638765330478
2.180638765330478
2.180638765330478
2.180638765330478
2.180638765330478
2.180638765330478
2.180638765330478
2.180638765330478
2.2884546933908796
2.2884546933908796
2.2884546933908796
2.2884546933908796
2.2884546933908796
2.2884546933908796
2.2884546933908796
2.2884546933908796
2.2884546933908796
2.2884546933908796
2.2884546933908796
2.2884546933908796
2.2884546933908796
2.2884546933908796
