1.4693733576707046
2.059207282640859
2.0800165092083716
2.0807571409375147
2.0834624029854534
2.0834624029854534
2.0834624029854534
2.086149956866371
2.086149956866371
2.086149956866371
2.086149956866371
2.086149956866371
2.086149956866371
2.086149956866371
2.086149956866371
2.086149956866371
2.086149956866371
2.086149956866371
2.086149956866371
2.086149956866371
2.086149956866371
2.086149956866371
2.086149956866371
2.086149956866371
2.086149956866371
1.4693733576707046
2.059207282640859
2.0800165092083716
2.0807571409375147
2.0834624029854534
2.0834624029854534
2.0834624029854534
2.086149956866371
2.086149956866371
2.086149956866371
2.086149956866371
2.086149956866371
2.086149956866371
2.086149956866371
2.086149956866371
2.086149956866371
2.086149956866371
2.086149956866371
2.086149956866371
2.086149956866371
2.086149956866371
2.086149956866371
2.086149956866371
2.086149956866371
2.086149956866371
1.4693733576707046
2.059207282640859
2.0800165092083716
2.0807571409375147
2.0834624029854534
2.0834624029854534
2.0834624029854534
2.086149956866371
2.086149956866371
2.086149956866371
2.086149956866371
2.086149956866371
2.086149956866371
2.086149956866371
2.086149956866371
2.086149956866371
2.086149956866371
2.086149956866371
2.086149956866371
2.086149956866371
2.086149956866371
2.086149956866371
2.086149956866371
2.086149956866371
2.086149956866371
1.4693733576707046
2.059207282640859
2.0800165092083716
2.0807571409375147
2.0834624029854534
2.0834624029854534
2.0834624029854534
2.086149956866371
2.086149956866371
2.086149956866371
2.086149956866371
2.086149956866371
2.086149956866371
2.086149956866371
2.086149956866371
2.086149956866371
2.086149956866371
2.086149956866371
2.086149956866371
2.086149956866371
2.086149956866371
2.086149956866371
2.086149956866371
2.086149956866371
2.086149956866371
1.4693733576707046
2.059207282640859
2.0800165092083716
2.0807571409375147
2.0834624029854534
2.0834624029854534
2.0834624029854534
2.086149956866371
2.086149956866371
2.086149956866371
2.086149956866371
2.086149956866371
2.086149956866371
2.086149956866371
2.086149956866371
2.086149956866371
2.086149956866371
2.086149956866371
2.086149956866371
2.086149956866371
2.086149956866371
2.086149956866371
2.086149956866371
2.086149956866371
2.086149956866371
1.4693733576707046
2.059207282640859
2.0800165092083716
2.0807571409375147
2.0834624029854534
2.0834624029854534
2.0834624029854534
2.086149956866371
2.086149956866371
2.086149956866371
2.086149956866371
2.086149956866371
2.086149956866371
2.086149956866371
2.086149956866371
2.086149956866371
2.086149956866371
2.086149956866371
2.086149956866371
2.086149956866371
2.086149956866371
2.086149956866371
2.086149956866371
2.086149956866371
2.086149956866371
1.4693733576707046
2.059207282640859
2.0800165092083716
2.0807571409375147
2.0834624029854534
2.0834624029854534
2.0834624029854534
2.086149956866371
2.086149956866371
2.086149956866371
2.086149956866371
2.086149956866371
2.086149956866371
2.086149956866371
2.086149956866371
2.086149956866371
2.086149956866371
2.086149956866371
2.086149956866371
2.086149956866371
2.086149956866371
2.086149956866371
2.086149956866371
2.086149956866371
2.086149956866371
1.4693733576707046
2.059207282640859
2.0800165092083716
2.0807571409375147
2.0834624029854534
2.0834624029854534
2.0834624029854534
2.086149956866371
2.086149956866371
2.086149956866371
2.086149956866371
2.086149956866371
2.086149956866371
2.086149956866371
2.086149956866371
2.086149956866371
2.086149956866371
2.086149956866371
2.086149956866371
2.086149956866371
2.086149956866371
2.086149956866371
2.086149956866371
2.086149956866371
2.086149956866371
1.4693733576707046
2.059207282640859
2.0800165092083716
2.0807571409375147
2.0834624029854534
2.0834624029854534
2.0834624029854534
2.086149956866371
2.086149956866371
2.086149956866371
2.086149956866371
2.086149956866371
2.086149956866371
2.086149956866371
2.086149956866371
2.086149956866371
2.086149956866371
2.086149956866371
2.086149956866371
2.086149956866371
2.086149956866371
2.086149956866371
2.086149956866371
2.086149956866371
2.086149956866371
