0.7954545454545454	-0.19305071316449524
0.7818181818181819	-0.18925912716807075
0.7909090909090909	-0.1902191737120548
0.7863636363636364	-0.18970278288747078
0.7954545454545454	-0.19305071316449524
0.7954545454545454	-0.19305071316449524
0.7954545454545454	-0.19305071316449524
0.7954545454545454	-0.19305071316449524
0.7954545454545454	-0.19305071316449524
0.7954545454545454	-0.19305071316449524
0.7954545454545454	-0.19305071316449524
0.7954545454545454	-0.19305071316449524
0.7954545454545454	-0.19305071316449524
0.7954545454545454	-0.19305071316449524
0.7954545454545454	-0.19305071316449524
0.7954545454545454	-0.19305071316449524
0.7954545454545454	-0.19305071316449524
0.7954545454545454	-0.19305071316449524
0.7954545454545454	-0.19305071316449524
0.7954545454545454	-0.19305071316449524
0.7954545454545454	-0.19305071316449524
0.7954545454545454	-0.19305071316449524
0.7954545454545454	-0.19305071316449524
0.7954545454545454	-0.19305071316449524
0.7954545454545454	-0.19305071316449524
0.7954545454545454	-0.19305071316449524
0.7954545454545454	-0.19305071316449524
0.7954545454545454	-0.19305071316449524
0.7954545454545454	-0.19305071316449524
0.7954545454545454	-0.19305071316449524
0.7954545454545454	-0.19305071316449524
0.7954545454545454	-0.19305071316449524
0.7954545454545454	-0.19305071316449524
0.7954545454545454	-0.19305071316449524
0.7954545454545454	-0.19305071316449524
0.7954545454545454	-0.19305071316449524
0.7954545454545454	-0.19305071316449524
0.7954545454545454	-0.19305071316449524
0.7954545454545454	-0.19305071316449524
0.7954545454545454	-0.19305071316449524
0.7954545454545454	-0.19305071316449524
0.7954545454545454	-0.19305071316449524
0.7954545454545454	-0.19305071316449524
0.7954545454545454	-0.19305071316449524
0.7954545454545454	-0.19305071316449524
0.7954545454545454	-0.19305071316449524
0.7954545454545454	-0.19305071316449524
0.7954545454545454	-0.19305071316449524
0.7954545454545454	-0.19305071316449524
0.7954545454545454	-0.19305071316449524
0.7954545454545454	-0.19305071316449524
0.7954545454545454	-0.19305071316449524
0.7954545454545454	-0.19305071316449524
0.7954545454545454	-0.19305071316449524
0.7954545454545454	-0.19305071316449524
0.7954545454545454	-0.19305071316449524
0.7954545454545454	-0.19305071316449524
0.7954545454545454	-0.19305071316449524
0.7954545454545454	-0.19305071316449524
0.7954545454545454	-0.19305071316449524
0.7954545454545454	-0.19305071316449524
0.7954545454545454	-0.19305071316449524
0.7954545454545454	-0.19305071316449524
0.7954545454545454	-0.19305071316449524
0.7954545454545454	-0.19305071316449524
0.7954545454545454	-0.19305071316449524
0.7954545454545454	-0.19305071316449524
0.7954545454545454	-0.19305071316449524
0.7954545454545454	-0.19305071316449524
0.7954545454545454	-0.19305071316449524
0.7954545454545454	-0.19305071316449524
0.7954545454545454	-0.19305071316449524
0.7954545454545454	-0.19305071316449524
0.7954545454545454	-0.19305071316449524
0.7954545454545454	-0.19305071316449524
0.7954545454545454	-0.19305071316449524
0.7954545454545454	-0.19305071316449524
0.7954545454545454	-0.19305071316449524
0.7954545454545454	-0.19305071316449524
0.7954545454545454	-0.19305071316449524
0.7954545454545454	-0.19305071316449524
0.7954545454545454	-0.19305071316449524
0.7954545454545454	-0.19305071316449524
0.7954545454545454	-0.19305071316449524
0.7954545454545454	-0.19305071316449524
0.7954545454545454	-0.19305071316449524
0.7954545454545454	-0.19305071316449524
0.7954545454545454	-0.19305071316449524
0.7954545454545454	-0.19305071316449524
0.7954545454545454	-0.19305071316449524
0.7954545454545454	-0.19305071316449524
0.7954545454545454	-0.19305071316449524
0.7954545454545454	-0.19305071316449524
0.7954545454545454	-0.19305071316449524
0.7954545454545454	-0.19305071316449524
0.7954545454545454	-0.19305071316449524
0.7954545454545454	-0.19305071316449524
0.7954545454545454	-0.19305071316449524
0.7909090909090909	-0.1902191737120548
0.7954545454545454	-0.19305071316449524
0.7954545454545454	-0.19305071316449524
0.7954545454545454	-0.19305071316449524
0.7954545454545454	-0.19305071316449524
0.7954545454545454	-0.19305071316449524
0.7954545454545454	-0.19305071316449524
0.7954545454545454	-0.19305071316449524
0.7954545454545454	-0.19305071316449524
0.7954545454545454	-0.19305071316449524
0.7954545454545454	-0.19305071316449524
0.7818181818181819	-0.18925912716807075
0.7954545454545454	-0.19305071316449524
0.7954545454545454	-0.19305071316449524
0.7954545454545454	-0.19305071316449524
0.7954545454545454	-0.19305071316449524
0.7954545454545454	-0.19305071316449524
0.7954545454545454	-0.19305071316449524
0.7954545454545454	-0.19305071316449524
0.7954545454545454	-0.19305071316449524
0.7954545454545454	-0.19305071316449524
0.7954545454545454	-0.19305071316449524
0.7954545454545454	-0.19305071316449524
0.7954545454545454	-0.19305071316449524
0.7954545454545454	-0.19305071316449524
0.7954545454545454	-0.19305071316449524
0.7954545454545454	-0.19305071316449524
0.7954545454545454	-0.19305071316449524
0.7954545454545454	-0.19305071316449524
0.7954545454545454	-0.19305071316449524
0.7954545454545454	-0.19305071316449524
0.7954545454545454	-0.19305071316449524
0.7954545454545454	-0.19305071316449524
0.7954545454545454	-0.19305071316449524
0.7954545454545454	-0.19305071316449524
0.7954545454545454	-0.19305071316449524
0.7954545454545454	-0.19305071316449524
0.7954545454545454	-0.19305071316449524
0.7954545454545454	-0.19305071316449524
0.7954545454545454	-0.19305071316449524
0.7954545454545454	-0.19305071316449524
0.7954545454545454	-0.19305071316449524
0.7954545454545454	-0.19305071316449524
0.7954545454545454	-0.19305071316449524
0.7954545454545454	-0.19305071316449524
0.7954545454545454	-0.19305071316449524
0.7954545454545454	-0.19305071316449524
0.7954545454545454	-0.19305071316449524
0.7954545454545454	-0.19305071316449524
0.7954545454545454	-0.19305071316449524
0.7954545454545454	-0.19305071316449524
0.7954545454545454	-0.19305071316449524
0.7954545454545454	-0.19305071316449524
0.7818181818181819	-0.18925912716807075
0.7954545454545454	-0.19305071316449524
0.7954545454545454	-0.19305071316449524
0.7954545454545454	-0.19305071316449524
0.7954545454545454	-0.19305071316449524
0.7954545454545454	-0.19305071316449524
0.7954545454545454	-0.19305071316449524
0.7954545454545454	-0.19305071316449524
0.7954545454545454	-0.19305071316449524
0.7954545454545454	-0.19305071316449524
0.7954545454545454	-0.19305071316449524
0.7954545454545454	-0.19305071316449524
0.7954545454545454	-0.19305071316449524
0.7954545454545454	-0.19305071316449524
0.7954545454545454	-0.19305071316449524
0.7954545454545454	-0.19305071316449524
0.7954545454545454	-0.19305071316449524
0.7954545454545454	-0.19305071316449524
0.7954545454545454	-0.19305071316449524
0.7954545454545454	-0.19305071316449524
0.7954545454545454	-0.19305071316449524
0.7954545454545454	-0.19305071316449524
0.7954545454545454	-0.19305071316449524
0.7954545454545454	-0.19305071316449524
0.7954545454545454	-0.19305071316449524
0.7954545454545454	-0.19305071316449524
0.7954545454545454	-0.19305071316449524
0.7954545454545454	-0.19305071316449524
0.7954545454545454	-0.19305071316449524
0.7954545454545454	-0.19305071316449524
0.7954545454545454	-0.19305071316449524
0.7954545454545454	-0.19305071316449524
0.7954545454545454	-0.19305071316449524
0.7954545454545454	-0.19305071316449524
0.7954545454545454	-0.19305071316449524
0.7954545454545454	-0.19305071316449524
0.7954545454545454	-0.19305071316449524
0.7954545454545454	-0.19305071316449524
0.7954545454545454	-0.19305071316449524
0.7954545454545454	-0.19305071316449524
0.7954545454545454	-0.19305071316449524
0.7954545454545454	-0.19305071316449524
0.7954545454545454	-0.19305071316449524
0.7954545454545454	-0.19305071316449524
0.7954545454545454	-0.19305071316449524
0.7954545454545454	-0.19305071316449524
0.7954545454545454	-0.19305071316449524
0.7954545454545454	-0.19305071316449524
0.7954545454545454	-0.19305071316449524
