0.7863636363636364	-0.20373252852886997
0.7681818181818182	-0.19698101269893925
0.7727272727272727	-0.1991539711467887
0.7818181818181819	-0.20334134459652495
0.7727272727272727	-0.1991539711467887
0.7727272727272727	-0.1991539711467887
0.7727272727272727	-0.1991539711467887
0.7727272727272727	-0.1991539711467887
0.7727272727272727	-0.1991539711467887
0.7727272727272727	-0.1991539711467887
0.7727272727272727	-0.1991539711467887
0.7727272727272727	-0.1991539711467887
0.7727272727272727	-0.1991539711467887
0.7727272727272727	-0.1991539711467887
0.7727272727272727	-0.1991539711467887
0.7727272727272727	-0.1991539711467887
0.7727272727272727	-0.1991539711467887
0.7727272727272727	-0.1991539711467887
0.7727272727272727	-0.1991539711467887
0.7727272727272727	-0.1991539711467887
0.7727272727272727	-0.1991539711467887
0.7727272727272727	-0.1991539711467887
0.7727272727272727	-0.1991539711467887
0.7727272727272727	-0.1991539711467887
0.7727272727272727	-0.1991539711467887
0.7727272727272727	-0.1991539711467887
0.7727272727272727	-0.1991539711467887
0.7727272727272727	-0.1991539711467887
0.7727272727272727	-0.1991539711467887
0.7727272727272727	-0.1991539711467887
0.7727272727272727	-0.1991539711467887
0.7727272727272727	-0.1991539711467887
0.7727272727272727	-0.1991539711467887
0.7727272727272727	-0.1991539711467887
0.7727272727272727	-0.1991539711467887
0.7727272727272727	-0.1991539711467887
0.7727272727272727	-0.1991539711467887
0.7727272727272727	-0.1991539711467887
0.7727272727272727	-0.1991539711467887
0.7727272727272727	-0.1991539711467887
0.7727272727272727	-0.1991539711467887
0.7727272727272727	-0.1991539711467887
0.7727272727272727	-0.1991539711467887
0.7727272727272727	-0.1991539711467887
0.7727272727272727	-0.1991539711467887
0.7727272727272727	-0.1991539711467887
0.7727272727272727	-0.1991539711467887
0.7727272727272727	-0.1991539711467887
0.7727272727272727	-0.1991539711467887
0.7727272727272727	-0.1991539711467887
0.7727272727272727	-0.1991539711467887
0.7727272727272727	-0.1991539711467887
0.7727272727272727	-0.1991539711467887
0.7727272727272727	-0.1991539711467887
0.7727272727272727	-0.1991539711467887
0.7727272727272727	-0.1991539711467887
0.7727272727272727	-0.1991539711467887
0.7727272727272727	-0.1991539711467887
0.7727272727272727	-0.1991539711467887
0.7727272727272727	-0.1991539711467887
0.7727272727272727	-0.1991539711467887
0.7727272727272727	-0.1991539711467887
0.7727272727272727	-0.1991539711467887
0.7727272727272727	-0.1991539711467887
0.7727272727272727	-0.1991539711467887
0.7727272727272727	-0.1991539711467887
0.7727272727272727	-0.1991539711467887
0.7727272727272727	-0.1991539711467887
0.7727272727272727	-0.1991539711467887
0.7727272727272727	-0.1991539711467887
0.7727272727272727	-0.1991539711467887
0.7727272727272727	-0.1991539711467887
0.7727272727272727	-0.1991539711467887
0.7727272727272727	-0.1991539711467887
0.7727272727272727	-0.1991539711467887
0.7727272727272727	-0.1991539711467887
0.7727272727272727	-0.1991539711467887
0.7727272727272727	-0.1991539711467887
0.7727272727272727	-0.1991539711467887
0.7727272727272727	-0.1991539711467887
0.7727272727272727	-0.1991539711467887
0.7727272727272727	-0.1991539711467887
0.7727272727272727	-0.1991539711467887
0.7727272727272727	-0.1991539711467887
0.7727272727272727	-0.1991539711467887
0.7727272727272727	-0.1991539711467887
0.7727272727272727	-0.1991539711467887
0.7727272727272727	-0.1991539711467887
0.7727272727272727	-0.1991539711467887
0.7727272727272727	-0.1991539711467887
0.7727272727272727	-0.1991539711467887
0.7727272727272727	-0.1991539711467887
0.7727272727272727	-0.1991539711467887
0.7727272727272727	-0.1991539711467887
0.7727272727272727	-0.1991539711467887
0.7727272727272727	-0.1991539711467887
0.7727272727272727	-0.1991539711467887
0.7727272727272727	-0.1991539711467887
0.7727272727272727	-0.1991539711467887
0.7727272727272727	-0.1991539711467887
0.7727272727272727	-0.1991539711467887
0.7727272727272727	-0.1991539711467887
0.7727272727272727	-0.1991539711467887
0.7727272727272727	-0.1991539711467887
0.7727272727272727	-0.1991539711467887
0.7727272727272727	-0.1991539711467887
0.7727272727272727	-0.1991539711467887
0.7727272727272727	-0.1991539711467887
0.7727272727272727	-0.1991539711467887
0.7727272727272727	-0.1991539711467887
0.7727272727272727	-0.1991539711467887
0.7727272727272727	-0.1991539711467887
0.7727272727272727	-0.1991539711467887
0.7727272727272727	-0.1991539711467887
0.7727272727272727	-0.1991539711467887
0.7727272727272727	-0.1991539711467887
0.7727272727272727	-0.1991539711467887
0.7727272727272727	-0.1991539711467887
0.7727272727272727	-0.1991539711467887
0.7727272727272727	-0.1991539711467887
0.7727272727272727	-0.1991539711467887
0.7727272727272727	-0.1991539711467887
0.7727272727272727	-0.1991539711467887
0.7727272727272727	-0.1991539711467887
0.7727272727272727	-0.1991539711467887
0.7727272727272727	-0.1991539711467887
0.7727272727272727	-0.1991539711467887
0.7727272727272727	-0.1991539711467887
0.7727272727272727	-0.1991539711467887
0.7727272727272727	-0.1991539711467887
0.7727272727272727	-0.1991539711467887
0.7727272727272727	-0.1991539711467887
0.7727272727272727	-0.1991539711467887
0.7727272727272727	-0.1991539711467887
0.7727272727272727	-0.1991539711467887
0.7727272727272727	-0.1991539711467887
0.7727272727272727	-0.1991539711467887
0.7727272727272727	-0.1991539711467887
0.7727272727272727	-0.1991539711467887
0.7727272727272727	-0.1991539711467887
0.7727272727272727	-0.1991539711467887
0.7727272727272727	-0.1991539711467887
0.7727272727272727	-0.1991539711467887
0.7727272727272727	-0.1991539711467887
0.7727272727272727	-0.1991539711467887
0.7727272727272727	-0.1991539711467887
0.7727272727272727	-0.1991539711467887
0.7727272727272727	-0.1991539711467887
0.7727272727272727	-0.1991539711467887
0.7727272727272727	-0.1991539711467887
0.7727272727272727	-0.1991539711467887
0.7727272727272727	-0.1991539711467887
0.7727272727272727	-0.1991539711467887
0.7727272727272727	-0.1991539711467887
0.7727272727272727	-0.1991539711467887
0.7727272727272727	-0.1991539711467887
0.7727272727272727	-0.1991539711467887
0.7727272727272727	-0.1991539711467887
0.7727272727272727	-0.1991539711467887
0.7727272727272727	-0.1991539711467887
0.7727272727272727	-0.1991539711467887
0.7727272727272727	-0.1991539711467887
0.7727272727272727	-0.1991539711467887
0.7727272727272727	-0.1991539711467887
0.7727272727272727	-0.1991539711467887
0.7727272727272727	-0.1991539711467887
0.7727272727272727	-0.1991539711467887
0.7727272727272727	-0.1991539711467887
0.7727272727272727	-0.1991539711467887
0.7727272727272727	-0.1991539711467887
0.7863636363636364	-0.20373252852886997
0.7727272727272727	-0.1991539711467887
0.7727272727272727	-0.1991539711467887
0.7727272727272727	-0.1991539711467887
0.7727272727272727	-0.1991539711467887
0.7727272727272727	-0.1991539711467887
0.7727272727272727	-0.1991539711467887
0.7727272727272727	-0.1991539711467887
0.7727272727272727	-0.1991539711467887
0.7727272727272727	-0.1991539711467887
0.7727272727272727	-0.1991539711467887
0.7727272727272727	-0.1991539711467887
0.7727272727272727	-0.1991539711467887
0.7727272727272727	-0.1991539711467887
0.7727272727272727	-0.1991539711467887
0.7727272727272727	-0.1991539711467887
0.7727272727272727	-0.1991539711467887
0.7727272727272727	-0.1991539711467887
0.7727272727272727	-0.1991539711467887
0.7727272727272727	-0.1991539711467887
0.7727272727272727	-0.1991539711467887
0.7727272727272727	-0.1991539711467887
0.7727272727272727	-0.1991539711467887
0.7727272727272727	-0.1991539711467887
0.7727272727272727	-0.1991539711467887
0.7727272727272727	-0.1991539711467887
0.7727272727272727	-0.1991539711467887
0.7727272727272727	-0.1991539711467887
0.7727272727272727	-0.1991539711467887
0.7727272727272727	-0.1991539711467887
