0.7772727272727272	-0.18937261065683197
0.7954545454545454	-0.19305071316449524
0.7909090909090909	-0.1902191737120548
0.7863636363636364	-0.18970278288747078
0.7818181818181819	-0.1895995776343544
0.7954545454545454	-0.19305071316449524
0.7954545454545454	-0.19305071316449524
0.7954545454545454	-0.19305071316449524
0.7954545454545454	-0.19305071316449524
0.7954545454545454	-0.19305071316449524
0.7954545454545454	-0.19305071316449524
0.7954545454545454	-0.19305071316449524
0.7954545454545454	-0.19305071316449524
0.7954545454545454	-0.19305071316449524
0.7954545454545454	-0.19305071316449524
0.7954545454545454	-0.19305071316449524
0.7954545454545454	-0.19305071316449524
0.7954545454545454	-0.19305071316449524
0.7954545454545454	-0.19305071316449524
0.7954545454545454	-0.19305071316449524
0.7954545454545454	-0.19305071316449524
0.7954545454545454	-0.19305071316449524
0.7954545454545454	-0.19305071316449524
0.7954545454545454	-0.19305071316449524
0.7954545454545454	-0.19305071316449524
0.7954545454545454	-0.19305071316449524
0.7954545454545454	-0.19305071316449524
0.7954545454545454	-0.19305071316449524
0.7954545454545454	-0.19305071316449524
0.7954545454545454	-0.19305071316449524
0.7954545454545454	-0.19305071316449524
0.7954545454545454	-0.19305071316449524
0.7954545454545454	-0.19305071316449524
0.7954545454545454	-0.19305071316449524
0.7954545454545454	-0.19305071316449524
0.7954545454545454	-0.19305071316449524
0.7954545454545454	-0.19305071316449524
0.7954545454545454	-0.19305071316449524
0.7954545454545454	-0.19305071316449524
0.7909090909090909	-0.1902191737120548
0.7954545454545454	-0.19305071316449524
0.7954545454545454	-0.19305071316449524
0.7954545454545454	-0.19305071316449524
0.7954545454545454	-0.19305071316449524
0.7954545454545454	-0.19305071316449524
0.7954545454545454	-0.19305071316449524
0.7954545454545454	-0.19305071316449524
0.7954545454545454	-0.19305071316449524
0.7954545454545454	-0.19305071316449524
0.7954545454545454	-0.19305071316449524
0.7954545454545454	-0.19305071316449524
0.7954545454545454	-0.19305071316449524
0.7954545454545454	-0.19305071316449524
0.7954545454545454	-0.19305071316449524
0.7954545454545454	-0.19305071316449524
0.7954545454545454	-0.19305071316449524
0.7954545454545454	-0.19305071316449524
0.7954545454545454	-0.19305071316449524
0.7954545454545454	-0.19305071316449524
0.7954545454545454	-0.19305071316449524
0.7954545454545454	-0.19305071316449524
0.7954545454545454	-0.19305071316449524
0.7954545454545454	-0.19305071316449524
0.7954545454545454	-0.19305071316449524
0.7954545454545454	-0.19305071316449524
0.7954545454545454	-0.19305071316449524
0.7954545454545454	-0.19305071316449524
0.7954545454545454	-0.19305071316449524
0.7954545454545454	-0.19305071316449524
0.7909090909090909	-0.1902191737120548
0.7954545454545454	-0.19305071316449524
0.7909090909090909	-0.1902191737120548
0.7954545454545454	-0.19305071316449524
0.7954545454545454	-0.19305071316449524
0.7954545454545454	-0.19305071316449524
0.7954545454545454	-0.19305071316449524
0.7954545454545454	-0.19305071316449524
0.7954545454545454	-0.19305071316449524
0.7954545454545454	-0.19305071316449524
0.7954545454545454	-0.19305071316449524
0.7954545454545454	-0.19305071316449524
0.7954545454545454	-0.19305071316449524
0.7954545454545454	-0.19305071316449524
0.7954545454545454	-0.19305071316449524
0.7954545454545454	-0.19305071316449524
0.7954545454545454	-0.19305071316449524
0.7954545454545454	-0.19305071316449524
0.7954545454545454	-0.19305071316449524
0.7954545454545454	-0.19305071316449524
0.7954545454545454	-0.19305071316449524
0.7954545454545454	-0.19305071316449524
0.7954545454545454	-0.19305071316449524
0.7954545454545454	-0.19305071316449524
0.7954545454545454	-0.19305071316449524
0.7954545454545454	-0.19305071316449524
0.7954545454545454	-0.19305071316449524
0.7954545454545454	-0.19305071316449524
0.7954545454545454	-0.19305071316449524
0.7954545454545454	-0.19305071316449524
0.7954545454545454	-0.19305071316449524
0.7954545454545454	-0.19305071316449524
0.7954545454545454	-0.19305071316449524
0.7954545454545454	-0.19305071316449524
0.7954545454545454	-0.19305071316449524
0.7954545454545454	-0.19305071316449524
0.7954545454545454	-0.19305071316449524
0.7954545454545454	-0.19305071316449524
0.7954545454545454	-0.19305071316449524
0.7954545454545454	-0.19305071316449524
0.7954545454545454	-0.19305071316449524
0.7954545454545454	-0.19305071316449524
0.7954545454545454	-0.19305071316449524
0.7818181818181819	-0.1895995776343544
0.7954545454545454	-0.19305071316449524
0.7954545454545454	-0.19305071316449524
0.7954545454545454	-0.19305071316449524
0.7954545454545454	-0.19305071316449524
0.7954545454545454	-0.19305071316449524
0.7954545454545454	-0.19305071316449524
0.7954545454545454	-0.19305071316449524
0.7954545454545454	-0.19305071316449524
0.7954545454545454	-0.19305071316449524
0.7954545454545454	-0.19305071316449524
0.7954545454545454	-0.19305071316449524
0.7954545454545454	-0.19305071316449524
0.7954545454545454	-0.19305071316449524
0.7954545454545454	-0.19305071316449524
0.7954545454545454	-0.19305071316449524
0.7909090909090909	-0.1902191737120548
0.7818181818181819	-0.1895995776343544
0.7954545454545454	-0.19305071316449524
0.7954545454545454	-0.19305071316449524
0.7954545454545454	-0.19305071316449524
0.7954545454545454	-0.19305071316449524
0.7954545454545454	-0.19305071316449524
0.7954545454545454	-0.19305071316449524
0.7954545454545454	-0.19305071316449524
0.7954545454545454	-0.19305071316449524
0.7954545454545454	-0.19305071316449524
0.7954545454545454	-0.19305071316449524
0.7954545454545454	-0.19305071316449524
0.7954545454545454	-0.19305071316449524
0.7954545454545454	-0.19305071316449524
0.7954545454545454	-0.19305071316449524
0.7954545454545454	-0.19305071316449524
0.7954545454545454	-0.19305071316449524
0.7954545454545454	-0.19305071316449524
0.7954545454545454	-0.19305071316449524
0.7954545454545454	-0.19305071316449524
0.7954545454545454	-0.19305071316449524
0.7954545454545454	-0.19305071316449524
0.7954545454545454	-0.19305071316449524
0.7954545454545454	-0.19305071316449524
0.7954545454545454	-0.19305071316449524
0.7954545454545454	-0.19305071316449524
0.7954545454545454	-0.19305071316449524
0.7954545454545454	-0.19305071316449524
0.7818181818181819	-0.1895995776343544
0.7954545454545454	-0.19305071316449524
0.7954545454545454	-0.19305071316449524
0.7954545454545454	-0.19305071316449524
0.7954545454545454	-0.19305071316449524
0.7954545454545454	-0.19305071316449524
0.7954545454545454	-0.19305071316449524
0.7954545454545454	-0.19305071316449524
0.7954545454545454	-0.19305071316449524
0.7954545454545454	-0.19305071316449524
0.7954545454545454	-0.19305071316449524
0.7954545454545454	-0.19305071316449524
0.7954545454545454	-0.19305071316449524
0.7954545454545454	-0.19305071316449524
0.7954545454545454	-0.19305071316449524
0.7954545454545454	-0.19305071316449524
0.7954545454545454	-0.19305071316449524
0.7954545454545454	-0.19305071316449524
0.7954545454545454	-0.19305071316449524
0.7954545454545454	-0.19305071316449524
0.7954545454545454	-0.19305071316449524
0.7818181818181819	-0.1895995776343544
0.7954545454545454	-0.19305071316449524
0.7954545454545454	-0.19305071316449524
0.7954545454545454	-0.19305071316449524
0.7954545454545454	-0.19305071316449524
0.7954545454545454	-0.19305071316449524
0.7954545454545454	-0.19305071316449524
0.7954545454545454	-0.19305071316449524
0.7954545454545454	-0.19305071316449524
0.7954545454545454	-0.19305071316449524
0.7954545454545454	-0.19305071316449524
0.7954545454545454	-0.19305071316449524
0.7954545454545454	-0.19305071316449524
0.7954545454545454	-0.19305071316449524
0.7954545454545454	-0.19305071316449524
0.7954545454545454	-0.19305071316449524
0.7954545454545454	-0.19305071316449524
0.7954545454545454	-0.19305071316449524
0.7954545454545454	-0.19305071316449524
0.7954545454545454	-0.19305071316449524
0.7954545454545454	-0.19305071316449524
0.7954545454545454	-0.19305071316449524
