0.8392857142857143	-0.14338596778838628
0.8482142857142857	-0.1398864220418006
0.8303571428571429	-0.15072292421205358
0.8392857142857143	-0.13391816662725642
0.7946428571428571	-0.16948714732938994
0.8482142857142857	-0.1381595383457612
0.8303571428571429	-0.14899604051601417
0.8482142857142857	-0.13373711958161427
0.8392857142857143	-0.14675600128018748
0.8482142857142857	-0.13391816662725642
0.8125	-0.16279861513664523
0.8392857142857143	-0.1353287345865184
0.8482142857142857	-0.13625160760407962
0.8482142857142857	-0.13542213632751485
0.8392857142857143	-0.137978491300119
0.8392857142857143	-0.137978491300119
0.8392857142857143	-0.137978491300119
0.8392857142857143	-0.1353287345865184
0.8482142857142857	-0.13542213632751485
0.8392857142857143	-0.1353287345865184
