0.8253968253968254	-0.15964744241905984
0.8095238095238095	-0.15831058046327462
0.8095238095238095	-0.15831058046327462
0.8015873015873016	-0.16778209612959535
0.8015873015873016	-0.15839360423304924
0.8253968253968254	-0.15878989578110433
0.7857142857142857	-0.1693629125623927
0.8015873015873016	-0.16778209612959535
0.8095238095238095	-0.15350393469592594
0.7936507936507936	-0.17000315858745993
0.7857142857142857	-0.18097246691680344
0.8174603174603174	-0.16022381951321324
0.8095238095238095	-0.16186850487692445
0.8015873015873016	-0.16211790372429108
0.7936507936507936	-0.16661128171335934
0.8095238095238095	-0.16261125704866983
0.8174603174603174	-0.15907106532490645
0.8253968253968254	-0.15729210311808156
0.8253968253968254	-0.15964744241905984
0.8015873015873016	-0.16211790372429108
