0.7792207792207793	-0.18673117665073483
0.7792207792207793	-0.18545345352842313
0.7987012987012987	-0.1723610321546071
0.7987012987012987	-0.1740536256529157
0.7857142857142857	-0.16970604510363355
0.7792207792207793	-0.18458970519134602
0.7727272727272727	-0.18731262078122615
0.7792207792207793	-0.18832700274624015
0.7662337662337663	-0.18555886191522616
0.7792207792207793	-0.1891038594951226
0.7792207792207793	-0.18491394373066383
0.8116883116883117	-0.1734618594571361
0.8116883116883117	-0.17285860761963448
0.7857142857142857	-0.17746695265416337
0.7922077922077922	-0.17716870832102014
0.7922077922077922	-0.17318284615895221
0.7987012987012987	-0.1723610321546071
0.7922077922077922	-0.17487989414209634
0.7922077922077922	-0.17822083811960196
0.7922077922077922	-0.17822083811960196
