1.8078151966597575
1.9624484313423773
1.9878152275910743
2.0363967220871064
2.0402529281088344
2.0402529281088344
2.0402529281088344
2.0402529281088344
2.0402529281088344
2.0402529281088344
2.0402529281088344
2.0402529281088344
2.0402529281088344
2.0402529281088344
2.0402529281088344
2.0402529281088344
2.0402529281088344
2.0402529281088344
2.0402529281088344
2.0402529281088344
2.0402529281088344
2.0402529281088344
2.0402529281088344
2.0402529281088344
2.0402529281088344
