1.8078151966597575
1.9624484313423773
1.9878152275910743
2.0363967220871064
2.0402529281088344
2.0402529281088344
2.0402529281088344
2.0402529281088344
2.0402529281088344
2.0402529281088344
2.0402529281088344
2.0402529281088344
2.0402529281088344
2.0402529281088344
2.0402529281088344
2.0402529281088344
2.0402529281088344
2.0402529281088344
2.0402529281088344
2.0402529281088344
2.0402529281088344
2.0402529281088344
2.0402529281088344
2.0402529281088344
2.0402529281088344
1.8078151966597575
2.1254566869772606
2.1843219634516235
2.1843219634516235
2.1843219634516235
2.194292113580572
2.2248716565302695
2.2331906562315607
2.2331906562315607
2.2331906562315607
2.2331906562315607
2.2331906562315607
2.2331906562315607
2.2331906562315607
2.2331906562315607
2.2331906562315607
2.2331906562315607
2.2331906562315607
2.2331906562315607
2.2331906562315607
2.2331906562315607
2.2331906562315607
2.2331906562315607
2.2331906562315607
2.2331906562315607
1.8078151966597575
2.0599779077828746
2.176125034062832
2.194292113580572
2.194292113580572
2.194292113580572
2.194292113580572
2.194292113580572
2.194292113580572
2.194292113580572
2.194292113580572
2.194292113580572
2.194292113580572
2.194292113580572
2.194292113580572
2.194292113580572
2.194292113580572
2.194292113580572
2.194292113580572
2.194292113580572
2.194292113580572
2.194292113580572
2.194292113580572
2.194292113580572
2.194292113580572
1.8078151966597575
2.0682322926144177
2.201257062481561
2.201257062481561
2.201257062481561
2.201257062481561
2.201257062481561
2.201257062481561
2.201257062481561
2.201257062481561
2.201257062481561
2.201257062481561
2.201257062481561
2.201257062481561
2.201257062481561
2.201257062481561
2.201257062481561
2.201257062481561
2.201257062481561
2.201257062481561
2.201257062481561
2.201257062481561
2.201257062481561
2.201257062481561
2.201257062481561
1.8078151966597575
1.9936413428723145
2.1165769093157496
2.190408373075301
2.190408373075301
2.190408373075301
2.190408373075301
2.190408373075301
2.190408373075301
2.190408373075301
2.190408373075301
2.190408373075301
2.190408373075301
2.190408373075301
2.190408373075301
2.190408373075301
2.190408373075301
2.190408373075301
2.190408373075301
2.190408373075301
2.190408373075301
2.190408373075301
2.190408373075301
2.190408373075301
2.190408373075301
1.8078151966597575
1.9474420432499402
2.072026270242063
2.1496596050016348
2.2172238593565607
2.2795747364684127
2.2795747364684127
2.2795747364684127
2.2795747364684127
2.2795747364684127
2.2795747364684127
2.2795747364684127
2.2795747364684127
2.2795747364684127
2.2795747364684127
2.2795747364684127
2.2795747364684127
2.2795747364684127
2.2795747364684127
2.2795747364684127
2.2795747364684127
2.2795747364684127
2.2795747364684127
2.2795747364684127
2.2795747364684127
1.8078151966597575
2.0051415821630862
2.1480222218157494
2.1480222218157494
2.1615583626647803
2.1615583626647803
2.1615583626647803
2.1615583626647803
2.1615583626647803
2.1615583626647803
2.1615583626647803
2.190408373075301
2.190408373075301
2.190408373075301
2.190408373075301
2.190408373075301
2.190408373075301
2.190408373075301
2.190408373075301
2.190408373075301
2.190408373075301
2.190408373075301
2.190408373075301
2.190408373075301
2.190408373075301
1.8078151966597575
2.0806020653601576
2.1327406596891345
2.1492036311865093
2.1495076137299263
2.1495076137299263
2.1495076137299263
2.1495076137299263
2.1495076137299263
2.1495076137299263
2.1495076137299263
2.1495076137299263
2.1495076137299263
2.1495076137299263
2.1495076137299263
2.1495076137299263
2.1495076137299263
2.1495076137299263
2.1495076137299263
2.1495076137299263
2.1495076137299263
2.1495076137299263
2.1495076137299263
2.1495076137299263
2.1495076137299263
1.8078151966597575
2.1194624267068747
2.201257062481561
2.201257062481561
2.201257062481561
2.201257062481561
2.201257062481561
2.201257062481561
2.201257062481561
2.201257062481561
2.201257062481561
2.201257062481561
2.201257062481561
2.201257062481561
2.201257062481561
2.201257062481561
2.201257062481561
2.201257062481561
2.201257062481561
2.201257062481561
2.201257062481561
2.201257062481561
2.201257062481561
2.201257062481561
2.201257062481561
1.8078151966597575
2.1841998931391235
2.1841998931391235
2.2133101978920813
2.2133101978920813
2.2331906562315607
2.2331906562315607
2.2331906562315607
2.2331906562315607
2.2331906562315607
2.2331906562315607
2.2331906562315607
2.2331906562315607
2.2331906562315607
2.2331906562315607
2.2331906562315607
2.2331906562315607
2.2331906562315607
2.2331906562315607
2.2331906562315607
2.2331906562315607
2.2331906562315607
2.2331906562315607
2.2331906562315607
2.2331906562315607
1.8078151966597575
2.094255515102261
2.1480222218157494
2.190408373075301
2.190408373075301
2.190408373075301
2.190408373075301
2.190408373075301
2.190408373075301
2.190408373075301
2.190408373075301
2.190408373075301
2.190408373075301
2.190408373075301
2.190408373075301
2.190408373075301
2.190408373075301
2.190408373075301
2.190408373075301
2.190408373075301
2.190408373075301
2.190408373075301
2.190408373075301
2.190408373075301
2.190408373075301
1.8078151966597575
2.024926403755543
2.1811647594200516
2.1978880252598634
2.1978880252598634
2.1978880252598634
2.1978880252598634
2.1978880252598634
2.1978880252598634
2.1978880252598634
2.1980561702490093
2.2150696513904666
2.2150696513904666
2.2150696513904666
2.2150696513904666
2.2150696513904666
2.2150696513904666
2.2150696513904666
2.2150696513904666
2.2150696513904666
2.2150696513904666
2.2150696513904666
2.2150696513904666
2.2150696513904666
2.2150696513904666
1.8078151966597575
1.9688467168818462
1.972550931631866
1.9784069678723144
2.021070197733815
2.021132426127898
2.040100936837126
2.0904316165154064
2.0904316165154064
2.094255515102261
2.1038917617285833
2.1038917617285833
2.1038917617285833
2.1038917617285833
2.1038917617285833
2.1038917617285833
2.1038917617285833
2.1038917617285833
2.1038917617285833
2.1038917617285833
2.1038917617285833
2.1038917617285833
2.1038917617285833
2.1038917617285833
2.1038917617285833
1.8078151966597575
1.9899072071630863
2.126259230618718
2.151876041361812
2.151876041361812
2.1714525171578747
2.1881757829976864
2.1881757829976864
2.1881757829976864
2.1881757829976864
2.1881757829976864
2.1881757829976864
2.1881757829976864
2.1881757829976864
2.1881757829976864
2.1881757829976864
2.1881757829976864
2.1881757829976864
2.1881757829976864
2.1881757829976864
2.1881757829976864
2.1881757829976864
2.1881757829976864
2.1881757829976864
2.1881757829976864
1.8078151966597575
2.1497816753141348
2.2150696513904666
2.2248716565302695
2.2248716565302695
2.2331906562315607
2.2331906562315607
2.2331906562315607
2.2331906562315607
2.2331906562315607
2.2331906562315607
2.2331906562315607
2.2331906562315607
2.2331906562315607
2.2331906562315607
2.2331906562315607
2.2331906562315607
2.2331906562315607
2.2331906562315607
2.2331906562315607
2.2331906562315607
2.2331906562315607
2.2331906562315607
2.2331906562315607
2.2331906562315607
1.8078151966597575
2.1038917617285833
2.140007204657875
2.162602660455572
2.2172238593565607
2.2795747364684127
2.2795747364684127
2.2795747364684127
2.2795747364684127
2.2795747364684127
2.2795747364684127
2.2795747364684127
2.2795747364684127
2.2795747364684127
2.2795747364684127
2.2795747364684127
2.2795747364684127
2.2795747364684127
2.2795747364684127
2.2795747364684127
2.2795747364684127
2.2795747364684127
2.2795747364684127
2.2795747364684127
2.2795747364684127
