1.8078151966597575
1.9624484313423773
1.9878152275910743
2.0363967220871064
2.0402529281088344
2.0402529281088344
2.0402529281088344
2.0402529281088344
2.0402529281088344
2.0402529281088344
2.0402529281088344
2.0402529281088344
2.0402529281088344
2.0402529281088344
2.0402529281088344
2.0402529281088344
2.0402529281088344
2.0402529281088344
2.0402529281088344
2.0402529281088344
2.0402529281088344
2.0402529281088344
2.0402529281088344
2.0402529281088344
2.0402529281088344
1.8078151966597575
2.1254566869772606
2.1843219634516235
2.1843219634516235
2.1843219634516235
2.194292113580572
2.2248716565302695
2.2331906562315607
2.2331906562315607
2.2331906562315607
2.2331906562315607
2.2331906562315607
2.2331906562315607
2.2331906562315607
2.2331906562315607
2.2331906562315607
2.2331906562315607
2.2331906562315607
2.2331906562315607
2.2331906562315607
2.2331906562315607
2.2331906562315607
2.2331906562315607
2.2331906562315607
2.2331906562315607
1.8078151966597575
2.0599779077828746
2.176125034062832
2.194292113580572
2.194292113580572
2.194292113580572
2.194292113580572
2.194292113580572
2.194292113580572
2.194292113580572
2.194292113580572
2.194292113580572
2.194292113580572
2.194292113580572
2.194292113580572
2.194292113580572
2.194292113580572
2.194292113580572
2.194292113580572
2.194292113580572
2.194292113580572
2.194292113580572
2.194292113580572
2.194292113580572
2.194292113580572
