1.4932646525081585
2.0173033604598105
2.0571877683320103
2.0571877683320103
2.0571877683320103
2.0571877683320103
2.0571877683320103
2.058337805650347
2.062019555393254
2.062019555393254
2.062019555393254
2.062019555393254
2.062019555393254
2.062019555393254
2.062019555393254
2.062019555393254
2.062019555393254
2.0670189795069316
2.0670189795069316
2.0670189795069316
2.0670189795069316
2.0670189795069316
2.0670189795069316
2.0670189795069316
2.0670189795069316
1.4932646525081585
2.0173033604598105
2.0571877683320103
2.0571877683320103
2.0571877683320103
2.0571877683320103
2.0571877683320103
2.058337805650347
2.062019555393254
2.062019555393254
2.062019555393254
2.062019555393254
2.062019555393254
2.062019555393254
2.062019555393254
2.062019555393254
2.062019555393254
2.0670189795069316
2.0670189795069316
2.0670189795069316
2.0670189795069316
2.0670189795069316
2.0670189795069316
2.0670189795069316
2.0670189795069316
