1.3411021985819762
1.6616137867672305
1.7936537243059336
1.830569286859065
1.8548280992355048
1.8630123589450223
1.8877697671227336
1.8926219567207117
1.8933258359906249
1.8933444456215591
1.8933444456215591
1.8933444456215591
1.8933444456215591
1.8933444456215591
1.8933444456215591
1.8933444456215591
1.8933464055068203
1.8933464055068203
1.8933464055068203
1.8933464055068203
1.8933464055068203
1.8933464055068203
1.9006373946972281
1.9006373946972281
1.9006373946972281
1.3411021985819762
1.6452146015241658
1.8424091164366474
1.8433369711903498
1.8489118245957492
1.8604766970118365
1.8794125620773974
1.884266299266184
1.8843060693047138
1.8843060693047138
1.8843060693047138
1.9128418787281851
1.9128418787281851
1.9261092381408715
1.9295357377289464
1.9295357377289464
1.9295357377289464
1.9295357377289464
1.9295357377289464
1.9295357377289464
1.9295357377289464
1.9295357377289464
1.9295357377289464
1.9295357377289464
1.9295357377289464
1.3411021985819762
1.6430426682702524
1.8246434046238984
1.8297087423865057
1.8300613202179068
1.8395116908703695
1.8395183427643098
1.8449196552001652
1.8496885538498145
1.8496885538498145
1.8496885538498145
1.8496885538498145
1.8496885538498145
1.8496885538498145
1.8496885538498145
1.8496919416821442
1.8496919416821442
1.8496919416821442
1.8511111437606467
1.8511111437606467
1.8511111437606467
1.8552750805198506
1.8552750805198506
1.855303006671918
1.8608540041910124
1.3411021985819762
1.698762812997416
1.8283290594627615
1.8546928035652492
1.8913620696294935
1.8913630553912502
1.9007964658125112
1.9007964658125112
1.9007964658125112
1.9007964658125112
1.9007964658125112
1.9047152719424283
1.9047152719424283
1.909573431353696
1.909603088031097
1.909603088031097
1.909603088031097
1.909603088031097
1.909603088031097
1.909603088031097
1.909603088031097
1.909603088031097
1.909603088031097
1.909603088031097
1.909603088031097
1.3411021985819762
1.6716138282293713
1.8332999765441695
1.8724825053066458
1.8966555431571226
1.9019677613856483
1.9019677613856483
1.9068745247331003
1.9068745247331003
1.9068745247331003
1.9068745247331003
1.9068745247331003
1.9068745247331003
1.9068745247331003
1.9068745247331003
1.9068745247331003
1.9068745247331003
1.9068745247331003
1.9068745247331003
1.9068745247331003
1.9068745247331003
1.9068745247331003
1.9068745247331003
1.9068745247331003
1.9068745247331003
1.3411021985819762
1.6169236973401289
1.7883798753223379
1.8322138725338666
1.8438063206087483
1.8703691819972668
1.8916226424034648
1.8999804707019994
1.9107396348535384
1.9107396348535384
1.9204965175822963
1.9204965175822963
1.9204965175822963
1.9204965175822963
1.9204965175822963
1.9204965175822963
1.9204965175822963
1.9204965175822963
1.9204965175822963
1.9204965175822963
1.9204965175822963
1.9204965175822963
1.9204965175822963
1.9204965175822963
1.9204965175822963
1.3411021985819762
1.7127664742976085
1.8076542338097954
1.869490892956405
1.8791792400386633
1.8868971081255919
1.887160754857371
1.887160754857371
1.887160754857371
1.8904441441948379
1.8904441441948379
1.8904441441948379
1.890534806561098
1.895328009075564
1.895328009075564
1.895328009075564
1.8953325828250382
1.8953325828250382
1.8953325828250382
1.8953325828250382
1.8953325828250382
1.8953325828250382
1.8953325828250382
1.8953325828250382
1.8953325828250382
1.3411021985819762
1.6725163128706555
1.8380575927345284
1.8577609950306515
1.8577655526621037
1.8577783114371687
1.8684233991942745
1.8705922122523713
1.8813981306245093
1.8813981306245093
1.881556683263018
1.8845962699891816
1.8845962699891816
1.884601586157049
1.884601586157049
1.884601586157049
1.884601586157049
1.8925252685385685
1.8925252685385685
1.8925252685385685
1.8925252685385685
1.8925252685385685
1.8925252685385685
1.8925252685385685
1.8925252685385685
1.3411021985819762
1.5997433051102623
1.7882251765389352
1.8374454225525505
1.8604012597313326
1.8635980306245605
1.8739665365790419
1.8805792578414589
1.890022196188913
1.890022196188913
1.893551797321123
1.893551797321123
1.893551797321123
1.893551797321123
1.8951657773442723
1.8951657773442723
1.8951657773442723
1.8951657773442723
1.8951657773442723
1.8999979897019894
1.8999979897019894
1.9034671474423153
1.9034671474423153
1.908300332891792
1.908300332891792
1.3411021985819762
1.623859078013003
1.838199762665358
1.844298962319965
1.8608396555760145
1.8699776778822255
1.8699776778822255
1.881782002236577
1.8914973078227744
1.8929503295475796
1.8929721384937088
1.9043362462109106
1.909259866002683
1.9092695454398232
1.9092695454398232
1.9092695454398232
1.9092695454398232
1.9092695454398232
1.9092695454398232
1.9092695454398232
1.9092695454398232
1.9092695454398232
1.9092695454398232
1.9092695454398232
1.9092695454398232
1.3411021985819762
1.6774384971726044
1.7887735768352155
1.841960571138041
1.8576454562325306
1.8859428454032063
1.9053170374533681
1.9096068684693142
1.929656205316505
1.929656205316505
1.9296572092597732
1.9296572092597732
1.9296572092597732
1.9296572092597732
1.9296572092597732
1.9296572092597732
1.9296572092597732
1.9296572092597732
1.9296572092597732
1.9296572092597732
1.9296572092597732
1.9296572092597732
1.9296572092597732
1.9296572092597732
1.9296572092597732
1.3411021985819762
1.634125986308891
1.812826366165062
1.875815771431213
1.8986990746517587
1.9227092415775235
1.924347365375045
1.924347365375045
1.924347365375045
1.924347365375045
1.924347365375045
1.924347365375045
1.924351214887637
1.924351214887637
1.9261092381408715
1.9261092381408715
1.9261092381408715
1.9295357377289464
1.9295357377289464
1.9295357377289464
1.9295357377289464
1.9295357377289464
1.9295357377289464
1.9295357377289464
1.9295357377289464
1.3411021985819762
1.6538068227828722
1.8149738742361279
1.8317530155353199
1.859556539529392
1.859556539529392
1.859556539529392
1.8674910428009415
1.8674910428009415
1.8674910428009415
1.8691591658172142
1.8691591658172142
1.8691591658172142
1.8705184628847116
1.872175762205489
1.874981571131691
1.874981571131691
1.874981571131691
1.874981571131691
1.874981571131691
1.8797952567864011
1.8836917126990278
1.8844388790948479
1.8877715890009024
1.8918405939058656
1.3411021985819762
1.6752284897572878
1.8295878838482678
1.8331025709291016
1.85576128655983
1.8714549311891753
1.8846046110106083
1.8846046110106083
1.8846046110106083
1.8846046110106083
1.8846046110106083
1.8894232021975967
1.8894232021975967
1.8894232021975967
1.8894232021975967
1.8894241149516138
1.8894241149516138
1.8894241149516138
1.8894241149516138
1.8894241149516138
1.8894241149516138
1.8894241149516138
1.8894241149516138
1.8894241149516138
1.8894241149516138
