1.3411021985819762
1.6616137867672305
1.7936537243059336
1.830569286859065
1.8548280992355048
1.8630123589450223
1.8877697671227336
1.8926219567207117
1.8933258359906249
1.8933444456215591
1.8933444456215591
1.8933444456215591
1.8933444456215591
1.8933444456215591
1.8933444456215591
1.8933444456215591
1.8933464055068203
1.8933464055068203
1.8933464055068203
1.8933464055068203
1.8933464055068203
1.8933464055068203
1.9006373946972281
1.9006373946972281
1.9006373946972281
1.3411021985819762
1.6452146015241658
1.8424091164366474
1.8433369711903498
1.8489118245957492
1.8604766970118365
1.8794125620773974
1.884266299266184
1.8843060693047138
1.8843060693047138
1.8843060693047138
1.9128418787281851
1.9128418787281851
1.9261092381408715
1.9295357377289464
1.9295357377289464
1.9295357377289464
1.9295357377289464
1.9295357377289464
1.9295357377289464
1.9295357377289464
1.9295357377289464
1.9295357377289464
1.9295357377289464
1.9295357377289464
