1.3411021985819762
1.6616137867672305
1.7936537243059336
1.830569286859065
1.8548280992355048
1.8630123589450223
1.8877697671227336
1.8926219567207117
1.8933258359906249
1.8933444456215591
1.8933444456215591
1.8933444456215591
1.8933444456215591
1.8933444456215591
1.8933444456215591
1.8933444456215591
1.8933464055068203
1.8933464055068203
1.8933464055068203
1.8933464055068203
1.8933464055068203
1.8933464055068203
1.9006373946972281
1.9006373946972281
1.9006373946972281
1.3411021985819762
1.6452146015241658
1.8424091164366474
1.8433369711903498
1.8489118245957492
1.8604766970118365
1.8794125620773974
1.884266299266184
1.8843060693047138
1.8843060693047138
1.8843060693047138
1.9128418787281851
1.9128418787281851
1.9261092381408715
1.9295357377289464
1.9295357377289464
1.9295357377289464
1.9295357377289464
1.9295357377289464
1.9295357377289464
1.9295357377289464
1.9295357377289464
1.9295357377289464
1.9295357377289464
1.9295357377289464
1.3411021985819762
1.6430426682702524
1.8246434046238984
1.8297087423865057
1.8300613202179068
1.8395116908703695
1.8395183427643098
1.8449196552001652
1.8496885538498145
1.8496885538498145
1.8496885538498145
1.8496885538498145
1.8496885538498145
1.8496885538498145
1.8496885538498145
1.8496919416821442
1.8496919416821442
1.8496919416821442
1.8511111437606467
1.8511111437606467
1.8511111437606467
1.8552750805198506
1.8552750805198506
1.855303006671918
1.8608540041910124
1.3411021985819762
1.698762812997416
1.8283290594627615
1.8546928035652492
1.8913620696294935
1.8913630553912502
1.9007964658125112
1.9007964658125112
1.9007964658125112
1.9007964658125112
1.9007964658125112
1.9047152719424283
1.9047152719424283
1.909573431353696
1.909603088031097
1.909603088031097
1.909603088031097
1.909603088031097
1.909603088031097
1.909603088031097
1.909603088031097
1.909603088031097
1.909603088031097
1.909603088031097
1.909603088031097
