1.3568703756095848
1.5461610772168202
1.6218976571949777
1.692916809489383
1.7068712201638792
1.7350004752919423
1.7511652170444343
1.8148100257191444
1.8166695002796116
1.8166695002796116
1.8166695002796116
1.8166695002796116
1.8167071809032858
1.8167071809032858
1.8167071809032858
1.8167091003409503
1.8167149555361433
1.8167168526019453
1.8167168526019453
1.8167168526019453
1.8167243060178422
1.8167579570743713
1.8167579570743713
1.8167579570743713
1.8167579570743713
1.3568703756095848
1.615981319235618
1.6866617768024683
1.7065331278457696
1.7107572199222918
1.7190681495899363
1.733539582796024
1.7489425060051338
1.7531277627846247
1.7531306906658246
1.7531306906658246
1.7531430525902432
1.7576297173885398
1.757716810424198
1.7723493145088274
1.7790187496107297
1.8270913386214527
1.8401399032017989
1.8444835558810768
1.8471979981501196
1.8481766643026976
1.8491745345187687
1.8491745345187687
1.8491745345187687
1.8491745345187687
