1.3568703756095848
1.5461610772168202
1.6218976571949777
1.692916809489383
1.7068712201638792
1.7350004752919423
1.7511652170444343
1.8148100257191444
1.8166695002796116
1.8166695002796116
1.8166695002796116
1.8166695002796116
1.8167071809032858
1.8167071809032858
1.8167071809032858
1.8167091003409503
1.8167149555361433
1.8167168526019453
1.8167168526019453
1.8167168526019453
1.8167243060178422
1.8167579570743713
1.8167579570743713
1.8167579570743713
1.8167579570743713
1.3568703756095848
1.615981319235618
1.6866617768024683
1.7065331278457696
1.7107572199222918
1.7190681495899363
1.733539582796024
1.7489425060051338
1.7531277627846247
1.7531306906658246
1.7531306906658246
1.7531430525902432
1.7576297173885398
1.757716810424198
1.7723493145088274
1.7790187496107297
1.8270913386214527
1.8401399032017989
1.8444835558810768
1.8471979981501196
1.8481766643026976
1.8491745345187687
1.8491745345187687
1.8491745345187687
1.8491745345187687
1.3568703756095848
1.5911081074210476
1.6568185967914792
1.6940669807905422
1.7338591710874822
1.746436024887459
1.7506744078856975
1.7551265967671033
1.7676688803202245
1.7908094331048279
1.8096181138770602
1.8171374468418182
1.8311498785425453
1.831747848561893
1.8317774279280963
1.8317774279280963
1.8403449904760578
1.84513878569482
1.8451775585563537
1.8451775585563537
1.845227080429961
1.8538827128600213
1.8538827128600213
1.8538827128600213
1.8538827128600213
1.3568703756095848
1.585286865446488
1.6837803567676801
1.719047243524767
1.7273497138574998
1.753590234669979
1.7678132433275673
1.8048341262885739
1.8417979579336012
1.8506067768113068
1.851575123300224
1.8571293196006537
1.869776842476624
1.874127319976836
1.874127319976836
1.874127319976836
1.874127319976836
1.874127319976836
1.8741295309137787
1.8741483918872
1.8741483918872
1.8741483918872
1.8741521503262621
1.8741521503262621
1.8741521503262621
1.3568703756095848
1.5913742198809928
1.742872993984791
1.7749475429291357
1.78586903816288
1.7958693276541364
1.8095640214567204
1.8095734761664382
1.8144401747940397
1.8144446867225827
1.8144916280061025
1.8144916280061025
1.8144916280061025
1.8144916280061025
1.8144916280061025
1.8144916280061025
1.8145355702952406
1.8145683928336729
1.8145764141731555
1.8145825786845189
1.8145825786845189
1.8145825786845189
1.82346921293421
1.82346921293421
1.82346921293421
1.3568703756095848
1.5492572539136436
1.6087603684157377
1.6479983740340665
1.676332148730175
1.6970237620367612
1.7186120351526244
1.7295567331530286
1.743098997429951
1.8032545206423416
1.8069687260091438
1.8112099657950602
1.8112216396402225
1.8112279234056472
1.8112279234056472
1.813267926890224
1.813267926890224
1.813267926890224
1.819663915742349
1.8213682402442992
1.8213682402442992
1.8213682402442992
1.8213682402442992
1.8213682402442992
1.8213682402442992
1.3568703756095848
1.5250396292782946
1.60679794335744
1.6593380294067288
1.7156912367359307
1.729826444157929
1.7726328287438686
1.7937654907494323
1.8030425930822875
1.8030625735548036
1.8072935416792941
1.8073082000403429
1.8073496249358048
1.8107000204623385
1.8161580826071622
1.8166714390226442
1.8166714390226442
1.8166714390226442
1.8166742462298942
1.816680975864163
1.816680975864163
1.816680975864163
1.816680975864163
1.8167579570743713
1.8167579570743713
1.3568703756095848
1.5886400169656358
1.6624604468360114
1.7509874117676392
1.7718063144899483
1.810077426370646
1.8378392367009715
1.8379544596271558
1.8608019801275852
1.8608019801275852
1.8608019801275852
1.8608019801275852
1.8608019801275852
1.8608019801275852
1.8608019801275852
1.8651439961027672
1.8651886465802836
1.8652267197961725
1.8652648252779596
1.8752095918808525
1.8752095918808525
1.8752095918808525
1.8889328102176668
1.8959558069395175
1.8959558069395175
1.3568703756095848
1.6047068181884019
1.6873874296056228
1.7151437156623741
1.7347138505879156
1.755811271692122
1.755831402841746
1.7585595442093518
1.760653900948311
1.7647723799290176
1.7648234416245223
1.7827564633550081
1.7829412956890252
1.7963998868012985
1.7964511348566232
1.8086028268828784
1.8232247286891694
1.8232691967260424
1.827518341722632
1.827518341722632
1.827518341722632
1.8318107783368385
1.8404913129609317
1.8405653231989076
1.8405785428408261
1.3568703756095848
1.6003138259797856
1.6857881054827606
1.707528143140383
1.7758671483402497
1.8272244640147886
1.830755179005331
1.830755179005331
1.8350822164879907
1.835148764739096
1.843932568543416
1.853015134388549
1.8639107431718067
1.8639141480692525
1.8639827469937846
1.8639829339306415
1.8648256781123336
1.8648256781123336
1.8648256781123336
1.8648256781123336
1.8648256781123336
1.8648256781123336
1.8648256781123336
1.8648442036954334
1.8691997024650897
1.3568703756095848
1.6082508003090217
1.7026540547637017
1.7600984052406932
1.7844624525474926
1.7933901020642706
1.801265155419951
1.8235327440962035
1.8551893204017031
1.8853988384826414
1.889787607607573
1.8941824489166394
1.8991587587508978
1.8991792723071395
1.8991822837498589
1.9064641024959648
1.9064641024959648
1.9064641024959648
1.9108365031309023
1.9108525107334597
1.9108525107334597
1.9108525107334597
1.9108525107334597
1.9108546709518177
1.9108546709518177
1.3568703756095848
1.5930848570476392
1.7620343262326628
1.778051614459938
1.8596309917410645
1.8640520018257616
1.874611667602998
1.8746330822495039
1.89210830819073
1.8933945574145605
1.8977995808486743
1.9008934087550553
1.9008934087550553
1.9008934087550553
1.9008934087550553
1.9008934087550553
1.9008993534866265
1.9008993534866265
1.9008993534866265
1.9008993534866265
1.9008993534866265
1.9008993534866265
1.9008993534866265
1.9008993534866265
1.9008993534866265
1.3568703756095848
1.6195821047788077
1.7493877516270353
1.8123461297924497
1.8237623490725758
1.8280674926199134
1.8366771434028328
1.853686061347542
1.853686061347542
1.8683172393776613
1.8691882566569782
1.8691882566569782
1.8691882566569782
1.8691882566569782
1.8691882566569782
1.8691882566569782
1.8691882566569782
1.8691882566569782
1.8691882566569782
1.8691882566569782
1.8691882566569782
1.8691882566569782
1.8691882566569782
1.8691882566569782
1.8691882566569782
1.3568703756095848
1.5673580713067397
1.6688787798483036
1.703268163487398
1.7236121940837412
1.7382691638501673
1.7507112435705718
1.7519352647424218
1.7544804328185737
1.7544804328185737
1.7568571777254347
1.7623689738400687
1.7624077498268542
1.7624140826055001
1.769753691373641
1.778394678090548
1.785521844568072
1.785521844568072
1.785569382964751
1.785579374450653
1.802711699988046
1.8184910447956244
1.8271555039076468
1.8271562120274383
1.8309403577944299
1.3568703756095848
1.6195742761169776
1.707764917707525
1.73944079041325
1.7614977473387334
1.7761785888500896
1.7965133564203193
1.7976431439674556
1.8030086767777997
1.8030086767777997
1.8030086767777997
1.8030086767777997
1.8030086767777997
1.8030086767777997
1.8030086767777997
1.8030157120945374
1.8030157120945374
1.8030157120945374
1.8030157120945374
1.8030157120945374
1.8030157120945374
1.8030181465135602
1.8030181465135602
1.8030181465135602
1.8030181465135602
1.3568703756095848
1.5394098277786243
1.6717564386608668
1.7118921194358423
1.8022182514938605
1.823067628420543
1.8461994255516059
1.846233967270167
1.846246768812926
1.8543671182791397
1.854918849355568
1.8599399317846819
1.868671461608568
1.8686945356654345
1.8686945356654345
1.8704529917097015
1.8748640638277607
1.8896296783929927
1.8896296783929927
1.8896311188174864
1.8896311188174864
1.8896311188174864
1.8896311188174864
1.8896311188174864
1.8896311188174864
1.3568703756095848
1.5459045731108023
1.6207344171349873
1.6800284800703236
1.7241267835556018
1.7872345890142163
1.8423414706302428
1.868987759381746
1.8860497820316433
1.9059521836633724
1.905965427949724
1.9059960174648258
1.9059960174648258
1.905999915824449
1.9060142283241035
1.910399878653045
1.910399878653045
1.910399878653045
1.9104344991025104
1.9104938676520866
1.9104938676520866
1.91050494892923
1.9143235981901348
1.9143235981901348
1.9143235981901348
1.3568703756095848
1.5916543151305524
1.6654134461272083
1.7223616958447527
1.7435704539378796
1.746999654133181
1.753023997935751
1.7751079890593664
1.7792650741129696
1.7792650741129696
1.7792650741129696
1.7792650741129696
1.7792650741129696
1.7792657329928223
1.7792657329928223
1.7834265563372675
1.7834265563372675
1.7834265563372675
1.7834265563372675
1.7834265563372675
1.7834265563372675
1.7834265563372675
1.7834265563372675
1.7834265563372675
1.7834265563372675
1.3568703756095848
1.5586253612820369
1.683776064115772
1.7731769417466328
1.8064468150915574
1.8186363812387372
1.8196959252152398
1.8270452781761914
1.8343880658797669
1.8343880658797669
1.834401360884703
1.8397862510566032
1.8397862510566032
1.8397862510566032
1.841850212269821
1.841850212269821
1.8418514459008
1.8418514459008
1.8418514459008
1.8418514459008
1.8418514459008
1.8418514459008
1.8418514459008
1.8418514459008
1.8418514459008
1.3568703756095848
1.5860848401714667
1.6500128723245868
1.737063125097123
1.7567889110900734
1.764376436161285
1.8274750985926367
1.8475678823562507
1.8475727313804788
1.8530157160643432
1.857419749497778
1.8618149599026133
1.8618149599026133
1.861820958143619
1.861820958143619
1.861820958143619
1.861820958143619
1.861820958143619
1.861820958143619
1.861820958143619
1.861820958143619
1.861820958143619
1.861820958143619
1.861820958143619
1.861820958143619
