1.3568703756095848
1.5461610772168202
1.6218976571949777
1.692916809489383
1.7068712201638792
1.7350004752919423
1.7511652170444343
1.8148100257191444
1.8166695002796116
1.8166695002796116
1.8166695002796116
1.8166695002796116
1.8167071809032858
1.8167071809032858
1.8167071809032858
1.8167091003409503
1.8167149555361433
1.8167168526019453
1.8167168526019453
1.8167168526019453
1.8167243060178422
1.8167579570743713
1.8167579570743713
1.8167579570743713
1.8167579570743713
1.3568703756095848
1.615981319235618
1.6866617768024683
1.7065331278457696
1.7107572199222918
1.7190681495899363
1.733539582796024
1.7489425060051338
1.7531277627846247
1.7531306906658246
1.7531306906658246
1.7531430525902432
1.7576297173885398
1.757716810424198
1.7723493145088274
1.7790187496107297
1.8270913386214527
1.8401399032017989
1.8444835558810768
1.8471979981501196
1.8481766643026976
1.8491745345187687
1.8491745345187687
1.8491745345187687
1.8491745345187687
1.3568703756095848
1.5911081074210476
1.6568185967914792
1.6940669807905422
1.7338591710874822
1.746436024887459
1.7506744078856975
1.7551265967671033
1.7676688803202245
1.7908094331048279
1.8096181138770602
1.8171374468418182
1.8311498785425453
1.831747848561893
1.8317774279280963
1.8317774279280963
1.8403449904760578
1.84513878569482
1.8451775585563537
1.8451775585563537
1.845227080429961
1.8538827128600213
1.8538827128600213
1.8538827128600213
1.8538827128600213
1.3568703756095848
1.585286865446488
1.6837803567676801
1.719047243524767
1.7273497138574998
1.753590234669979
1.7678132433275673
1.8048341262885739
1.8417979579336012
1.8506067768113068
1.851575123300224
1.8571293196006537
1.869776842476624
1.874127319976836
1.874127319976836
1.874127319976836
1.874127319976836
1.874127319976836
1.8741295309137787
1.8741483918872
1.8741483918872
1.8741483918872
1.8741521503262621
1.8741521503262621
1.8741521503262621
1.3568703756095848
1.5913742198809928
1.742872993984791
1.7749475429291357
1.78586903816288
1.7958693276541364
1.8095640214567204
1.8095734761664382
1.8144401747940397
1.8144446867225827
1.8144916280061025
1.8144916280061025
1.8144916280061025
1.8144916280061025
1.8144916280061025
1.8144916280061025
1.8145355702952406
1.8145683928336729
1.8145764141731555
1.8145825786845189
1.8145825786845189
1.8145825786845189
1.82346921293421
1.82346921293421
1.82346921293421
1.3568703756095848
1.5492572539136436
1.6087603684157377
1.6479983740340665
1.676332148730175
1.6970237620367612
1.7186120351526244
1.7295567331530286
1.743098997429951
1.8032545206423416
1.8069687260091438
1.8112099657950602
1.8112216396402225
1.8112279234056472
1.8112279234056472
1.813267926890224
1.813267926890224
1.813267926890224
1.819663915742349
1.8213682402442992
1.8213682402442992
1.8213682402442992
1.8213682402442992
1.8213682402442992
1.8213682402442992
1.3568703756095848
1.5250396292782946
1.60679794335744
1.6593380294067288
1.7156912367359307
1.729826444157929
1.7726328287438686
1.7937654907494323
1.8030425930822875
1.8030625735548036
1.8072935416792941
1.8073082000403429
1.8073496249358048
1.8107000204623385
1.8161580826071622
1.8166714390226442
1.8166714390226442
1.8166714390226442
1.8166742462298942
1.816680975864163
1.816680975864163
1.816680975864163
1.816680975864163
1.8167579570743713
1.8167579570743713
1.3568703756095848
1.5886400169656358
1.6624604468360114
1.7509874117676392
1.7718063144899483
1.810077426370646
1.8378392367009715
1.8379544596271558
1.8608019801275852
1.8608019801275852
1.8608019801275852
1.8608019801275852
1.8608019801275852
1.8608019801275852
1.8608019801275852
1.8651439961027672
1.8651886465802836
1.8652267197961725
1.8652648252779596
1.8752095918808525
1.8752095918808525
1.8752095918808525
1.8889328102176668
1.8959558069395175
1.8959558069395175
1.3568703756095848
1.6047068181884019
1.6873874296056228
1.7151437156623741
1.7347138505879156
1.755811271692122
1.755831402841746
1.7585595442093518
1.760653900948311
1.7647723799290176
1.7648234416245223
1.7827564633550081
1.7829412956890252
1.7963998868012985
1.7964511348566232
1.8086028268828784
1.8232247286891694
1.8232691967260424
1.827518341722632
1.827518341722632
1.827518341722632
1.8318107783368385
1.8404913129609317
1.8405653231989076
1.8405785428408261
