1.346663058318116
1.9193541649661021
1.972779052953509
1.9884297812199676
1.9918035959199718
1.9988974007802771
1.9988974007802771
1.9988974007802771
1.9988974007802771
1.9988974007802771
1.9988974007802771
1.9988974007802771
1.9988974007802771
1.9988974007802771
1.9988974007802771
1.9988974007802771
1.9988974007802771
1.9988974007802771
1.9988974007802771
1.9988974007802771
1.9988974007802771
1.9988974007802771
1.9988974007802771
1.9988974007802771
1.9988974007802771
1.346663058318116
1.8898066385085102
1.9820505035066307
2.004230740376939
2.015741108664616
2.016209082922045
2.0162102338441863
2.0162102338441863
2.0162102338441863
2.0162102338441863
2.0162102338441863
2.0162102338441863
2.0162102338441863
2.0162102338441863
2.0162102338441863
2.0162102338441863
2.0162102338441863
2.0162102338441863
2.0162241140713206
2.0162241140713206
2.0162241140713206
2.0162241140713206
2.0162241140713206
2.0162241140713206
2.0162241140713206
