1.346663058318116
1.9193541649661021
1.972779052953509
1.9884297812199676
1.9918035959199718
1.9988974007802771
1.9988974007802771
1.9988974007802771
1.9988974007802771
1.9988974007802771
1.9988974007802771
1.9988974007802771
1.9988974007802771
1.9988974007802771
1.9988974007802771
1.9988974007802771
1.9988974007802771
1.9988974007802771
1.9988974007802771
1.9988974007802771
1.9988974007802771
1.9988974007802771
1.9988974007802771
1.9988974007802771
1.9988974007802771
1.346663058318116
1.8898066385085102
1.9820505035066307
2.004230740376939
2.015741108664616
2.016209082922045
2.0162102338441863
2.0162102338441863
2.0162102338441863
2.0162102338441863
2.0162102338441863
2.0162102338441863
2.0162102338441863
2.0162102338441863
2.0162102338441863
2.0162102338441863
2.0162102338441863
2.0162102338441863
2.0162241140713206
2.0162241140713206
2.0162241140713206
2.0162241140713206
2.0162241140713206
2.0162241140713206
2.0162241140713206
1.346663058318116
1.9204761520289253
1.9961671465941002
2.016225486946396
2.016225486946396
2.0162326131820416
2.0162326131820416
2.0162326131820416
2.0162326131820416
2.0162573282767373
2.0162573282767373
2.0162573282767373
2.0168605749480926
2.016863854022532
2.016863854022532
2.016863854022532
2.016863854022532
2.016863854022532
2.016863854022532
2.016863854022532
2.016863854022532
2.016863854022532
2.016863854022532
2.016863854022532
2.016863854022532
1.346663058318116
1.9231888141318516
2.0161831990883154
2.016209082922045
2.016209082922045
2.0162229631491795
2.0162241140713206
2.0162241140713206
2.0162241140713206
2.0162241140713206
2.0162241140713206
2.0162241140713206
2.0162241140713206
2.0162241140713206
2.0162241140713206
2.0162241140713206
2.0162241140713206
2.0162241140713206
2.0162241140713206
2.0162241140713206
2.0162241140713206
2.0162241140713206
2.0162241140713206
2.0162241140713206
2.0162241140713206
1.346663058318116
1.8970334383101681
1.9759447094505018
2.0005301481844793
2.012950155707579
2.0150670734382694
2.0150726309496574
2.0150726309496574
2.0150726309496574
2.0179163704183183
2.0179163704183183
2.0179163704183183
2.0179163704183183
2.0179163704183183
2.0179163704183183
2.0179163704183183
2.0179163704183183
2.0179163704183183
2.0179163704183183
2.0179163704183183
2.0179163704183183
2.0179163704183183
2.0179163704183183
2.0179163704183183
2.0179163704183183
