1.346663058318116
1.9193541649661021
1.972779052953509
1.9884297812199676
1.9918035959199718
1.9988974007802771
1.9988974007802771
1.9988974007802771
1.9988974007802771
1.9988974007802771
1.9988974007802771
1.9988974007802771
1.9988974007802771
1.9988974007802771
1.9988974007802771
1.9988974007802771
1.9988974007802771
1.9988974007802771
1.9988974007802771
1.9988974007802771
1.9988974007802771
1.9988974007802771
1.9988974007802771
1.9988974007802771
1.9988974007802771
1.346663058318116
1.8898066385085102
1.9820505035066307
2.004230740376939
2.015741108664616
2.016209082922045
2.0162102338441863
2.0162102338441863
2.0162102338441863
2.0162102338441863
2.0162102338441863
2.0162102338441863
2.0162102338441863
2.0162102338441863
2.0162102338441863
2.0162102338441863
2.0162102338441863
2.0162102338441863
2.0162241140713206
2.0162241140713206
2.0162241140713206
2.0162241140713206
2.0162241140713206
2.0162241140713206
2.0162241140713206
1.346663058318116
1.9204761520289253
1.9961671465941002
2.016225486946396
2.016225486946396
2.0162326131820416
2.0162326131820416
2.0162326131820416
2.0162326131820416
2.0162573282767373
2.0162573282767373
2.0162573282767373
2.0168605749480926
2.016863854022532
2.016863854022532
2.016863854022532
2.016863854022532
2.016863854022532
2.016863854022532
2.016863854022532
2.016863854022532
2.016863854022532
2.016863854022532
2.016863854022532
2.016863854022532
1.346663058318116
1.9231888141318516
2.0161831990883154
2.016209082922045
2.016209082922045
2.0162229631491795
2.0162241140713206
2.0162241140713206
2.0162241140713206
2.0162241140713206
2.0162241140713206
2.0162241140713206
2.0162241140713206
2.0162241140713206
2.0162241140713206
2.0162241140713206
2.0162241140713206
2.0162241140713206
2.0162241140713206
2.0162241140713206
2.0162241140713206
2.0162241140713206
2.0162241140713206
2.0162241140713206
2.0162241140713206
1.346663058318116
1.8970334383101681
1.9759447094505018
2.0005301481844793
2.012950155707579
2.0150670734382694
2.0150726309496574
2.0150726309496574
2.0150726309496574
2.0179163704183183
2.0179163704183183
2.0179163704183183
2.0179163704183183
2.0179163704183183
2.0179163704183183
2.0179163704183183
2.0179163704183183
2.0179163704183183
2.0179163704183183
2.0179163704183183
2.0179163704183183
2.0179163704183183
2.0179163704183183
2.0179163704183183
2.0179163704183183
1.346663058318116
1.915625287689584
1.952126819160562
1.9616130937608978
1.9831868601159492
1.9831868601159492
1.9831868601159492
1.9831868601159492
1.9832016669304626
1.9832016669304626
1.9832016669304626
1.9832016669304626
1.987721602967421
1.987721602967421
1.987721602967421
1.9877335674591794
1.9877335674591794
1.9877335674591794
1.9877335674591794
1.9877335674591794
1.9877335674591794
1.9877335674591794
1.9877335674591794
1.9877335674591794
1.9922620559658661
1.346663058318116
1.9375176289970357
1.9850642000898995
1.9864931677538935
2.003413754342727
2.003422104590961
2.0034287526490675
2.0034287526490675
2.0034287526490675
2.0034287526490675
2.0034287526490675
2.0034287526490675
2.0034287526490675
2.0034287526490675
2.0034287526490675
2.0034287526490675
2.0034287526490675
2.0034287526490675
2.0034287526490675
2.0034287526490675
2.0034287526490675
2.0034287526490675
2.0034287526490675
2.0034287526490675
2.0034287526490675
