1.3624025197665934
1.941010101813946
1.9906964313604212
2.014937035623842
2.0200808468095364
2.025128529569188
2.025188866788292
2.0251914134309095
2.0251914134309095
2.026410219509449
2.029306965264768
2.029306965264768
2.032829412033673
2.032829412033673
2.032829412033673
2.032830436361056
2.032830436361056
2.032830436361056
2.032830436361056
2.032830436361056
2.032830436361056
2.032830436361056
2.032830436361056
2.032830436361056
2.032830436361056
1.3624025197665934
1.8470012279257764
1.9577064865304004
2.0067807312543278
2.011142228376705
2.0111490465832897
2.0162594560340197
2.021381540329744
2.021441013945945
2.022784094951559
2.022784094951559
2.022793359904203
2.022793359904203
2.025265844340756
2.025265844340756
2.0252752133003775
2.0268266960779373
2.0268266960779373
2.0268266960779373
2.0268266960779373
2.0268266960779373
2.0273891867949887
2.028002854033359
2.028002854033359
2.029400699366187
1.3624025197665934
1.8722139980605315
1.9468270962724972
1.989640561212284
2.0207037265347627
2.028555474088547
2.032830436361056
2.032830436361056
2.032830436361056
2.032830436361056
2.032830436361056
2.032830436361056
2.032830436361056
2.032830436361056
2.032830436361056
2.032830436361056
2.032830436361056
2.032830436361056
2.032830436361056
2.032830436361056
2.032830436361056
2.032830436361056
2.032830436361056
2.032830436361056
2.032830436361056
1.3624025197665934
1.9091263081845682
1.9570417452589577
1.986570134681485
2.0204666063894523
2.0212404757289684
2.0212604854185057
2.0212638430066527
2.0235815496847103
2.0289093218468963
2.0289181871016586
2.0289181871016586
2.0289181871016586
2.0289181871016586
2.0289181871016586
2.0289181871016586
2.0289181871016586
2.0300115353777093
2.0300115353777093
2.0300115353777093
2.0300115353777093
2.0300115353777093
2.0300115353777093
2.0300115353777093
2.030859823664997
1.3624025197665934
1.8909012828991816
1.94506010999047
1.986434263550958
1.9907335772677528
2.0079230813619855
2.0123552169113155
2.0210275167089358
2.0216170165102145
2.0312180200630334
2.0365681391550075
2.0373784527926935
2.0377137855142964
2.0377252205330727
2.0377252205330727
2.0377252205330727
2.0377252205330727
2.0377445520640673
2.037754273156252
2.037754273156252
2.037754273156252
2.037754273156252
2.037754273156252
2.037754273156252
2.037754273156252
1.3624025197665934
1.9122362769714956
1.9721208647783115
2.0106936000330693
2.010700360326923
2.0199429067423043
2.020396651935919
2.020417489037316
2.020417489037316
2.0204470883511108
2.0306346493573915
2.0306565608411784
2.0308278583341592
2.0308278583341592
2.0308278583341592
2.0308278583341592
2.0308278583341592
2.0308278583341592
2.0308278583341592
2.030832610246948
2.0308358293100524
2.0308358293100524
2.0308358293100524
2.0308358293100524
2.0308358293100524
1.3624025197665934
1.9163263521817868
1.980636993036751
1.993027737224269
1.995028412652323
2.02157609040239
2.0233521417622495
2.0261902668256537
2.0261902668256537
2.0261902668256537
2.0261902668256537
2.0261902668256537
2.0261902668256537
2.0261902668256537
2.0261907260053396
2.0261907260053396
2.0266687146677467
2.0266687146677467
2.0266687146677467
2.0266687146677467
2.0266687146677467
2.0266687146677467
2.0266687146677467
2.0266687146677467
2.0266687146677467
1.3624025197665934
1.8807944138286834
1.9833024984391388
2.0161315229793995
2.021523109648774
2.023537171878222
2.0264165091065975
2.031940419116095
2.031983156207724
2.031983156207724
2.0320102561161293
2.0325965351958923
2.032597381870813
2.0377065761623645
2.037714516120646
2.037716635407169
2.037716635407169
2.037716635407169
2.0377191333931455
2.0377191333931455
2.0377216184518723
2.0377216184518723
2.037726467997198
2.037726467997198
2.0377423479137606
1.3624025197665934
1.856053744197272
1.9541495611557242
1.9935927715321253
2.0160174345497435
2.0160174345497435
2.021088455202411
2.021234483564707
2.0212350094913965
2.021235636568657
2.0212403944715853
2.021244663836577
2.021244663836577
2.021244663836577
2.021244663836577
2.021801353587946
2.0233739756244256
2.028441149676421
2.028441149676421
2.0284446457896097
2.028446324127863
2.028462009119653
2.0297485549190593
2.0297485549190593
2.0297485549190593
1.3624025197665934
1.8835101885959582
1.995334948307114
2.021769753862428
2.0267921828084488
2.0329812318386735
2.0361136055007947
2.0408461444682726
2.0408461444682726
2.0408461444682726
2.0408461444682726
2.0408461444682726
2.0408461444682726
2.041470479764909
2.0420221392257423
2.0420221392257423
2.0420221392257423
2.043690164373666
2.043690164373666
2.043690164373666
2.043690164373666
2.043690164373666
2.043690164373666
2.043690164373666
2.043690164373666
1.3624025197665934
1.916882590230114
1.9685221062442144
2.013320208489754
2.019696367600366
2.0197547487912804
2.0270889009227893
2.0319993614497953
2.0320280767473817
2.0320280767473817
2.0320280767473817
2.0320481696292063
2.032058718845642
2.032058718845642
2.032058718845642
2.032058718845642
2.032058718845642
2.0371539542922226
2.037169003751273
2.037169158721598
2.037169158721598
2.037169158721598
2.037169158721598
2.037169158721598
2.037169158721598
