1.3624025197665934
1.941010101813946
1.9906964313604212
2.014937035623842
2.0200808468095364
2.025128529569188
2.025188866788292
2.0251914134309095
2.0251914134309095
2.026410219509449
2.029306965264768
2.029306965264768
2.032829412033673
2.032829412033673
2.032829412033673
2.032830436361056
2.032830436361056
2.032830436361056
2.032830436361056
2.032830436361056
2.032830436361056
2.032830436361056
2.032830436361056
2.032830436361056
2.032830436361056
1.3624025197665934
1.8470012279257764
1.9577064865304004
2.0067807312543278
2.011142228376705
2.0111490465832897
2.0162594560340197
2.021381540329744
2.021441013945945
2.022784094951559
2.022784094951559
2.022793359904203
2.022793359904203
2.025265844340756
2.025265844340756
2.0252752133003775
2.0268266960779373
2.0268266960779373
2.0268266960779373
2.0268266960779373
2.0268266960779373
2.0273891867949887
2.028002854033359
2.028002854033359
2.029400699366187
1.3624025197665934
1.8722139980605315
1.9468270962724972
1.989640561212284
2.0207037265347627
2.028555474088547
2.032830436361056
2.032830436361056
2.032830436361056
2.032830436361056
2.032830436361056
2.032830436361056
2.032830436361056
2.032830436361056
2.032830436361056
2.032830436361056
2.032830436361056
2.032830436361056
2.032830436361056
2.032830436361056
2.032830436361056
2.032830436361056
2.032830436361056
2.032830436361056
2.032830436361056
