1.3624025197665934
1.941010101813946
1.9906964313604212
2.014937035623842
2.0200808468095364
2.025128529569188
2.025188866788292
2.0251914134309095
2.0251914134309095
2.026410219509449
2.029306965264768
2.029306965264768
2.032829412033673
2.032829412033673
2.032829412033673
2.032830436361056
2.032830436361056
2.032830436361056
2.032830436361056
2.032830436361056
2.032830436361056
2.032830436361056
2.032830436361056
2.032830436361056
2.032830436361056
1.3624025197665934
1.8470012279257764
1.9577064865304004
2.0067807312543278
2.011142228376705
2.0111490465832897
2.0162594560340197
2.021381540329744
2.021441013945945
2.022784094951559
2.022784094951559
2.022793359904203
2.022793359904203
2.025265844340756
2.025265844340756
2.0252752133003775
2.0268266960779373
2.0268266960779373
2.0268266960779373
2.0268266960779373
2.0268266960779373
2.0273891867949887
2.028002854033359
2.028002854033359
2.029400699366187
1.3624025197665934
1.8722139980605315
1.9468270962724972
1.989640561212284
2.0207037265347627
2.028555474088547
2.032830436361056
2.032830436361056
2.032830436361056
2.032830436361056
2.032830436361056
2.032830436361056
2.032830436361056
2.032830436361056
2.032830436361056
2.032830436361056
2.032830436361056
2.032830436361056
2.032830436361056
2.032830436361056
2.032830436361056
2.032830436361056
2.032830436361056
2.032830436361056
2.032830436361056
1.3624025197665934
1.9091263081845682
1.9570417452589577
1.986570134681485
2.0204666063894523
2.0212404757289684
2.0212604854185057
2.0212638430066527
2.0235815496847103
2.0289093218468963
2.0289181871016586
2.0289181871016586
2.0289181871016586
2.0289181871016586
2.0289181871016586
2.0289181871016586
2.0289181871016586
2.0300115353777093
2.0300115353777093
2.0300115353777093
2.0300115353777093
2.0300115353777093
2.0300115353777093
2.0300115353777093
2.030859823664997
1.3624025197665934
1.8909012828991816
1.94506010999047
1.986434263550958
1.9907335772677528
2.0079230813619855
2.0123552169113155
2.0210275167089358
2.0216170165102145
2.0312180200630334
2.0365681391550075
2.0373784527926935
2.0377137855142964
2.0377252205330727
2.0377252205330727
2.0377252205330727
2.0377252205330727
2.0377445520640673
2.037754273156252
2.037754273156252
2.037754273156252
2.037754273156252
2.037754273156252
2.037754273156252
2.037754273156252
