1.4932646525081585
2.028411282005551
2.0683810660748434
2.068382339869105
2.068382339869105
2.068382339869105
2.068382339869105
2.068382339869105
2.068382339869105
2.068382339869105
2.078384065028787
2.078384065028787
2.078384065028787
2.078384065028787
2.078384065028787
2.078384065028787
2.078384065028787
2.078384065028787
2.078384065028787
2.078384065028787
2.078384065028787
2.078384065028787
2.078384065028787
2.078384065028787
2.078384065028787
1.4932646525081585
2.060726372501518
2.075401318104733
2.0798383224637
2.0810741301381372
2.081087079357729
2.0843579355227075
2.0843579355227075
2.084471667840399
2.084471667840399
2.084471667840399
2.084471667840399
2.084471667840399
2.084471667840399
2.084471667840399
2.084471667840399
2.084471667840399
2.084471667840399
2.084471667840399
2.084471667840399
2.084471667840399
2.084471667840399
2.084471667840399
2.084471667840399
2.084471667840399
1.4932646525081585
1.8563693129281271
1.9086133035044264
1.9086133035044264
1.9086133035044264
1.9086133035044264
1.9086133035044264
1.9086133035044264
1.9086133035044264
1.9086133035044264
1.9086133035044264
1.9086133035044264
1.9086133035044264
1.9086133035044264
1.9086133035044264
1.9086133035044264
1.9086133035044264
1.9086133035044264
1.9086133035044264
1.9086133035044264
1.9086133035044264
1.9086133035044264
1.9086133035044264
1.9086133035044264
1.9086133035044264
1.4932646525081585
1.9871877910388587
2.023557882317725
2.030093440252118
2.0408804565091714
2.0408804565091714
2.0408804565091714
2.0408804565091714
2.0408804565091714
2.0408804565091714
2.0408804565091714
2.0408804565091714
2.0408804565091714
2.0408804565091714
2.0408804565091714
2.0408929951427788
2.0408929951427788
2.0408929951427788
2.0409029182944174
2.0409029182944174
2.0409029182944174
2.0409029182944174
2.0409029182944174
2.0409029182944174
2.0409029182944174
1.4932646525081585
2.0098074996611013
2.062759367587975
2.077882019726254
2.077882019726254
2.077882019726254
2.077882019726254
2.077882019726254
2.077882019726254
2.077882019726254
2.077882019726254
2.077882019726254
2.077882019726254
2.077882019726254
2.077882019726254
2.077882019726254
2.077882019726254
2.077882019726254
2.077882019726254
2.077882019726254
2.077882019726254
2.077882019726254
2.077882019726254
2.077882019726254
2.077882019726254
1.4932646525081585
1.948790079973533
2.018406950576628
2.025124965175203
2.025124965175203
2.025124965175203
2.025124965175203
2.025124965175203
2.025124965175203
2.025124965175203
2.0313742924326808
2.0313742924326808
2.0313742924326808
2.0313742924326808
2.0313742924326808
2.0313742924326808
2.0313742924326808
2.0313742924326808
2.0313742924326808
2.0313742924326808
2.0313742924326808
2.0313742924326808
2.0313742924326808
2.0313742924326808
2.0313742924326808
1.4932646525081585
1.9850022093552318
2.0200666472859576
2.0200666472859576
2.0200666472859576
2.0200666472859576
2.0200666472859576
2.0200666472859576
2.0200666472859576
2.0200666472859576
2.034584235885046
2.034584235885046
2.0346488294813634
2.0346488294813634
2.0346488294813634
2.0346488294813634
2.0358611175114487
2.0358949805301494
2.0395980341135664
2.0516115908022257
2.0516115908022257
2.0516115908022257
2.0516115908022257
2.0516115908022257
2.0516115908022257
1.4932646525081585
1.9678486796539476
2.0137732064851037
2.0314202591332062
2.0314202591332062
2.0314202591332062
2.0314202591332062
2.0314202591332062
2.0314202591332062
2.0314202591332062
2.0314202591332062
2.0314202591332062
2.0314202591332062
2.0314202591332062
2.0314202591332062
2.0314202591332062
2.0314202591332062
2.0314202591332062
2.0314202591332062
2.0314202591332062
2.0314202591332062
2.0314202591332062
2.0314202591332062
2.0314202591332062
2.0314202591332062
1.4932646525081585
2.0051470191384553
2.0200666472859576
2.0200666472859576
2.0200666472859576
2.0200666472859576
2.0200666472859576
2.034584235885046
2.034584235885046
2.0346488294813634
2.0346488294813634
2.0346488294813634
2.0346488294813634
2.0346488294813634
2.0346488294813634
2.0346488294813634
2.0346488294813634
2.0346488294813634
2.0358949805301494
2.0358949805301494
2.0516115908022257
2.0516115908022257
2.0516115908022257
2.0516115908022257
2.0516115908022257
1.4932646525081585
2.007271700594891
2.0203557929079063
2.0203557929079063
2.0203557929079063
2.0203557929079063
2.0203557929079063
2.0203557929079063
2.0203557929079063
2.0203557929079063
2.0203557929079063
2.0203557929079063
2.0203557929079063
2.0203557929079063
2.0203557929079063
2.0203557929079063
2.0203557929079063
2.0203557929079063
2.0203557929079063
2.0203557929079063
2.0203557929079063
2.0203557929079063
2.0203557929079063
2.0203557929079063
2.0203557929079063
1.4932646525081585
2.0200028805870605
2.0412191976122136
2.041307164410074
2.041307164410074
2.041307164410074
2.041307164410074
2.05411397518621
2.05411397518621
2.05411397518621
2.05411397518621
2.05411397518621
2.05411397518621
2.05411397518621
2.05411397518621
2.05411397518621
2.05411397518621
2.05411397518621
2.05411397518621
2.05411397518621
2.05411397518621
2.05411397518621
2.05411397518621
2.05411397518621
2.05411397518621
1.4932646525081585
1.9924618475023468
2.065311890769881
2.0678697704053937
2.0678697704053937
2.0678697704053937
2.074816073876004
2.074816073876004
2.074816073876004
2.074816073876004
2.074816073876004
2.074816073876004
2.074816073876004
2.074816073876004
2.074816073876004
2.074820723467542
2.074820723467542
2.074820723467542
2.074820723467542
2.074820723467542
2.0748417904258787
2.0748417904258787
2.0748417904258787
2.0748417904258787
2.0748417904258787
1.4932646525081585
1.9720547037032985
2.0264103431441316
2.0287246429257495
2.0287246429257495
2.0287246429257495
2.0287246429257495
2.0287246429257495
2.0287246429257495
2.0287246429257495
2.0287246429257495
2.0287246429257495
2.0287246429257495
2.0287246429257495
2.0287246429257495
2.0287246429257495
2.0287246429257495
2.0287246429257495
2.0287246429257495
2.0287246429257495
2.0287246429257495
2.0287246429257495
2.0287246429257495
2.0287246429257495
2.0287246429257495
1.4932646525081585
1.9814543353735279
2.0234870594080636
2.023517342341933
2.023517342341933
2.023517342341933
2.023517342341933
2.023517342341933
2.023517342341933
2.023517342341933
2.023517342341933
2.023517342341933
2.023517342341933
2.023517342341933
2.023517342341933
2.023517342341933
2.023517342341933
2.023517342341933
2.023517342341933
2.023517342341933
2.023517342341933
2.023517342341933
2.023517342341933
2.023517342341933
2.023517342341933
