1.4500738086294431
1.983265994908077
2.0364276320048638
2.043898361361594
2.043898361361594
2.043898361361594
2.043898361361594
2.043898361361594
2.043898361361594
2.043898361361594
2.043898361361594
2.043898361361594
2.043898361361594
2.043898361361594
2.043898361361594
2.043898361361594
2.043898361361594
2.043898361361594
2.04724837758422
2.04724837758422
2.04724837758422
2.04724837758422
2.04724837758422
2.04724837758422
2.04724837758422
1.4500738086294431
1.9463024811610246
1.9746103339597871
1.9746103339597871
1.9767533730851001
1.9767533730851001
1.9767533730851001
1.9767533730851001
1.9767533730851001
1.9789258373330814
1.9789258373330814
1.9789258373330814
1.9789258373330814
1.9789258373330814
1.9789258373330814
1.9789258373330814
1.9789258373330814
1.9789258373330814
1.9789258373330814
1.9789258373330814
1.9789258373330814
1.9789258373330814
1.9789258373330814
1.9789258373330814
1.9789258373330814
