1.4500738086294431
1.983265994908077
2.0364276320048638
2.043898361361594
2.043898361361594
2.043898361361594
2.043898361361594
2.043898361361594
2.043898361361594
2.043898361361594
2.043898361361594
2.043898361361594
2.043898361361594
2.043898361361594
2.043898361361594
2.043898361361594
2.043898361361594
2.043898361361594
2.04724837758422
2.04724837758422
2.04724837758422
2.04724837758422
2.04724837758422
2.04724837758422
2.04724837758422
1.4500738086294431
1.9463024811610246
1.9746103339597871
1.9746103339597871
1.9767533730851001
1.9767533730851001
1.9767533730851001
1.9767533730851001
1.9767533730851001
1.9789258373330814
1.9789258373330814
1.9789258373330814
1.9789258373330814
1.9789258373330814
1.9789258373330814
1.9789258373330814
1.9789258373330814
1.9789258373330814
1.9789258373330814
1.9789258373330814
1.9789258373330814
1.9789258373330814
1.9789258373330814
1.9789258373330814
1.9789258373330814
1.4500738086294431
1.976967881802788
2.0330196960919285
2.0330196960919285
2.0355796108725954
2.0355796108725954
2.0355796108725954
2.0355796108725954
2.0355796108725954
2.0355796108725954
2.0355796108725954
2.0355796108725954
2.0355796108725954
2.0355796108725954
2.0355796108725954
2.0355796108725954
2.0355796108725954
2.0355796108725954
2.0355796108725954
2.0355796108725954
2.0355796108725954
2.0355796108725954
2.0355796108725954
2.0355796108725954
2.0355796108725954
1.4500738086294431
1.9883584826679963
2.0489197631470444
2.0489197631470444
2.0505052015501533
2.0505052015501533
2.0505052015501533
2.0505052015501533
2.0505052015501533
2.0505052015501533
2.0505052015501533
2.0505052015501533
2.0505052015501533
2.0505052015501533
2.0505052015501533
2.0505052015501533
2.0505052015501533
2.0505052015501533
2.0505052015501533
2.0505052015501533
2.0505052015501533
2.0505052015501533
2.0505052015501533
2.0505052015501533
2.0505052015501533
1.4500738086294431
1.9578210889246859
2.0269732943008356
2.037672880400473
2.037672880400473
2.037672880400473
2.037672880400473
2.037672880400473
2.037672880400473
2.037672880400473
2.037672880400473
2.037672880400473
2.037672880400473
2.037672880400473
2.037672880400473
2.037672880400473
2.037672880400473
2.037672880400473
2.037672880400473
2.037672880400473
2.037672880400473
2.037672880400473
2.037672880400473
2.037672880400473
2.037672880400473
1.4500738086294431
1.92872781963483
1.9905565856278653
1.9905565856278653
1.9905565856278653
1.9905565856278653
1.9905565856278653
1.9905565856278653
1.9905565856278653
1.9905565856278653
1.9905565856278653
1.9905565856278653
1.9905565856278653
1.9905565856278653
1.9913874223460393
1.9913874223460393
1.9913874223460393
1.9913874223460393
1.9913874223460393
1.9913874223460393
1.9913874223460393
1.9913874223460393
1.9913874223460393
1.992232481752012
1.992232481752012
