1.3624025197665934
1.8990368595210756
1.9957564506593293
2.0252567630935694
2.028260894173635
2.028291705222163
2.0282936685792556
2.0282936685792556
2.0282936685792556
2.0282936685792556
2.0282936685792556
2.0282936685792556
2.0282936685792556
2.0282936685792556
2.0282936685792556
2.0282936685792556
2.0282936685792556
2.0282956144383717
2.0282956144383717
2.0282956144383717
2.0282956144383717
2.0282956144383717
2.0282956144383717
2.0282956144383717
2.0282956144383717
1.3624025197665934
1.8507355559744065
1.941177402191921
1.9581529086843648
1.9716733550640617
1.982214870614542
1.9836522275469222
1.9836522275469222
1.9836522275469222
1.9836522275469222
1.9836522275469222
1.9836522275469222
1.9836522275469222
1.9836522275469222
1.9836522275469222
1.9836522275469222
1.9836522275469222
1.9836522275469222
1.9836522275469222
1.983656350737371
1.983656350737371
1.983656350737371
1.983656350737371
1.983656350737371
1.983656350737371
1.3624025197665934
1.8910982738760673
2.0068258540812733
2.0354373018983725
2.042331205420589
2.042331205420589
2.042340196273144
2.0423962678234897
2.0423962678234897
2.0423962678234897
2.0423962678234897
2.0423962678234897
2.0423962678234897
2.0423962678234897
2.0423962678234897
2.0423962678234897
2.0423962678234897
2.0423962678234897
2.0423962678234897
2.0423962678234897
2.0423962678234897
2.0423962678234897
2.0423962678234897
2.0423962678234897
2.0423962678234897
1.3624025197665934
1.9124807928806145
2.0242738382894694
2.0300017143904197
2.0300017143904197
2.0300017143904197
2.0300017143904197
2.0300017143904197
2.0300017143904197
2.0325975031289145
2.0325975031289145
2.0325975031289145
2.0325975031289145
2.0325975031289145
2.0325975031289145
2.0325975031289145
2.0325975031289145
2.0325975031289145
2.0325975031289145
2.0325975031289145
2.0325975031289145
2.0325975031289145
2.0325975031289145
2.0325975031289145
2.0325975031289145
1.3624025197665934
1.905461667923493
1.9827467698879266
2.001124231555199
2.0099728081073316
2.0099728081073316
2.0099728081073316
2.0099728081073316
2.0099778898372653
2.0099778898372653
2.0099778898372653
2.009983073676876
2.009983073676876
2.0099842896630813
2.0099842896630813
2.0099842896630813
2.0099842896630813
2.0099842896630813
2.0100169772186716
2.0100169772186716
2.010025193080756
2.0100343214056595
2.0100865288331473
2.01082773972797
2.015888643091023
1.3624025197665934
1.8415314579190072
1.945739700094078
1.9766963064564098
1.9792988107792189
1.9813790858512377
1.9864542493187651
1.9864542493187651
1.9864542493187651
1.9865568740171067
1.9865901121006
1.9865901121006
1.9865901121006
1.9866520197242683
1.9866520197242683
1.9920986042092175
1.9920986042092175
1.9920986042092175
1.9920986042092175
1.9920986042092175
1.9920986042092175
1.9920986042092175
1.9920986042092175
1.9922020294122262
1.9922020294122262
1.3624025197665934
1.946343146133739
2.0043737005923945
2.014025398668101
2.0236307635473367
2.0236592011549877
2.023664180775245
2.023709957632437
2.0298246380924994
2.0298246380924994
2.0298246380924994
2.0298324140115414
2.0298324140115414
2.037245525334409
2.0372598374989224
2.042285236631442
2.042285236631442
2.042285236631442
2.0422929356357513
2.0422929356357513
2.0422935990347892
2.0422935990347892
2.0422935990347892
2.0422935990347892
2.0422935990347892
1.3624025197665934
1.8531695658712222
1.9607730827128342
2.004975784356283
2.025355164412945
2.025355164412945
2.03047592765654
2.03047592765654
2.03047592765654
2.03047592765654
2.03047592765654
2.03047592765654
2.03047592765654
2.03047592765654
2.03047592765654
2.03047592765654
2.03047592765654
2.03047592765654
2.03047592765654
2.03047592765654
2.03047592765654
2.03047592765654
2.03047592765654
2.03047592765654
2.03047592765654
1.3624025197665934
1.9276844792969319
1.9918540828151017
1.9998960481419246
1.9999035467852164
2.0087380929344234
2.013767671764204
2.01875917354566
2.0188274486901974
2.01958750126096
2.0195968883109443
2.0269816198414428
2.0304221742395576
2.0374459030978156
2.0374459030978156
2.0375531571558807
2.0375795292967624
2.0375795292967624
2.0375795292967624
2.0375795292967624
2.037584851294695
2.037584851294695
2.037584851294695
2.037584851294695
2.037584851294695
1.3624025197665934
1.949315471457427
2.0281904441902143
2.037243613832737
2.037243613832737
2.037243613832737
2.0372590803731483
2.0372590803731483
2.0372590803731483
2.037259743772186
2.037259743772186
2.037259743772186
2.037259743772186
2.037259743772186
2.037259743772186
2.037259743772186
2.037259743772186
2.037259743772186
2.037259743772186
2.037259743772186
2.037259743772186
2.037259743772186
2.037259743772186
2.037259743772186
2.037259743772186
1.3624025197665934
1.9275791808497666
1.9945478568610397
2.003944522904339
2.0158112239433983
2.0171400721815655
2.0171400721815655
2.0226468416250327
2.023647963537217
2.0285249611745746
2.0285249611745746
2.0285249611745746
2.0285249611745746
2.0285249611745746
2.0285249611745746
2.0285249611745746
2.0285249611745746
2.0285249611745746
2.0285249611745746
2.0285249611745746
2.0285249611745746
2.0285249611745746
2.0285249611745746
2.0285249611745746
2.0285249611745746
1.3624025197665934
1.9356130790012287
2.007562017899909
2.014887361214847
2.015452091002325
2.015452091002325
2.015994651080571
2.0185730298778353
2.020414249852932
2.020776043211312
2.020776043211312
2.0208348643104395
2.0208348643104395
2.0208348643104395
2.022616189671188
2.0244376032908633
2.0244376032908633
2.0244376032908633
2.0244376032908633
2.0244376032908633
2.0261860866430887
2.0261860866430887
2.0261860866430887
2.0261860866430887
2.0261860866430887
1.3624025197665934
1.9266413072330855
1.99113535721726
1.9998260695895949
2.0005488081353975
2.000550571404605
2.0008875342003263
2.001441415119917
2.0014463503560536
2.003262594175803
2.0082997045976225
2.0122042102060544
2.0122065246430165
2.0122065246430165
2.0122065246430165
2.0122065246430165
2.0122215926549445
2.0122215926549445
2.0122373817440007
2.0122373817440007
2.0172865472983297
2.017299532571179
2.017299532571179
2.017299532571179
2.017299532571179
1.3624025197665934
1.8805006761455858
1.9793195348114336
2.0177374556664436
2.0211131499641457
2.0211131499641457
2.0211131499641457
2.0211131499641457
2.0211131499641457
2.0211131499641457
2.0211131499641457
2.0211131499641457
2.0211131499641457
2.0211131499641457
2.0211131499641457
2.0211131499641457
2.0211131499641457
2.0211131499641457
2.0211131499641457
2.0211131499641457
2.0211131499641457
2.0211131499641457
2.0211131499641457
2.0211131499641457
2.0211131499641457
1.3624025197665934
1.9034023714249002
2.007166062117043
2.0255807116432196
2.028615031632648
2.028615031632648
2.028615031632648
2.028655017781899
2.028655017781899
2.028655017781899
2.028655017781899
2.028655017781899
2.028655017781899
2.028655017781899
2.028655017781899
2.028655017781899
2.028655017781899
2.028655017781899
2.028655017781899
2.028655017781899
2.028655017781899
2.028655017781899
2.028655017781899
2.028655017781899
2.028655017781899
