1.3624025197665934
1.8990368595210756
1.9957564506593293
2.0252567630935694
2.028260894173635
2.028291705222163
2.0282936685792556
2.0282936685792556
2.0282936685792556
2.0282936685792556
2.0282936685792556
2.0282936685792556
2.0282936685792556
2.0282936685792556
2.0282936685792556
2.0282936685792556
2.0282936685792556
2.0282956144383717
2.0282956144383717
2.0282956144383717
2.0282956144383717
2.0282956144383717
2.0282956144383717
2.0282956144383717
2.0282956144383717
1.3624025197665934
1.8507355559744065
1.941177402191921
1.9581529086843648
1.9716733550640617
1.982214870614542
1.9836522275469222
1.9836522275469222
1.9836522275469222
1.9836522275469222
1.9836522275469222
1.9836522275469222
1.9836522275469222
1.9836522275469222
1.9836522275469222
1.9836522275469222
1.9836522275469222
1.9836522275469222
1.9836522275469222
1.983656350737371
1.983656350737371
1.983656350737371
1.983656350737371
1.983656350737371
1.983656350737371
1.3624025197665934
1.8910982738760673
2.0068258540812733
2.0354373018983725
2.042331205420589
2.042331205420589
2.042340196273144
2.0423962678234897
2.0423962678234897
2.0423962678234897
2.0423962678234897
2.0423962678234897
2.0423962678234897
2.0423962678234897
2.0423962678234897
2.0423962678234897
2.0423962678234897
2.0423962678234897
2.0423962678234897
2.0423962678234897
2.0423962678234897
2.0423962678234897
2.0423962678234897
2.0423962678234897
2.0423962678234897
1.3624025197665934
1.9124807928806145
2.0242738382894694
2.0300017143904197
2.0300017143904197
2.0300017143904197
2.0300017143904197
2.0300017143904197
2.0300017143904197
2.0325975031289145
2.0325975031289145
2.0325975031289145
2.0325975031289145
2.0325975031289145
2.0325975031289145
2.0325975031289145
2.0325975031289145
2.0325975031289145
2.0325975031289145
2.0325975031289145
2.0325975031289145
2.0325975031289145
2.0325975031289145
2.0325975031289145
2.0325975031289145
