1.3624025197665934
1.8990368595210756
1.9957564506593293
2.0252567630935694
2.028260894173635
2.028291705222163
2.0282936685792556
2.0282936685792556
2.0282936685792556
2.0282936685792556
2.0282936685792556
2.0282936685792556
2.0282936685792556
2.0282936685792556
2.0282936685792556
2.0282936685792556
2.0282936685792556
2.0282956144383717
2.0282956144383717
2.0282956144383717
2.0282956144383717
2.0282956144383717
2.0282956144383717
2.0282956144383717
2.0282956144383717
1.3624025197665934
1.8507355559744065
1.941177402191921
1.9581529086843648
1.9716733550640617
1.982214870614542
1.9836522275469222
1.9836522275469222
1.9836522275469222
1.9836522275469222
1.9836522275469222
1.9836522275469222
1.9836522275469222
1.9836522275469222
1.9836522275469222
1.9836522275469222
1.9836522275469222
1.9836522275469222
1.9836522275469222
1.983656350737371
1.983656350737371
1.983656350737371
1.983656350737371
1.983656350737371
1.983656350737371
1.3624025197665934
1.8910982738760673
2.0068258540812733
2.0354373018983725
2.042331205420589
2.042331205420589
2.042340196273144
2.0423962678234897
2.0423962678234897
2.0423962678234897
2.0423962678234897
2.0423962678234897
2.0423962678234897
2.0423962678234897
2.0423962678234897
2.0423962678234897
2.0423962678234897
2.0423962678234897
2.0423962678234897
2.0423962678234897
2.0423962678234897
2.0423962678234897
2.0423962678234897
2.0423962678234897
2.0423962678234897
1.3624025197665934
1.9124807928806145
2.0242738382894694
2.0300017143904197
2.0300017143904197
2.0300017143904197
2.0300017143904197
2.0300017143904197
2.0300017143904197
2.0325975031289145
2.0325975031289145
2.0325975031289145
2.0325975031289145
2.0325975031289145
2.0325975031289145
2.0325975031289145
2.0325975031289145
2.0325975031289145
2.0325975031289145
2.0325975031289145
2.0325975031289145
2.0325975031289145
2.0325975031289145
2.0325975031289145
2.0325975031289145
1.3624025197665934
1.905461667923493
1.9827467698879266
2.001124231555199
2.0099728081073316
2.0099728081073316
2.0099728081073316
2.0099728081073316
2.0099778898372653
2.0099778898372653
2.0099778898372653
2.009983073676876
2.009983073676876
2.0099842896630813
2.0099842896630813
2.0099842896630813
2.0099842896630813
2.0099842896630813
2.0100169772186716
2.0100169772186716
2.010025193080756
2.0100343214056595
2.0100865288331473
2.01082773972797
2.015888643091023
1.3624025197665934
1.8415314579190072
1.945739700094078
1.9766963064564098
1.9792988107792189
1.9813790858512377
1.9864542493187651
1.9864542493187651
1.9864542493187651
1.9865568740171067
1.9865901121006
1.9865901121006
1.9865901121006
1.9866520197242683
1.9866520197242683
1.9920986042092175
1.9920986042092175
1.9920986042092175
1.9920986042092175
1.9920986042092175
1.9920986042092175
1.9920986042092175
1.9920986042092175
1.9922020294122262
1.9922020294122262
1.3624025197665934
1.946343146133739
2.0043737005923945
2.014025398668101
2.0236307635473367
2.0236592011549877
2.023664180775245
2.023709957632437
2.0298246380924994
2.0298246380924994
2.0298246380924994
2.0298324140115414
2.0298324140115414
2.037245525334409
2.0372598374989224
2.042285236631442
2.042285236631442
2.042285236631442
2.0422929356357513
2.0422929356357513
2.0422935990347892
2.0422935990347892
2.0422935990347892
2.0422935990347892
2.0422935990347892
1.3624025197665934
1.8531695658712222
1.9607730827128342
2.004975784356283
2.025355164412945
2.025355164412945
2.03047592765654
2.03047592765654
2.03047592765654
2.03047592765654
2.03047592765654
2.03047592765654
2.03047592765654
2.03047592765654
2.03047592765654
2.03047592765654
2.03047592765654
2.03047592765654
2.03047592765654
2.03047592765654
2.03047592765654
2.03047592765654
2.03047592765654
2.03047592765654
2.03047592765654
