1.3680830632462275
1.6797716572739447
1.7861660008709186
1.830075055018855
1.8403085906155383
1.8463394886983553
1.846349697502629
1.846349697502629
1.8463670527904559
1.8464711039688833
1.8464711039688833
1.8464711039688833
1.847161256897147
1.847161256897147
1.847161256897147
1.8876228060747404
1.8899081100363682
1.8899081100363682
1.8899081100363682
1.8899081100363682
1.8899081100363682
1.9020418305775322
1.9020418305775322
1.9020418305775322
1.9020418305775322
1.3680830632462275
1.7772509164323536
1.9172595642841963
1.9529404669549186
1.9691912196925199
1.9754795855753402
1.9795597788940822
1.9795597788940822
1.9920208440579006
1.9920208440579006
1.9920208440579006
1.9948218408614578
1.9979582307422252
1.9979582307422252
1.9979582307422252
1.9979582307422252
2.0029035276613603
2.0029035276613603
2.0029035276613603
2.0029035276613603
2.0029035276613603
2.0029035276613603
2.0029035276613603
2.0029035276613603
2.0029035276613603
1.3680830632462275
1.7328483521718028
1.8207549102530662
1.8411352636119216
1.85781854280046
1.8612819077956337
1.8841422658493265
1.894999994319259
1.895931018821056
1.895931018821056
1.895931018821056
1.895931018821056
1.895931018821056
1.895931018821056
1.895931018821056
1.895931018821056
1.895931018821056
1.895931018821056
1.895931018821056
1.895931018821056
1.895931018821056
1.895931018821056
1.895931018821056
1.895931018821056
1.895931018821056
1.3680830632462275
1.7331172739531655
1.9037029795597722
1.9385609926640113
1.941171462564718
1.941171462564718
1.941171462564718
1.941171462564718
1.941171462564718
1.941171462564718
1.941171462564718
1.941171462564718
1.941171462564718
1.9412409897186043
1.9412409897186043
1.9412409897186043
1.9412409897186043
1.9412409897186043
1.9412409897186043
1.9412409897186043
1.9412409897186043
1.9412409897186043
1.9412409897186043
1.9412409897186043
1.9412409897186043
1.3680830632462275
1.7497640378018404
1.8118544179122404
1.8562452247926715
1.868418798842867
1.8786836582429753
1.8844381895122426
1.888025688496031
1.8909869676611448
1.8909893267912248
1.8909893267912248
1.8909893267912248
1.8909893267912248
1.8909893267912248
1.8909943112007965
1.8909943112007965
1.8909943112007965
1.8909943112007965
1.8909943112007965
1.8909943112007965
1.8909943112007965
1.8909943112007965
1.8909943112007965
1.8909943112007965
1.8942037094181154
1.3680830632462275
1.605505687568945
1.7011178132332736
1.780994131321026
1.8764680910526672
1.9099110644536457
1.9219349222965314
1.9315382108628651
1.9596111812307064
1.9657582760639174
1.9657582760639174
1.9657582760639174
1.9657582760639174
1.9657582760639174
1.9657582760639174
1.9657582760639174
1.9657582760639174
1.9657582760639174
1.9657582760639174
1.9657582760639174
1.9657582760639174
1.9657582760639174
1.9657582760639174
1.9657582760639174
1.9657582760639174
1.3680830632462275
1.7006610191586942
1.7231105991739701
1.7373420514672657
1.7483512797274714
1.7540859834790377
1.7694902011117803
1.780265235520198
1.780365163622195
1.7861730486488911
1.7920811348155483
1.7920811348155483
1.7920811348155483
1.7920811348155483
1.792083609632323
1.792087633202496
1.792087633202496
1.792087633202496
1.792087633202496
1.792087633202496
1.792087633202496
1.792087633202496
1.792087633202496
1.792087633202496
1.792087633202496
1.3680830632462275
1.70170096257708
1.8077654070874178
1.8489327382252265
1.8774383805304553
1.9020072718131293
1.9081988242593615
1.9392450789387716
1.9940438574278196
2.013325456119992
2.0148614728721705
2.0148614728721705
2.0148614728721705
2.0148614728721705
2.0148614728721705
2.0148614728721705
2.0148614728721705
2.0148614728721705
2.016805411841028
2.016805411841028
2.016805411841028
2.016805411841028
2.016805411841028
2.016805411841028
2.016805411841028
1.3680830632462275
1.766819005347764
1.9031544445978061
1.935448634030124
1.9406897716319034
1.940705329569461
1.940710683539049
1.9426664119998036
1.9426664119998036
1.9488081544755276
1.9488081544755276
1.9488081544755276
1.9488081544755276
1.9504625310782358
1.9504625310782358
1.9567112554738888
1.9567112554738888
1.9567112554738888
1.9567112554738888
1.9567112554738888
1.9567112554738888
1.9567112554738888
1.9567112554738888
1.9567112554738888
1.9567112554738888
1.3680830632462275
1.7094120634256325
1.8016387657728117
1.8219259403642862
1.8479263645371498
1.859966753700322
1.859966753700322
1.881129527741534
1.881129527741534
1.881129527741534
1.881129527741534
1.881129527741534
1.881129527741534
1.8870519181715153
1.8870519181715153
1.8870519181715153
1.8870519181715153
1.8870519181715153
1.8959874590895922
1.8959874590895922
1.8959874590895922
1.8959874590895922
1.8959874590895922
1.8959874590895922
1.8959874590895922
1.3680830632462275
1.7579171521993786
1.8779542038219024
1.9145561365530048
1.9616724979817552
1.9693086362548289
1.9693879619682706
1.9693879619682706
1.9693879619682706
1.9693879619682706
1.9693879619682706
1.9693879619682706
1.9693879619682706
1.9693879619682706
1.9693879619682706
1.9693879619682706
1.9693879619682706
1.9693879619682706
1.9693879619682706
1.9693879619682706
1.9693879619682706
1.9693879619682706
1.9693879619682706
1.9693879619682706
1.9723643105448667
1.3680830632462275
1.7688412995060299
1.8995097090130169
1.926596774961397
1.9457823670865655
1.9458028735852972
1.948160069830391
1.95274208565926
1.95274208565926
1.95274208565926
1.9560864972760494
1.9560864972760494
1.9560957913131642
1.9560957913131642
1.9560957913131642
1.9560957913131642
1.9560957913131642
1.9560957913131642
1.9560957913131642
1.9560957913131642
1.9561046162360893
1.9561046162360893
1.9561046162360893
1.9561046162360893
1.9561046162360893
1.3680830632462275
1.8220416518254376
1.9444666014895209
1.9467794718799132
1.9506736018098927
1.95104103780936
1.9582419858522246
1.960611973949548
1.9606241332512846
1.9645014991427265
1.9645014991427265
1.9645014991427265
1.9645014991427265
1.9645014991427265
1.9645014991427265
1.9645014991427265
1.9645014991427265
1.9645014991427265
1.9645014991427265
1.9645014991427265
1.9645014991427265
1.9645014991427265
1.9645014991427265
1.9645014991427265
1.9645014991427265
1.3680830632462275
1.7613727204730365
1.8931680147574026
1.95405461074203
1.9797208978930294
1.9797208978930294
1.980332408900327
1.980332408900327
1.9865175476156274
1.9865175476156274
1.9865175476156274
1.9865175476156274
1.9865175476156274
1.9865675134988006
1.9866015968656796
1.9866167312100536
1.9866167312100536
1.9866167312100536
1.9866167312100536
1.9866167312100536
1.9866167312100536
1.9866167312100536
1.9866167312100536
1.9866167312100536
1.9866167312100536
1.3680830632462275
1.667437986887582
1.7952464385988893
1.9186733474636937
1.9546425786055497
1.9815026010635426
1.9881968543007495
1.9881968543007495
1.9881968543007495
1.9881981568126943
1.9881981568126943
1.9881981568126943
1.9881981568126943
1.9881981568126943
1.9881981568126943
1.9881981568126943
1.9881981568126943
1.9881981568126943
1.9881981568126943
1.9882066603810857
1.9882066603810857
1.9882066603810857
1.9882066603810857
1.9882066603810857
1.9882066603810857
1.3680830632462275
1.7205643136753972
1.7724090869748348
1.8114878277590551
1.8559510963425765
1.9250279133185133
1.9466494597937816
1.9528474100929156
1.9528474100929156
1.9528474100929156
1.9528474100929156
1.9562068777750639
1.9562068777750639
1.9562068777750639
1.9562068777750639
1.9562068777750639
1.9562068777750639
1.9562068777750639
1.9562068777750639
1.9562068777750639
1.9562068777750639
1.9562068777750639
1.9562068777750639
1.9562068777750639
1.9562068777750639
1.3680830632462275
1.7719530836093889
1.8635563772038242
1.9113594474726063
1.9237645806439791
1.9299069588291313
1.9360759611548162
1.9360759611548162
1.936085964291251
1.9538290910585259
1.9622081487498906
1.962550196273914
1.962550196273914
1.962550196273914
1.962550196273914
1.962550196273914
1.962550196273914
1.962644071374637
1.962644071374637
1.962644071374637
1.962644071374637
1.962644071374637
1.962644071374637
1.962644071374637
1.962644071374637
