1.3680830632462275
1.6797716572739447
1.7861660008709186
1.830075055018855
1.8403085906155383
1.8463394886983553
1.846349697502629
1.846349697502629
1.8463670527904559
1.8464711039688833
1.8464711039688833
1.8464711039688833
1.847161256897147
1.847161256897147
1.847161256897147
1.8876228060747404
1.8899081100363682
1.8899081100363682
1.8899081100363682
1.8899081100363682
1.8899081100363682
1.9020418305775322
1.9020418305775322
1.9020418305775322
1.9020418305775322
1.3680830632462275
1.7772509164323536
1.9172595642841963
1.9529404669549186
1.9691912196925199
1.9754795855753402
1.9795597788940822
1.9795597788940822
1.9920208440579006
1.9920208440579006
1.9920208440579006
1.9948218408614578
1.9979582307422252
1.9979582307422252
1.9979582307422252
1.9979582307422252
2.0029035276613603
2.0029035276613603
2.0029035276613603
2.0029035276613603
2.0029035276613603
2.0029035276613603
2.0029035276613603
2.0029035276613603
2.0029035276613603
1.3680830632462275
1.7328483521718028
1.8207549102530662
1.8411352636119216
1.85781854280046
1.8612819077956337
1.8841422658493265
1.894999994319259
1.895931018821056
1.895931018821056
1.895931018821056
1.895931018821056
1.895931018821056
1.895931018821056
1.895931018821056
1.895931018821056
1.895931018821056
1.895931018821056
1.895931018821056
1.895931018821056
1.895931018821056
1.895931018821056
1.895931018821056
1.895931018821056
1.895931018821056
