0.6772727272727272	-0.2473475475382705
0.6954545454545454	-0.26684835182783945
0.6863636363636364	-0.2587659593248433
0.6818181818181818	-0.24920603847395195
0.6909090909090909	-0.2615877205070847
0.6863636363636364	-0.2587659593248433
0.6863636363636364	-0.2587659593248433
0.6863636363636364	-0.2587659593248433
0.6863636363636364	-0.2587659593248433
0.6863636363636364	-0.2587659593248433
0.6863636363636364	-0.2587659593248433
0.6863636363636364	-0.2587659593248433
0.6863636363636364	-0.2587659593248433
0.6863636363636364	-0.2587659593248433
0.6863636363636364	-0.2587659593248433
0.6863636363636364	-0.2587659593248433
0.6863636363636364	-0.2587659593248433
0.6863636363636364	-0.2587659593248433
0.6863636363636364	-0.2587659593248433
0.6863636363636364	-0.2587659593248433
0.6863636363636364	-0.2587659593248433
0.6863636363636364	-0.2587659593248433
0.6863636363636364	-0.2587659593248433
0.6863636363636364	-0.2587659593248433
0.6863636363636364	-0.2587659593248433
0.6863636363636364	-0.2587659593248433
0.6863636363636364	-0.2587659593248433
0.6863636363636364	-0.2587659593248433
0.6863636363636364	-0.2587659593248433
0.6863636363636364	-0.2587659593248433
0.6863636363636364	-0.2587659593248433
0.6863636363636364	-0.2587659593248433
0.6863636363636364	-0.2587659593248433
0.6772727272727272	-0.2473475475382705
0.6863636363636364	-0.2587659593248433
0.6863636363636364	-0.2587659593248433
0.6863636363636364	-0.2587659593248433
0.6863636363636364	-0.2587659593248433
0.6863636363636364	-0.2587659593248433
0.6772727272727272	-0.2473475475382705
0.6863636363636364	-0.2587659593248433
0.6863636363636364	-0.2587659593248433
0.6863636363636364	-0.2587659593248433
0.6863636363636364	-0.2587659593248433
0.6863636363636364	-0.2587659593248433
0.6863636363636364	-0.2587659593248433
0.6863636363636364	-0.2587659593248433
0.6863636363636364	-0.2587659593248433
0.6863636363636364	-0.2587659593248433
0.6863636363636364	-0.2587659593248433
0.6863636363636364	-0.2587659593248433
0.6863636363636364	-0.2587659593248433
0.6863636363636364	-0.2587659593248433
0.6863636363636364	-0.2587659593248433
0.6863636363636364	-0.2587659593248433
0.6863636363636364	-0.2587659593248433
0.6863636363636364	-0.2587659593248433
0.6863636363636364	-0.2587659593248433
0.6863636363636364	-0.2587659593248433
0.6863636363636364	-0.2587659593248433
0.6863636363636364	-0.2587659593248433
0.6863636363636364	-0.2587659593248433
0.6863636363636364	-0.2587659593248433
0.6863636363636364	-0.2587659593248433
0.6863636363636364	-0.2587659593248433
0.6863636363636364	-0.2587659593248433
0.6863636363636364	-0.2587659593248433
0.6954545454545454	-0.26684835182783945
0.6863636363636364	-0.2587659593248433
0.6863636363636364	-0.2587659593248433
0.6863636363636364	-0.2587659593248433
0.6863636363636364	-0.2587659593248433
0.6863636363636364	-0.2587659593248433
0.6863636363636364	-0.2587659593248433
0.6863636363636364	-0.2587659593248433
0.6863636363636364	-0.2587659593248433
0.6863636363636364	-0.2587659593248433
0.6863636363636364	-0.2587659593248433
0.6863636363636364	-0.2587659593248433
0.6863636363636364	-0.2587659593248433
0.6863636363636364	-0.2587659593248433
0.6863636363636364	-0.2587659593248433
0.6863636363636364	-0.2587659593248433
0.6863636363636364	-0.2587659593248433
0.6863636363636364	-0.2587659593248433
0.6863636363636364	-0.2587659593248433
0.6863636363636364	-0.2587659593248433
0.6863636363636364	-0.2587659593248433
0.6863636363636364	-0.2587659593248433
0.6863636363636364	-0.2587659593248433
0.6863636363636364	-0.2587659593248433
0.6863636363636364	-0.2587659593248433
0.6863636363636364	-0.2587659593248433
0.6863636363636364	-0.2587659593248433
0.6863636363636364	-0.2587659593248433
0.6863636363636364	-0.2587659593248433
0.6863636363636364	-0.2587659593248433
0.6863636363636364	-0.2587659593248433
0.6863636363636364	-0.2587659593248433
0.6863636363636364	-0.2587659593248433
0.6863636363636364	-0.2587659593248433
0.6863636363636364	-0.2587659593248433
0.6863636363636364	-0.2587659593248433
0.6863636363636364	-0.2587659593248433
0.6863636363636364	-0.2587659593248433
0.6863636363636364	-0.2587659593248433
0.6863636363636364	-0.2587659593248433
0.6863636363636364	-0.2587659593248433
0.6863636363636364	-0.2587659593248433
0.6863636363636364	-0.2587659593248433
0.6863636363636364	-0.2587659593248433
0.6863636363636364	-0.2587659593248433
0.6863636363636364	-0.2587659593248433
0.6863636363636364	-0.2587659593248433
0.6863636363636364	-0.2587659593248433
0.6863636363636364	-0.2587659593248433
0.6863636363636364	-0.2587659593248433
0.6863636363636364	-0.2587659593248433
0.6863636363636364	-0.2587659593248433
0.6863636363636364	-0.2587659593248433
0.6863636363636364	-0.2587659593248433
0.6863636363636364	-0.2587659593248433
0.6863636363636364	-0.2587659593248433
0.6863636363636364	-0.2587659593248433
0.6863636363636364	-0.2587659593248433
0.6863636363636364	-0.2587659593248433
0.6863636363636364	-0.2587659593248433
0.6863636363636364	-0.2587659593248433
0.6863636363636364	-0.2587659593248433
0.6863636363636364	-0.2587659593248433
0.6863636363636364	-0.2587659593248433
0.6863636363636364	-0.2587659593248433
0.6863636363636364	-0.2587659593248433
0.6863636363636364	-0.2587659593248433
0.6863636363636364	-0.2587659593248433
0.6863636363636364	-0.2587659593248433
0.6863636363636364	-0.2587659593248433
0.6863636363636364	-0.2587659593248433
0.6863636363636364	-0.2587659593248433
0.6863636363636364	-0.2587659593248433
0.6863636363636364	-0.2587659593248433
0.6863636363636364	-0.2587659593248433
0.6863636363636364	-0.2587659593248433
0.6863636363636364	-0.2587659593248433
0.6863636363636364	-0.2587659593248433
0.6863636363636364	-0.2587659593248433
0.6863636363636364	-0.2587659593248433
0.6863636363636364	-0.2587659593248433
0.6863636363636364	-0.2587659593248433
0.6863636363636364	-0.2587659593248433
0.6863636363636364	-0.2587659593248433
0.6863636363636364	-0.2587659593248433
0.6863636363636364	-0.2587659593248433
0.6863636363636364	-0.2587659593248433
0.6863636363636364	-0.2587659593248433
0.6772727272727272	-0.2473475475382705
0.6863636363636364	-0.2587659593248433
0.6863636363636364	-0.2587659593248433
0.6863636363636364	-0.2587659593248433
0.6863636363636364	-0.2587659593248433
0.6863636363636364	-0.2587659593248433
0.6863636363636364	-0.2587659593248433
0.6863636363636364	-0.2587659593248433
0.6863636363636364	-0.2587659593248433
0.6863636363636364	-0.2587659593248433
0.6863636363636364	-0.2587659593248433
0.6863636363636364	-0.2587659593248433
0.6863636363636364	-0.2587659593248433
0.6863636363636364	-0.2587659593248433
0.6863636363636364	-0.2587659593248433
0.6772727272727272	-0.2473475475382705
0.6863636363636364	-0.2587659593248433
0.6863636363636364	-0.2587659593248433
0.6863636363636364	-0.2587659593248433
0.6863636363636364	-0.2587659593248433
0.6863636363636364	-0.2587659593248433
0.6863636363636364	-0.2587659593248433
0.6863636363636364	-0.2587659593248433
0.6772727272727272	-0.2473475475382705
0.6818181818181818	-0.24920603847395195
0.6863636363636364	-0.2587659593248433
0.6863636363636364	-0.2587659593248433
0.6863636363636364	-0.2587659593248433
0.6863636363636364	-0.2587659593248433
0.6863636363636364	-0.2587659593248433
0.6863636363636364	-0.2587659593248433
0.6909090909090909	-0.2615877205070847
0.6863636363636364	-0.2587659593248433
0.6863636363636364	-0.2587659593248433
0.6863636363636364	-0.2587659593248433
0.6863636363636364	-0.2587659593248433
0.6863636363636364	-0.2587659593248433
0.6863636363636364	-0.2587659593248433
0.6863636363636364	-0.2587659593248433
0.6863636363636364	-0.2587659593248433
0.6863636363636364	-0.2587659593248433
0.6863636363636364	-0.2587659593248433
0.6863636363636364	-0.2587659593248433
0.6863636363636364	-0.2587659593248433
0.6863636363636364	-0.2587659593248433
