0.6636363636363637	-0.25807228422322015
0.6863636363636364	-0.262918679206929
0.6818181818181818	-0.2622299259151262
0.6681818181818182	-0.25840239110441704
0.6818181818181818	-0.2622299259151262
0.6818181818181818	-0.2622299259151262
0.6818181818181818	-0.2622299259151262
0.6818181818181818	-0.2622299259151262
0.6818181818181818	-0.2622299259151262
0.6818181818181818	-0.2622299259151262
0.6818181818181818	-0.2622299259151262
0.6818181818181818	-0.2622299259151262
0.6818181818181818	-0.2622299259151262
0.6818181818181818	-0.2622299259151262
0.6818181818181818	-0.2622299259151262
0.6818181818181818	-0.2622299259151262
0.6818181818181818	-0.2622299259151262
0.6818181818181818	-0.2622299259151262
0.6818181818181818	-0.2622299259151262
0.6818181818181818	-0.2622299259151262
0.6636363636363637	-0.25807228422322015
0.6818181818181818	-0.2622299259151262
0.6818181818181818	-0.2622299259151262
0.6818181818181818	-0.2622299259151262
0.6818181818181818	-0.2622299259151262
0.6818181818181818	-0.2622299259151262
0.6818181818181818	-0.2622299259151262
0.6818181818181818	-0.2622299259151262
0.6818181818181818	-0.2622299259151262
0.6818181818181818	-0.2622299259151262
0.6818181818181818	-0.2622299259151262
0.6818181818181818	-0.2622299259151262
0.6818181818181818	-0.2622299259151262
0.6818181818181818	-0.2622299259151262
0.6818181818181818	-0.2622299259151262
0.6818181818181818	-0.2622299259151262
0.6818181818181818	-0.2622299259151262
0.6818181818181818	-0.2622299259151262
0.6818181818181818	-0.2622299259151262
0.6818181818181818	-0.2622299259151262
0.6818181818181818	-0.2622299259151262
0.6818181818181818	-0.2622299259151262
0.6818181818181818	-0.2622299259151262
0.6818181818181818	-0.2622299259151262
0.6818181818181818	-0.2622299259151262
0.6818181818181818	-0.2622299259151262
0.6818181818181818	-0.2622299259151262
0.6818181818181818	-0.2622299259151262
0.6818181818181818	-0.2622299259151262
0.6818181818181818	-0.2622299259151262
0.6818181818181818	-0.2622299259151262
0.6818181818181818	-0.2622299259151262
0.6818181818181818	-0.2622299259151262
0.6818181818181818	-0.2622299259151262
0.6818181818181818	-0.2622299259151262
0.6818181818181818	-0.2622299259151262
0.6818181818181818	-0.2622299259151262
0.6818181818181818	-0.2622299259151262
0.6818181818181818	-0.2622299259151262
0.6818181818181818	-0.2622299259151262
0.6818181818181818	-0.2622299259151262
0.6818181818181818	-0.2622299259151262
0.6818181818181818	-0.2622299259151262
0.6818181818181818	-0.2622299259151262
0.6818181818181818	-0.2622299259151262
0.6818181818181818	-0.2622299259151262
0.6818181818181818	-0.2622299259151262
0.6818181818181818	-0.2622299259151262
0.6818181818181818	-0.2622299259151262
0.6818181818181818	-0.2622299259151262
0.6818181818181818	-0.2622299259151262
0.6818181818181818	-0.2622299259151262
0.6818181818181818	-0.2622299259151262
0.6818181818181818	-0.2622299259151262
0.6636363636363637	-0.25807228422322015
0.6818181818181818	-0.2622299259151262
0.6818181818181818	-0.2622299259151262
0.6818181818181818	-0.2622299259151262
0.6818181818181818	-0.2622299259151262
0.6818181818181818	-0.2622299259151262
0.6818181818181818	-0.2622299259151262
0.6818181818181818	-0.2622299259151262
0.6818181818181818	-0.2622299259151262
0.6818181818181818	-0.2622299259151262
0.6818181818181818	-0.2622299259151262
0.6818181818181818	-0.2622299259151262
0.6818181818181818	-0.2622299259151262
0.6818181818181818	-0.2622299259151262
0.6863636363636364	-0.262918679206929
0.6818181818181818	-0.2622299259151262
0.6818181818181818	-0.2622299259151262
0.6818181818181818	-0.2622299259151262
0.6636363636363637	-0.25807228422322015
0.6818181818181818	-0.2622299259151262
0.6818181818181818	-0.2622299259151262
0.6818181818181818	-0.2622299259151262
0.6818181818181818	-0.2622299259151262
0.6818181818181818	-0.2622299259151262
0.6818181818181818	-0.2622299259151262
0.6818181818181818	-0.2622299259151262
0.6818181818181818	-0.2622299259151262
0.6818181818181818	-0.2622299259151262
0.6818181818181818	-0.2622299259151262
0.6818181818181818	-0.2622299259151262
0.6818181818181818	-0.2622299259151262
0.6818181818181818	-0.2622299259151262
0.6818181818181818	-0.2622299259151262
0.6818181818181818	-0.2622299259151262
0.6818181818181818	-0.2622299259151262
0.6818181818181818	-0.2622299259151262
0.6818181818181818	-0.2622299259151262
0.6818181818181818	-0.2622299259151262
0.6818181818181818	-0.2622299259151262
0.6818181818181818	-0.2622299259151262
0.6818181818181818	-0.2622299259151262
0.6818181818181818	-0.2622299259151262
0.6818181818181818	-0.2622299259151262
0.6818181818181818	-0.2622299259151262
0.6818181818181818	-0.2622299259151262
0.6818181818181818	-0.2622299259151262
0.6818181818181818	-0.2622299259151262
0.6818181818181818	-0.2622299259151262
0.6818181818181818	-0.2622299259151262
0.6818181818181818	-0.2622299259151262
0.6818181818181818	-0.2622299259151262
0.6818181818181818	-0.2622299259151262
0.6863636363636364	-0.262918679206929
0.6818181818181818	-0.2622299259151262
0.6818181818181818	-0.2622299259151262
0.6818181818181818	-0.2622299259151262
0.6818181818181818	-0.2622299259151262
0.6818181818181818	-0.2622299259151262
0.6818181818181818	-0.2622299259151262
0.6818181818181818	-0.2622299259151262
0.6818181818181818	-0.2622299259151262
0.6818181818181818	-0.2622299259151262
0.6818181818181818	-0.2622299259151262
0.6818181818181818	-0.2622299259151262
0.6818181818181818	-0.2622299259151262
0.6818181818181818	-0.2622299259151262
0.6818181818181818	-0.2622299259151262
0.6681818181818182	-0.25840239110441704
0.6818181818181818	-0.2622299259151262
0.6636363636363637	-0.25807228422322015
0.6818181818181818	-0.2622299259151262
0.6818181818181818	-0.2622299259151262
0.6818181818181818	-0.2622299259151262
0.6818181818181818	-0.2622299259151262
0.6818181818181818	-0.2622299259151262
0.6818181818181818	-0.2622299259151262
0.6818181818181818	-0.2622299259151262
0.6818181818181818	-0.2622299259151262
0.6818181818181818	-0.2622299259151262
0.6818181818181818	-0.2622299259151262
0.6818181818181818	-0.2622299259151262
0.6818181818181818	-0.2622299259151262
0.6818181818181818	-0.2622299259151262
0.6818181818181818	-0.2622299259151262
0.6818181818181818	-0.2622299259151262
0.6818181818181818	-0.2622299259151262
0.6818181818181818	-0.2622299259151262
0.6818181818181818	-0.2622299259151262
0.6818181818181818	-0.2622299259151262
0.6818181818181818	-0.2622299259151262
0.6818181818181818	-0.2622299259151262
0.6818181818181818	-0.2622299259151262
0.6818181818181818	-0.2622299259151262
0.6818181818181818	-0.2622299259151262
0.6818181818181818	-0.2622299259151262
0.6818181818181818	-0.2622299259151262
0.6818181818181818	-0.2622299259151262
0.6818181818181818	-0.2622299259151262
0.6818181818181818	-0.2622299259151262
0.6818181818181818	-0.2622299259151262
0.6818181818181818	-0.2622299259151262
0.6818181818181818	-0.2622299259151262
0.6818181818181818	-0.2622299259151262
0.6818181818181818	-0.2622299259151262
0.6818181818181818	-0.2622299259151262
0.6818181818181818	-0.2622299259151262
0.6818181818181818	-0.2622299259151262
0.6818181818181818	-0.2622299259151262
0.6818181818181818	-0.2622299259151262
0.6636363636363637	-0.25807228422322015
0.6818181818181818	-0.2622299259151262
0.6818181818181818	-0.2622299259151262
0.6863636363636364	-0.262918679206929
0.6818181818181818	-0.2622299259151262
0.6818181818181818	-0.2622299259151262
0.6863636363636364	-0.262918679206929
0.6818181818181818	-0.2622299259151262
0.6818181818181818	-0.2622299259151262
0.6818181818181818	-0.2622299259151262
0.6818181818181818	-0.2622299259151262
0.6818181818181818	-0.2622299259151262
0.6818181818181818	-0.2622299259151262
0.6818181818181818	-0.2622299259151262
0.6818181818181818	-0.2622299259151262
0.6818181818181818	-0.2622299259151262
0.6818181818181818	-0.2622299259151262
