0.6954545454545454	-0.27583773709553966
0.6727272727272727	-0.2628363534215159
0.6909090909090909	-0.26801204078291824
0.6818181818181818	-0.26529846609967794
0.6863636363636364	-0.2674318491700562
0.6772727272727272	-0.2636307378428444
0.6863636363636364	-0.2674318491700562
0.6863636363636364	-0.2674318491700562
0.6863636363636364	-0.2674318491700562
0.6863636363636364	-0.2674318491700562
0.6863636363636364	-0.2674318491700562
0.6863636363636364	-0.2674318491700562
0.6863636363636364	-0.2674318491700562
0.6863636363636364	-0.2674318491700562
0.6863636363636364	-0.2674318491700562
0.6863636363636364	-0.2674318491700562
0.6863636363636364	-0.2674318491700562
0.6863636363636364	-0.2674318491700562
0.6863636363636364	-0.2674318491700562
0.6863636363636364	-0.2674318491700562
0.6863636363636364	-0.2674318491700562
0.6863636363636364	-0.2674318491700562
0.6772727272727272	-0.2636307378428444
0.6818181818181818	-0.26529846609967794
0.6863636363636364	-0.2674318491700562
0.6863636363636364	-0.2674318491700562
0.6863636363636364	-0.2674318491700562
0.6863636363636364	-0.2674318491700562
0.6863636363636364	-0.2674318491700562
0.6863636363636364	-0.2674318491700562
0.6863636363636364	-0.2674318491700562
0.6863636363636364	-0.2674318491700562
0.6863636363636364	-0.2674318491700562
0.6863636363636364	-0.2674318491700562
0.6863636363636364	-0.2674318491700562
0.6863636363636364	-0.2674318491700562
0.6863636363636364	-0.2674318491700562
0.6863636363636364	-0.2674318491700562
0.6863636363636364	-0.2674318491700562
0.6863636363636364	-0.2674318491700562
0.6863636363636364	-0.2674318491700562
0.6863636363636364	-0.2674318491700562
0.6863636363636364	-0.2674318491700562
0.6863636363636364	-0.2674318491700562
0.6863636363636364	-0.2674318491700562
0.6863636363636364	-0.2674318491700562
0.6863636363636364	-0.2674318491700562
0.6772727272727272	-0.2636307378428444
0.6863636363636364	-0.2674318491700562
0.6863636363636364	-0.2674318491700562
0.6863636363636364	-0.2674318491700562
0.6863636363636364	-0.2674318491700562
0.6863636363636364	-0.2674318491700562
0.6863636363636364	-0.2674318491700562
0.6863636363636364	-0.2674318491700562
0.6863636363636364	-0.2674318491700562
0.6863636363636364	-0.2674318491700562
0.6863636363636364	-0.2674318491700562
0.6863636363636364	-0.2674318491700562
0.6863636363636364	-0.2674318491700562
0.6863636363636364	-0.2674318491700562
0.6863636363636364	-0.2674318491700562
0.6863636363636364	-0.2674318491700562
0.6863636363636364	-0.2674318491700562
0.6863636363636364	-0.2674318491700562
0.6863636363636364	-0.2674318491700562
0.6863636363636364	-0.2674318491700562
0.6863636363636364	-0.2674318491700562
0.6863636363636364	-0.2674318491700562
0.6863636363636364	-0.2674318491700562
0.6863636363636364	-0.2674318491700562
0.6863636363636364	-0.2674318491700562
0.6863636363636364	-0.2674318491700562
0.6863636363636364	-0.2674318491700562
0.6863636363636364	-0.2674318491700562
0.6863636363636364	-0.2674318491700562
0.6863636363636364	-0.2674318491700562
0.6863636363636364	-0.2674318491700562
0.6863636363636364	-0.2674318491700562
0.6863636363636364	-0.2674318491700562
0.6863636363636364	-0.2674318491700562
0.6863636363636364	-0.2674318491700562
0.6863636363636364	-0.2674318491700562
0.6863636363636364	-0.2674318491700562
0.6863636363636364	-0.2674318491700562
0.6863636363636364	-0.2674318491700562
0.6863636363636364	-0.2674318491700562
0.6863636363636364	-0.2674318491700562
0.6863636363636364	-0.2674318491700562
0.6863636363636364	-0.2674318491700562
0.6863636363636364	-0.2674318491700562
0.6863636363636364	-0.2674318491700562
0.6863636363636364	-0.2674318491700562
0.6863636363636364	-0.2674318491700562
0.6863636363636364	-0.2674318491700562
0.6863636363636364	-0.2674318491700562
0.6863636363636364	-0.2674318491700562
0.6863636363636364	-0.2674318491700562
0.6863636363636364	-0.2674318491700562
0.6863636363636364	-0.2674318491700562
0.6863636363636364	-0.2674318491700562
0.6863636363636364	-0.2674318491700562
0.6863636363636364	-0.2674318491700562
0.6909090909090909	-0.26801204078291824
0.6863636363636364	-0.2674318491700562
0.6863636363636364	-0.2674318491700562
0.6863636363636364	-0.2674318491700562
0.6863636363636364	-0.2674318491700562
0.6863636363636364	-0.2674318491700562
0.6863636363636364	-0.2674318491700562
0.6863636363636364	-0.2674318491700562
0.6863636363636364	-0.2674318491700562
0.6863636363636364	-0.2674318491700562
0.6863636363636364	-0.2674318491700562
0.6863636363636364	-0.2674318491700562
0.6863636363636364	-0.2674318491700562
0.6863636363636364	-0.2674318491700562
0.6863636363636364	-0.2674318491700562
0.6863636363636364	-0.2674318491700562
0.6863636363636364	-0.2674318491700562
0.6863636363636364	-0.2674318491700562
0.6863636363636364	-0.2674318491700562
0.6863636363636364	-0.2674318491700562
0.6863636363636364	-0.2674318491700562
0.6863636363636364	-0.2674318491700562
0.6863636363636364	-0.2674318491700562
0.6863636363636364	-0.2674318491700562
0.6863636363636364	-0.2674318491700562
0.6863636363636364	-0.2674318491700562
0.6863636363636364	-0.2674318491700562
0.6863636363636364	-0.2674318491700562
0.6863636363636364	-0.2674318491700562
0.6863636363636364	-0.2674318491700562
0.6863636363636364	-0.2674318491700562
0.6863636363636364	-0.2674318491700562
0.6863636363636364	-0.2674318491700562
0.6863636363636364	-0.2674318491700562
0.6863636363636364	-0.2674318491700562
0.6863636363636364	-0.2674318491700562
0.6863636363636364	-0.2674318491700562
0.6863636363636364	-0.2674318491700562
0.6863636363636364	-0.2674318491700562
0.6863636363636364	-0.2674318491700562
0.6863636363636364	-0.2674318491700562
0.6863636363636364	-0.2674318491700562
0.6863636363636364	-0.2674318491700562
0.6863636363636364	-0.2674318491700562
0.6772727272727272	-0.2636307378428444
0.6863636363636364	-0.2674318491700562
0.6863636363636364	-0.2674318491700562
0.6863636363636364	-0.2674318491700562
0.6863636363636364	-0.2674318491700562
0.6863636363636364	-0.2674318491700562
0.6863636363636364	-0.2674318491700562
0.6863636363636364	-0.2674318491700562
0.6863636363636364	-0.2674318491700562
0.6863636363636364	-0.2674318491700562
0.6863636363636364	-0.2674318491700562
0.6863636363636364	-0.2674318491700562
0.6863636363636364	-0.2674318491700562
0.6863636363636364	-0.2674318491700562
0.6863636363636364	-0.2674318491700562
0.6863636363636364	-0.2674318491700562
0.6863636363636364	-0.2674318491700562
0.6863636363636364	-0.2674318491700562
0.6863636363636364	-0.2674318491700562
0.6863636363636364	-0.2674318491700562
0.6863636363636364	-0.2674318491700562
0.6863636363636364	-0.2674318491700562
0.6863636363636364	-0.2674318491700562
0.6863636363636364	-0.2674318491700562
0.6863636363636364	-0.2674318491700562
0.6863636363636364	-0.2674318491700562
0.6863636363636364	-0.2674318491700562
0.6863636363636364	-0.2674318491700562
0.6863636363636364	-0.2674318491700562
0.6863636363636364	-0.2674318491700562
0.6863636363636364	-0.2674318491700562
0.6863636363636364	-0.2674318491700562
0.6863636363636364	-0.2674318491700562
0.6863636363636364	-0.2674318491700562
0.6863636363636364	-0.2674318491700562
0.6863636363636364	-0.2674318491700562
0.6863636363636364	-0.2674318491700562
0.6954545454545454	-0.27583773709553966
0.6863636363636364	-0.2674318491700562
0.6863636363636364	-0.2674318491700562
0.6863636363636364	-0.2674318491700562
0.6863636363636364	-0.2674318491700562
0.6863636363636364	-0.2674318491700562
0.6863636363636364	-0.2674318491700562
0.6863636363636364	-0.2674318491700562
0.6863636363636364	-0.2674318491700562
0.6863636363636364	-0.2674318491700562
0.6863636363636364	-0.2674318491700562
0.6863636363636364	-0.2674318491700562
0.6863636363636364	-0.2674318491700562
0.6863636363636364	-0.2674318491700562
0.6863636363636364	-0.2674318491700562
0.6863636363636364	-0.2674318491700562
