1.346663058318116
1.9406762613378812
2.0028569321057166
2.0074243765630744
2.0127264531335745
2.0127355288589697
2.0127355288589697
2.0127355288589697
2.0127355288589697
2.0127355288589697
2.0127403620044735
2.0127403620044735
2.0127403620044735
2.0127403620044735
2.013522634490666
2.0159846090513582
2.0159846090513582
2.0159846090513582
2.0159846090513582
2.0159846090513582
2.0159846090513582
2.0159846090513582
2.0159846090513582
2.0159846090513582
2.0159846090513582
1.346663058318116
1.9406762613378812
2.0028569321057166
2.0074243765630744
2.0127264531335745
2.0127355288589697
2.0127355288589697
2.0127355288589697
2.0127355288589697
2.0127355288589697
2.0127403620044735
2.0127403620044735
2.0127403620044735
2.0127403620044735
2.013522634490666
2.0159846090513582
2.0159846090513582
2.0159846090513582
2.0159846090513582
2.0159846090513582
2.0159846090513582
2.0159846090513582
2.0159846090513582
2.0159846090513582
2.0159846090513582
1.346663058318116
1.9406762613378812
2.0028569321057166
2.0074243765630744
2.0127264531335745
2.0127355288589697
2.0127355288589697
2.0127355288589697
2.0127355288589697
2.0127355288589697
2.0127403620044735
2.0127403620044735
2.0127403620044735
2.0127403620044735
2.013522634490666
2.0159846090513582
2.0159846090513582
2.0159846090513582
2.0159846090513582
2.0159846090513582
2.0159846090513582
2.0159846090513582
2.0159846090513582
2.0159846090513582
2.0159846090513582
1.346663058318116
1.9406762613378812
2.0028569321057166
2.0074243765630744
2.0127264531335745
2.0127355288589697
2.0127355288589697
2.0127355288589697
2.0127355288589697
2.0127355288589697
2.0127403620044735
2.0127403620044735
2.0127403620044735
2.0127403620044735
2.013522634490666
2.0159846090513582
2.0159846090513582
2.0159846090513582
2.0159846090513582
2.0159846090513582
2.0159846090513582
2.0159846090513582
2.0159846090513582
2.0159846090513582
2.0159846090513582
1.346663058318116
1.9406762613378812
2.0028569321057166
2.0074243765630744
2.0127264531335745
2.0127355288589697
2.0127355288589697
2.0127355288589697
2.0127355288589697
2.0127355288589697
2.0127403620044735
2.0127403620044735
2.0127403620044735
2.0127403620044735
2.013522634490666
2.0159846090513582
2.0159846090513582
2.0159846090513582
2.0159846090513582
2.0159846090513582
2.0159846090513582
2.0159846090513582
2.0159846090513582
2.0159846090513582
2.0159846090513582
1.346663058318116
1.9406762613378812
2.0028569321057166
2.0074243765630744
2.0127264531335745
2.0127355288589697
2.0127355288589697
2.0127355288589697
2.0127355288589697
2.0127355288589697
2.0127403620044735
2.0127403620044735
2.0127403620044735
2.0127403620044735
2.013522634490666
2.0159846090513582
2.0159846090513582
2.0159846090513582
2.0159846090513582
2.0159846090513582
2.0159846090513582
2.0159846090513582
2.0159846090513582
2.0159846090513582
2.0159846090513582
1.346663058318116
1.9406762613378812
2.0028569321057166
2.0074243765630744
2.0127264531335745
2.0127355288589697
2.0127355288589697
2.0127355288589697
2.0127355288589697
2.0127355288589697
2.0127403620044735
2.0127403620044735
2.0127403620044735
2.0127403620044735
2.013522634490666
2.0159846090513582
2.0159846090513582
2.0159846090513582
2.0159846090513582
2.0159846090513582
2.0159846090513582
2.0159846090513582
2.0159846090513582
2.0159846090513582
2.0159846090513582
