1.7069734321432002
2.09981900764284
2.2036908363184984
2.2036908363184984
2.2036908363184984
2.2036908363184984
2.2036908363184984
2.2036908363184984
2.2036908363184984
2.2036908363184984
2.2036908363184984
2.2036908363184984
2.2036908363184984
2.2036908363184984
2.2036908363184984
2.2036908363184984
2.2036908363184984
2.2036908363184984
2.2036908363184984
2.2036908363184984
2.2036908363184984
2.2036908363184984
2.2036908363184984
2.2036908363184984
2.2036908363184984
1.7069734321432002
2.130960989147389
2.1778716837270813
2.179907624406924
2.179907624406924
2.2036908363184984
2.2036908363184984
2.2036908363184984
2.2036908363184984
2.2036908363184984
2.2036908363184984
2.2036908363184984
2.2036908363184984
2.2036908363184984
2.2036908363184984
2.2036908363184984
2.2036908363184984
2.2036908363184984
2.2036908363184984
2.2036908363184984
2.2036908363184984
2.2036908363184984
2.2036908363184984
2.2036908363184984
2.2036908363184984
