1.7069734321432002
2.09981900764284
2.2036908363184984
2.2036908363184984
2.2036908363184984
2.2036908363184984
2.2036908363184984
2.2036908363184984
2.2036908363184984
2.2036908363184984
2.2036908363184984
2.2036908363184984
2.2036908363184984
2.2036908363184984
2.2036908363184984
2.2036908363184984
2.2036908363184984
2.2036908363184984
2.2036908363184984
2.2036908363184984
2.2036908363184984
2.2036908363184984
2.2036908363184984
2.2036908363184984
2.2036908363184984
1.7069734321432002
2.130960989147389
2.1778716837270813
2.179907624406924
2.179907624406924
2.2036908363184984
2.2036908363184984
2.2036908363184984
2.2036908363184984
2.2036908363184984
2.2036908363184984
2.2036908363184984
2.2036908363184984
2.2036908363184984
2.2036908363184984
2.2036908363184984
2.2036908363184984
2.2036908363184984
2.2036908363184984
2.2036908363184984
2.2036908363184984
2.2036908363184984
2.2036908363184984
2.2036908363184984
2.2036908363184984
1.7069734321432002
1.9915006381087241
2.107634503460111
2.107634503460111
2.1283895660927485
2.1499803407726947
2.1499803407726947
2.158603691211364
2.158603691211364
2.1605067765911405
2.1605067765911405
2.1605304178428613
2.1621720989011655
2.196277967575959
2.20022975706664
2.20022975706664
2.20022975706664
2.20022975706664
2.20022975706664
2.20022975706664
2.20022975706664
2.20022975706664
2.20022975706664
2.20022975706664
2.20022975706664
1.7069734321432002
1.988072192318842
2.083358405745582
2.0979650903769063
2.0979887316286265
2.0979887316286265
2.0979887316286265
2.0979887316286265
2.0979887316286265
2.0979887316286265
2.0979887316286265
2.0979887316286265
2.0979887316286265
2.0979887316286265
2.0979887316286265
2.0979887316286265
2.0979887316286265
2.0979887316286265
2.0979887316286265
2.0979887316286265
2.1013788871253243
2.1013788871253243
2.1013788871253243
2.1013788871253243
2.1013788871253243
