1.7069734321432002
2.09981900764284
2.2036908363184984
2.2036908363184984
2.2036908363184984
2.2036908363184984
2.2036908363184984
2.2036908363184984
2.2036908363184984
2.2036908363184984
2.2036908363184984
2.2036908363184984
2.2036908363184984
2.2036908363184984
2.2036908363184984
2.2036908363184984
2.2036908363184984
2.2036908363184984
2.2036908363184984
2.2036908363184984
2.2036908363184984
2.2036908363184984
2.2036908363184984
2.2036908363184984
2.2036908363184984
1.7069734321432002
2.130960989147389
2.1778716837270813
2.179907624406924
2.179907624406924
2.2036908363184984
2.2036908363184984
2.2036908363184984
2.2036908363184984
2.2036908363184984
2.2036908363184984
2.2036908363184984
2.2036908363184984
2.2036908363184984
2.2036908363184984
2.2036908363184984
2.2036908363184984
2.2036908363184984
2.2036908363184984
2.2036908363184984
2.2036908363184984
2.2036908363184984
2.2036908363184984
2.2036908363184984
2.2036908363184984
1.7069734321432002
1.9915006381087241
2.107634503460111
2.107634503460111
2.1283895660927485
2.1499803407726947
2.1499803407726947
2.158603691211364
2.158603691211364
2.1605067765911405
2.1605067765911405
2.1605304178428613
2.1621720989011655
2.196277967575959
2.20022975706664
2.20022975706664
2.20022975706664
2.20022975706664
2.20022975706664
2.20022975706664
2.20022975706664
2.20022975706664
2.20022975706664
2.20022975706664
2.20022975706664
1.7069734321432002
1.988072192318842
2.083358405745582
2.0979650903769063
2.0979887316286265
2.0979887316286265
2.0979887316286265
2.0979887316286265
2.0979887316286265
2.0979887316286265
2.0979887316286265
2.0979887316286265
2.0979887316286265
2.0979887316286265
2.0979887316286265
2.0979887316286265
2.0979887316286265
2.0979887316286265
2.0979887316286265
2.0979887316286265
2.1013788871253243
2.1013788871253243
2.1013788871253243
2.1013788871253243
2.1013788871253243
1.7069734321432002
2.0632802280446794
2.1071839691248755
2.1072586641008417
2.146530139341495
2.146530139341495
2.146530139341495
2.146530139341495
2.146530139341495
2.146530139341495
2.146530139341495
2.146530139341495
2.146530139341495
2.146530139341495
2.146530139341495
2.146530139341495
2.146530139341495
2.146530139341495
2.146530139341495
2.146530139341495
2.146530139341495
2.146530139341495
2.146530139341495
2.146530139341495
2.146530139341495
1.7069734321432002
2.010738172726597
2.0454176590697175
2.057659500022824
2.1596583011127715
2.1596583011127715
2.1745543375959477
2.1745543375959477
2.1745543375959477
2.1745543375959477
2.1779681343443653
2.1779681343443653
2.1779681343443653
2.1779681343443653
2.1779681343443653
2.1779681343443653
2.1779681343443653
2.1779681343443653
2.1779681343443653
2.1779681343443653
2.1779681343443653
2.1779681343443653
2.1779681343443653
2.1779681343443653
2.1779681343443653
1.7069734321432002
2.078174378917453
2.179907624406924
2.179907624406924
2.179907624406924
2.179907624406924
2.179907624406924
2.179907624406924
2.179907624406924
2.179907624406924
2.179907624406924
2.179907624406924
2.2036908363184984
2.2036908363184984
2.2036908363184984
2.2036908363184984
2.2036908363184984
2.2036908363184984
2.2036908363184984
2.2036908363184984
2.2036908363184984
2.2036908363184984
2.2036908363184984
2.2036908363184984
2.2036908363184984
1.7069734321432002
2.047182232318221
2.071441350427499
2.1062754477120036
2.1118197501471454
2.1264628394612517
2.145730831976969
2.145730831976969
2.1658837046538375
2.1658837046538375
2.1658837046538375
2.1658837046538375
2.1658837046538375
2.1658837046538375
2.1658837046538375
2.1658837046538375
2.1658837046538375
2.20022975706664
2.20022975706664
2.20022975706664
2.20022975706664
2.20022975706664
2.20022975706664
2.2036908363184984
2.2036908363184984
1.7069734321432002
2.09981900764284
2.1144384557052263
2.117875893705364
2.1378358651476645
2.1378358651476645
2.1378358651476645
2.141273303147803
2.146530139341495
2.146530139341495
2.146530139341495
2.146530139341495
2.146530139341495
2.146530139341495
2.146530139341495
2.146530139341495
2.146530139341495
2.146530139341495
2.146530139341495
2.146566544024277
2.146566544024277
2.146566544024277
2.146566544024277
2.146566544024277
2.146566544024277
