1.3447858907713541
1.5921864241920103
1.7460071511138486
1.786563085147023
1.7885484676178285
1.791732656665306
1.791732656665306
1.796915187904102
1.796915187904102
1.7971779512166597
1.7971779512166597
1.7972203201874208
1.808265096961549
1.808265096961549
1.808265096961549
1.808265096961549
1.8128018273029212
1.8128018273029212
1.8128018273029212
1.8128018273029212
1.8128725862675323
1.8334449582922525
1.844072977922283
1.8563960082976756
1.8563960082976756
1.3447858907713541
1.5921864241920103
1.7460071511138486
1.786563085147023
1.7885484676178285
1.791732656665306
1.791732656665306
1.796915187904102
1.796915187904102
1.7971779512166597
1.7971779512166597
1.7972203201874208
1.808265096961549
1.808265096961549
1.808265096961549
1.808265096961549
1.8128018273029212
1.8128018273029212
1.8128018273029212
1.8128018273029212
1.8128725862675323
1.8334449582922525
1.844072977922283
1.8563960082976756
1.8563960082976756
1.3447858907713541
1.5921864241920103
1.7460071511138486
1.786563085147023
1.7885484676178285
1.791732656665306
1.791732656665306
1.796915187904102
1.796915187904102
1.7971779512166597
1.7971779512166597
1.7972203201874208
1.808265096961549
1.808265096961549
1.808265096961549
1.808265096961549
1.8128018273029212
1.8128018273029212
1.8128018273029212
1.8128018273029212
1.8128725862675323
1.8334449582922525
1.844072977922283
1.8563960082976756
1.8563960082976756
1.3447858907713541
1.5921864241920103
1.7460071511138486
1.786563085147023
1.7885484676178285
1.791732656665306
1.791732656665306
1.796915187904102
1.796915187904102
1.7971779512166597
1.7971779512166597
1.7972203201874208
1.808265096961549
1.808265096961549
1.808265096961549
1.808265096961549
1.8128018273029212
1.8128018273029212
1.8128018273029212
1.8128018273029212
1.8128725862675323
1.8334449582922525
1.844072977922283
1.8563960082976756
1.8563960082976756
1.3447858907713541
1.5921864241920103
1.7460071511138486
1.786563085147023
1.7885484676178285
1.791732656665306
1.791732656665306
1.796915187904102
1.796915187904102
1.7971779512166597
1.7971779512166597
1.7972203201874208
1.808265096961549
1.808265096961549
1.808265096961549
1.808265096961549
1.8128018273029212
1.8128018273029212
1.8128018273029212
1.8128018273029212
1.8128725862675323
1.8334449582922525
1.844072977922283
1.8563960082976756
1.8563960082976756
1.3447858907713541
1.5921864241920103
1.7460071511138486
1.786563085147023
1.7885484676178285
1.791732656665306
1.791732656665306
1.796915187904102
1.796915187904102
1.7971779512166597
1.7971779512166597
1.7972203201874208
1.808265096961549
1.808265096961549
1.808265096961549
1.808265096961549
1.8128018273029212
1.8128018273029212
1.8128018273029212
1.8128018273029212
1.8128725862675323
1.8334449582922525
1.844072977922283
1.8563960082976756
1.8563960082976756
1.3447858907713541
1.5921864241920103
1.7460071511138486
1.786563085147023
1.7885484676178285
1.791732656665306
1.791732656665306
1.796915187904102
1.796915187904102
1.7971779512166597
1.7971779512166597
1.7972203201874208
1.808265096961549
1.808265096961549
1.808265096961549
1.808265096961549
1.8128018273029212
1.8128018273029212
1.8128018273029212
1.8128018273029212
1.8128725862675323
1.8334449582922525
1.844072977922283
1.8563960082976756
1.8563960082976756
1.3447858907713541
1.5921864241920103
1.7460071511138486
1.786563085147023
1.7885484676178285
1.791732656665306
1.791732656665306
1.796915187904102
1.796915187904102
1.7971779512166597
1.7971779512166597
1.7972203201874208
1.808265096961549
1.808265096961549
1.808265096961549
1.808265096961549
1.8128018273029212
1.8128018273029212
1.8128018273029212
1.8128018273029212
1.8128725862675323
1.8334449582922525
1.844072977922283
1.8563960082976756
1.8563960082976756
1.3447858907713541
1.5921864241920103
1.7460071511138486
1.786563085147023
1.7885484676178285
1.791732656665306
1.791732656665306
1.796915187904102
1.796915187904102
1.7971779512166597
1.7971779512166597
1.7972203201874208
1.808265096961549
1.808265096961549
1.808265096961549
1.808265096961549
1.8128018273029212
1.8128018273029212
1.8128018273029212
1.8128018273029212
1.8128725862675323
1.8334449582922525
1.844072977922283
1.8563960082976756
1.8563960082976756
1.3447858907713541
1.5921864241920103
1.7460071511138486
1.786563085147023
1.7885484676178285
1.791732656665306
1.791732656665306
1.796915187904102
1.796915187904102
1.7971779512166597
1.7971779512166597
1.7972203201874208
1.808265096961549
1.808265096961549
1.808265096961549
1.808265096961549
1.8128018273029212
1.8128018273029212
1.8128018273029212
1.8128018273029212
1.8128725862675323
1.8334449582922525
1.844072977922283
1.8563960082976756
1.8563960082976756
1.3447858907713541
1.5921864241920103
1.7460071511138486
1.786563085147023
1.7885484676178285
1.791732656665306
1.791732656665306
1.796915187904102
1.796915187904102
1.7971779512166597
1.7971779512166597
1.7972203201874208
1.808265096961549
1.808265096961549
1.808265096961549
1.808265096961549
1.8128018273029212
1.8128018273029212
1.8128018273029212
1.8128018273029212
1.8128725862675323
1.8334449582922525
1.844072977922283
1.8563960082976756
1.8563960082976756
1.3447858907713541
1.5921864241920103
1.7460071511138486
1.786563085147023
1.7885484676178285
1.791732656665306
1.791732656665306
1.796915187904102
1.796915187904102
1.7971779512166597
1.7971779512166597
1.7972203201874208
1.808265096961549
1.808265096961549
1.808265096961549
1.808265096961549
1.8128018273029212
1.8128018273029212
1.8128018273029212
1.8128018273029212
1.8128725862675323
1.8334449582922525
1.844072977922283
1.8563960082976756
1.8563960082976756
1.3447858907713541
1.5921864241920103
1.7460071511138486
1.786563085147023
1.7885484676178285
1.791732656665306
1.791732656665306
1.796915187904102
1.796915187904102
1.7971779512166597
1.7971779512166597
1.7972203201874208
1.808265096961549
1.808265096961549
1.808265096961549
1.808265096961549
1.8128018273029212
1.8128018273029212
1.8128018273029212
1.8128018273029212
1.8128725862675323
1.8334449582922525
1.844072977922283
1.8563960082976756
1.8563960082976756
1.3447858907713541
1.5921864241920103
1.7460071511138486
1.786563085147023
1.7885484676178285
1.791732656665306
1.791732656665306
1.796915187904102
1.796915187904102
1.7971779512166597
1.7971779512166597
1.7972203201874208
1.808265096961549
1.808265096961549
1.808265096961549
1.808265096961549
1.8128018273029212
1.8128018273029212
1.8128018273029212
1.8128018273029212
1.8128725862675323
1.8334449582922525
1.844072977922283
1.8563960082976756
1.8563960082976756
1.3447858907713541
1.5921864241920103
1.7460071511138486
1.786563085147023
1.7885484676178285
1.791732656665306
1.791732656665306
1.796915187904102
1.796915187904102
1.7971779512166597
1.7971779512166597
1.7972203201874208
1.808265096961549
1.808265096961549
1.808265096961549
1.808265096961549
1.8128018273029212
1.8128018273029212
1.8128018273029212
1.8128018273029212
1.8128725862675323
1.8334449582922525
1.844072977922283
1.8563960082976756
1.8563960082976756
