16 0.850000 -0.133083
16 0.837500 -0.136974
16 0.825000 -0.153365
16 0.850000 -0.126833
16 0.837500 -0.130724
16 0.837500 -0.136974
16 0.825000 -0.148254
16 0.837500 -0.123335
16 0.825000 -0.142004
16 0.800000 -0.169675
16 0.825000 -0.127226
16 0.837500 -0.123335
16 0.825000 -0.142004
16 0.837500 -0.138113
16 0.800000 -0.170815
16 0.825000 -0.144444
16 0.837500 -0.145502
16 0.812500 -0.159534
16 0.837500 -0.115946
16 0.800000 -0.145583
18 0.833333 -0.128672
18 0.822222 -0.155016
18 0.822222 -0.134156
18 0.844444 -0.113090
18 0.811111 -0.143170
18 0.844444 -0.131782
18 0.833333 -0.124129
18 0.788889 -0.157668
18 0.822222 -0.151835
18 0.800000 -0.145267
18 0.822222 -0.138350
18 0.822222 -0.145267
18 0.800000 -0.158547
18 0.822222 -0.150823
18 0.833333 -0.121755
18 0.800000 -0.162946
18 0.822222 -0.139711
18 0.833333 -0.117561
18 0.811111 -0.148726
18 0.811111 -0.159488
20 0.790000 -0.161901
20 0.810000 -0.152813
20 0.800000 -0.160014
20 0.790000 -0.167813
20 0.780000 -0.187748
20 0.780000 -0.183062
20 0.790000 -0.154038
20 0.780000 -0.157151
20 0.800000 -0.141966
20 0.790000 -0.152216
20 0.810000 -0.160676
20 0.790000 -0.145079
20 0.800000 -0.148191
20 0.810000 -0.154764
20 0.780000 -0.172151
20 0.800000 -0.163789
20 0.810000 -0.146901
20 0.790000 -0.164950
20 0.820000 -0.146652
20 0.820000 -0.138603
22 0.800000 -0.139640
22 0.790909 -0.150240
22 0.781818 -0.170966
22 0.800000 -0.148899
22 0.781818 -0.175511
22 0.781818 -0.155672
22 0.800000 -0.161875
22 0.781818 -0.170137
22 0.790909 -0.154785
22 0.781818 -0.163817
22 0.800000 -0.157329
22 0.800000 -0.177168
22 0.790909 -0.167593
22 0.809091 -0.145240
22 0.790909 -0.173796
22 0.763636 -0.191919
22 0.763636 -0.175511
22 0.800000 -0.166420
22 0.790909 -0.161816
22 0.790909 -0.152843
