16 0.875000 -0.099495
16 0.859375 -0.100529
16 0.890625 -0.079006
16 0.875000 -0.091682
16 0.890625 -0.086819
16 0.843750 -0.122932
16 0.875000 -0.099495
16 0.890625 -0.079006
16 0.828125 -0.133694
16 0.890625 -0.086819
16 0.890625 -0.088734
16 0.890625 -0.079006
16 0.906250 -0.066330
16 0.890625 -0.079006
16 0.890625 -0.079006
16 0.890625 -0.086819
16 0.937500 -0.050705
16 0.937500 -0.050705
16 0.937500 -0.050705
16 0.890625 -0.086819
18 0.847222 -0.113596
18 0.847222 -0.106652
18 0.888889 -0.081495
18 0.888889 -0.090142
18 0.833333 -0.131809
18 0.888889 -0.088440
18 0.847222 -0.096303
18 0.847222 -0.104950
18 0.875000 -0.092763
18 0.861111 -0.110975
18 0.875000 -0.101410
18 0.847222 -0.122243
18 0.847222 -0.115299
18 0.930556 -0.056339
18 0.930556 -0.056339
18 0.902778 -0.070228
18 0.875000 -0.099708
18 0.861111 -0.112678
18 0.888889 -0.081495
18 0.875000 -0.101410
20 0.837500 -0.119455
20 0.850000 -0.112378
20 0.875000 -0.085846
20 0.850000 -0.112378
20 0.837500 -0.125705
20 0.862500 -0.111551
20 0.862500 -0.094455
20 0.862500 -0.110019
20 0.887500 -0.081955
20 0.900000 -0.079596
20 0.875000 -0.099878
20 0.900000 -0.079596
20 0.825000 -0.128064
20 0.850000 -0.112378
20 0.875000 -0.099878
20 0.837500 -0.122519
20 0.850000 -0.117096
20 0.862500 -0.103769
20 0.800000 -0.156128
20 0.900000 -0.079596
22 0.863636 -0.100769
22 0.829545 -0.122744
22 0.852273 -0.109988
22 0.863636 -0.102162
22 0.852273 -0.104306
22 0.840909 -0.119207
22 0.818182 -0.143327
22 0.852273 -0.118455
22 0.829545 -0.136893
22 0.818182 -0.119207
22 0.875000 -0.094335
22 0.818182 -0.130571
22 0.852273 -0.104306
22 0.863636 -0.100769
22 0.875000 -0.101410
22 0.863636 -0.095087
22 0.829545 -0.127033
22 0.795455 -0.141934
22 0.852273 -0.111381
22 0.840909 -0.117814
