16 0.718750 -0.270431
16 0.750000 -0.248712
16 0.756250 -0.224069
16 0.750000 -0.235090
16 0.781250 -0.219576
16 0.775000 -0.227542
16 0.737500 -0.240746
16 0.756250 -0.235805
16 0.743750 -0.249675
16 0.737500 -0.258265
16 0.731250 -0.261216
16 0.775000 -0.215460
16 0.768750 -0.225535
16 0.731250 -0.259575
16 0.737500 -0.251141
16 0.731250 -0.248309
16 0.731250 -0.273432
16 0.762500 -0.236720
16 0.731250 -0.264181
16 0.756250 -0.231705
18 0.750000 -0.239893
18 0.744444 -0.235231
18 0.727778 -0.252265
18 0.722222 -0.260934
18 0.722222 -0.259562
18 0.727778 -0.263246
18 0.722222 -0.259501
18 0.733333 -0.266589
18 0.733333 -0.253900
18 0.733333 -0.252882
18 0.722222 -0.251255
18 0.733333 -0.248630
18 0.733333 -0.244490
18 0.750000 -0.244607
18 0.733333 -0.235673
18 0.727778 -0.262905
18 0.727778 -0.246162
18 0.711111 -0.270808
18 0.750000 -0.231888
18 0.738889 -0.249361
20 0.715000 -0.265908
20 0.725000 -0.261069
20 0.750000 -0.238017
20 0.710000 -0.254747
20 0.700000 -0.270335
20 0.710000 -0.267988
20 0.710000 -0.261441
20 0.705000 -0.272502
20 0.720000 -0.269594
20 0.715000 -0.260429
20 0.730000 -0.249028
20 0.710000 -0.270160
20 0.730000 -0.253496
20 0.705000 -0.264465
20 0.745000 -0.236710
20 0.735000 -0.257372
20 0.710000 -0.274364
20 0.700000 -0.285337
20 0.725000 -0.272070
20 0.705000 -0.279135
22 0.700000 -0.278679
22 0.695455 -0.275548
22 0.690909 -0.291758
22 0.686364 -0.289507
22 0.700000 -0.265639
22 0.709091 -0.270467
22 0.686364 -0.280097
22 0.695455 -0.289114
22 0.709091 -0.289691
22 0.704545 -0.278120
22 0.704545 -0.282205
22 0.704545 -0.267277
22 0.704545 -0.262699
22 0.672727 -0.286796
22 0.722727 -0.260387
22 0.695455 -0.285679
22 0.704545 -0.273949
22 0.690909 -0.274036
22 0.718182 -0.259891
22 0.709091 -0.259154
