16 0.715909 -0.282277
16 0.738636 -0.250801
16 0.755682 -0.225847
16 0.744318 -0.224783
16 0.721591 -0.251987
16 0.744318 -0.243893
16 0.738636 -0.262136
16 0.750000 -0.235086
16 0.767045 -0.232549
16 0.721591 -0.268161
16 0.715909 -0.273757
16 0.721591 -0.260869
16 0.767045 -0.214678
16 0.727273 -0.243430
16 0.727273 -0.238229
16 0.761364 -0.230280
16 0.710227 -0.285357
16 0.744318 -0.244193
16 0.698864 -0.263882
16 0.738636 -0.246888
18 0.686869 -0.280705
18 0.722222 -0.237852
18 0.722222 -0.262643
18 0.712121 -0.250740
18 0.707071 -0.280216
18 0.712121 -0.269870
18 0.737374 -0.243977
18 0.691919 -0.287120
18 0.707071 -0.280457
18 0.717172 -0.269646
18 0.702020 -0.250869
18 0.737374 -0.233059
18 0.702020 -0.284140
18 0.702020 -0.274470
18 0.732323 -0.256269
18 0.727273 -0.250338
18 0.707071 -0.267514
18 0.696970 -0.300072
18 0.707071 -0.271523
18 0.696970 -0.263414
20 0.677273 -0.277457
20 0.677273 -0.288723
20 0.690909 -0.289127
20 0.677273 -0.301436
20 0.700000 -0.282841
20 0.677273 -0.288945
20 0.700000 -0.280807
20 0.690909 -0.273958
20 0.700000 -0.278361
20 0.690909 -0.281473
20 0.718182 -0.267383
20 0.736364 -0.250499
20 0.695455 -0.278086
20 0.709091 -0.267413
20 0.695455 -0.267052
20 0.700000 -0.278368
20 0.700000 -0.300796
20 0.690909 -0.285602
20 0.695455 -0.286852
20 0.681818 -0.301269
22 0.673554 -0.300218
22 0.685950 -0.293077
22 0.681818 -0.286171
22 0.681818 -0.281214
22 0.681818 -0.277415
22 0.706612 -0.268594
22 0.673554 -0.289264
22 0.690083 -0.293356
22 0.681818 -0.289487
22 0.681818 -0.271720
22 0.685950 -0.284988
22 0.690083 -0.280733
22 0.685950 -0.296085
22 0.690083 -0.269603
22 0.698347 -0.290979
22 0.677686 -0.295966
22 0.673554 -0.299668
22 0.694215 -0.281109
22 0.698347 -0.273456
22 0.669421 -0.293895
