16 0.784091 -0.213156
16 0.784091 -0.203742
16 0.789773 -0.213760
16 0.784091 -0.224512
16 0.784091 -0.213758
16 0.789773 -0.209987
16 0.784091 -0.235904
16 0.784091 -0.226420
16 0.795455 -0.202509
16 0.806818 -0.197072
16 0.789773 -0.202982
16 0.806818 -0.193136
16 0.795455 -0.200624
16 0.778409 -0.221143
16 0.778409 -0.219030
16 0.784091 -0.194126
16 0.772727 -0.215149
16 0.801136 -0.206437
16 0.778409 -0.208797
16 0.784091 -0.197739
18 0.762626 -0.240445
18 0.752525 -0.235806
18 0.772727 -0.227122
18 0.772727 -0.215023
18 0.757576 -0.244696
18 0.772727 -0.225374
18 0.757576 -0.241207
18 0.782828 -0.211802
18 0.767677 -0.227406
18 0.767677 -0.231215
18 0.767677 -0.218750
18 0.757576 -0.233381
18 0.757576 -0.237064
18 0.747475 -0.255097
18 0.787879 -0.209077
18 0.767677 -0.200882
18 0.777778 -0.214806
18 0.787879 -0.202154
18 0.787879 -0.208992
18 0.787879 -0.205849
20 0.759091 -0.240180
20 0.750000 -0.257745
20 0.768182 -0.240163
20 0.750000 -0.232908
20 0.740909 -0.246664
20 0.740909 -0.240887
20 0.745455 -0.238182
20 0.750000 -0.236958
20 0.759091 -0.223175
20 0.754545 -0.240122
20 0.768182 -0.235517
20 0.772727 -0.229920
20 0.763636 -0.221294
20 0.768182 -0.227913
20 0.754545 -0.235778
20 0.745455 -0.246059
20 0.754545 -0.231450
20 0.763636 -0.225550
20 0.750000 -0.244431
20 0.763636 -0.224087
22 0.735537 -0.253984
22 0.735537 -0.239494
22 0.731405 -0.257256
22 0.739669 -0.246326
22 0.752066 -0.229297
22 0.727273 -0.247436
22 0.739669 -0.257347
22 0.739669 -0.258970
22 0.756198 -0.226226
22 0.752066 -0.223846
22 0.747934 -0.248379
22 0.743802 -0.253345
22 0.752066 -0.236191
22 0.752066 -0.237724
22 0.735537 -0.252017
22 0.735537 -0.253682
22 0.743802 -0.246302
22 0.743802 -0.246122
22 0.747934 -0.227460
22 0.747934 -0.234354
