16 0.821429 -0.154741
16 0.776786 -0.213394
16 0.830357 -0.153777
16 0.830357 -0.162410
16 0.812500 -0.170136
16 0.812500 -0.184607
16 0.812500 -0.164209
16 0.830357 -0.156649
16 0.821429 -0.166003
16 0.821429 -0.149312
16 0.812500 -0.174642
16 0.830357 -0.150500
16 0.821429 -0.166543
16 0.812500 -0.170675
16 0.839286 -0.145942
16 0.821429 -0.166433
16 0.830357 -0.159926
16 0.794643 -0.182973
16 0.839286 -0.152408
16 0.848214 -0.138808
18 0.825397 -0.163418
18 0.793651 -0.181927
18 0.793651 -0.176143
18 0.825397 -0.163418
18 0.793651 -0.182484
18 0.785714 -0.195611
18 0.809524 -0.168505
18 0.809524 -0.178797
18 0.801587 -0.184102
18 0.801587 -0.170778
18 0.817460 -0.157952
18 0.809524 -0.169363
18 0.809524 -0.181388
18 0.809524 -0.170137
18 0.809524 -0.174829
18 0.809524 -0.183342
18 0.801587 -0.176378
18 0.817460 -0.176083
18 0.801587 -0.158150
18 0.785714 -0.203547
20 0.800000 -0.166314
20 0.792857 -0.184823
20 0.792857 -0.173395
20 0.785714 -0.190945
20 0.792857 -0.180969
20 0.807143 -0.175100
20 0.771429 -0.205313
20 0.778571 -0.192990
20 0.778571 -0.196781
20 0.792857 -0.195126
20 0.800000 -0.177357
20 0.792857 -0.186511
20 0.764286 -0.192081
20 0.778571 -0.188606
20 0.778571 -0.190036
20 0.792857 -0.192202
20 0.800000 -0.174921
20 0.792857 -0.193463
20 0.785714 -0.191505
20 0.764286 -0.215041
22 0.772727 -0.206164
22 0.792208 -0.181441
22 0.798701 -0.183772
22 0.779221 -0.204990
22 0.779221 -0.195816
22 0.753247 -0.199624
22 0.766234 -0.196570
22 0.779221 -0.196649
22 0.772727 -0.201269
22 0.785714 -0.184982
22 0.759740 -0.209636
22 0.766234 -0.214878
22 0.779221 -0.201823
22 0.772727 -0.209003
22 0.779221 -0.184794
22 0.785714 -0.193172
22 0.785714 -0.192309
22 0.779221 -0.182893
22 0.785714 -0.196220
22 0.792208 -0.188689
