1.3323786413260312
1.598305092557868
1.6981321099421047
1.7201039676408003
1.7237224020091721
1.7421212023105723
1.7769622073337885
1.7894643707281168
1.7964718670469888
1.8055500903721158
1.8068938865958108
1.8229523862013974
1.8277246997533303
1.8387724043603606
1.8736448158049699
1.8877248279615209
1.8893253419664335
1.8893253419664335
1.8893253419664335
1.8893253419664335
1.8893253419664335
1.8893253419664335
1.8893253419664335
1.8893253419664335
1.8893253419664335
1.3323786413260312
1.551925290575416
1.7100073120590342
1.747380021156333
1.751993973847432
1.7568214692978004
1.761514503135506
1.7709175874481817
1.783597068992902
1.7988316319248638
1.8044995759068152
1.8139555623634085
1.818680905522031
1.8187039898564907
1.8187061111889327
1.818758978721323
1.8236149645537836
1.8236214643153315
1.8246414478794166
1.8309260798809122
1.8411481002924486
1.8460322818968042
1.8460322818968042
1.8460322818968042
1.8460388724212573
1.3323786413260312
1.5236456016639177
1.675857272665006
1.7395528142143428
1.7605094464845692
1.777195636674211
1.779860965412949
1.7938775546680608
1.7938775546680608
1.7939409746516566
1.796893435657157
1.8027131940103416
1.8045927895208085
1.8045927895208085
1.8045927895208085
1.8045927895208085
1.8045927895208085
1.8045927895208085
1.8045927895208085
1.8045927895208085
1.8045927895208085
1.8045927895208085
1.8045927895208085
1.8045927895208085
1.8045927895208085
1.3323786413260312
1.599246135278905
1.7164586473080459
1.7927924536375186
1.8108342461911482
1.8157092860524233
1.8447436151921668
1.8496478276620596
1.8592934309257185
1.870606125506995
1.8706071825584263
1.8860291922721357
1.8933855460530444
1.9003719618177595
1.9063171357276272
1.9111789832043058
1.9122260247547904
1.9122260247547904
1.9122383622758645
1.9122424733133316
1.9163125265998229
1.9163125265998229
1.9163125265998229
1.9163125265998229
1.9163125265998229
1.3323786413260312
1.5279588030247644
1.6348079041583905
1.702192831330327
1.7396912433662786
1.7617265671267204
1.7749466082925924
1.8166056055683164
1.8261523731467848
1.8365515357819804
1.8387606609162763
1.8387606609162763
1.8435378196627457
1.8483189533394955
1.8483189533394955
1.8483291911576634
1.848381115084528
1.848383104789553
1.848383104789553
1.848383104789553
1.8551055688252693
1.8606809782634322
1.8669008875203807
1.8669008875203807
1.8669008875203807
1.3323786413260312
1.502537550159489
1.6125089391295453
1.7545728331538626
1.770995848493821
1.7710114864395288
1.7710114864395288
1.7758010029175069
1.7804551424805586
1.7876569748167341
1.7959349183535376
1.8029006353277084
1.8088399379378939
1.834791255546452
1.8500471700277898
1.8500492653220226
1.8500883454232036
1.8500883454232036
1.8522174948566652
1.8522174948566652
1.8522174948566652
1.8522174948566652
1.8522174948566652
1.8522174948566652
1.8522174948566652
1.3323786413260312
1.5742008632198137
1.7276937035539222
1.7700378382096535
1.7814913957462626
1.7979719971255357
1.7980023211501008
1.8027184681813813
1.8027184681813813
1.8027184681813813
1.8027184681813813
1.8027184681813813
1.8027184681813813
1.8027184681813813
1.8027184681813813
1.8027184681813813
1.8027184681813813
1.8027184681813813
1.8027184681813813
1.8027184681813813
1.8027184681813813
1.8027184681813813
1.8027184681813813
1.8027184681813813
1.8027184681813813
1.3323786413260312
1.5157033054177795
1.6304462472462082
1.670863821546608
1.696609207630794
1.7205558356048904
1.72517316958506
1.748663723525218
1.7511663342704775
1.7516350131226688
1.7568466748121019
1.7681010970137556
1.7681144826978186
1.7681176648632468
1.7681176648632468
1.772783226443546
1.7794370862921303
1.7794370862921303
1.7794370862921303
1.7794370862921303
1.7794370862921303
1.779523583380607
1.779523583380607
1.779523583380607
1.779523583380607
1.3323786413260312
1.6082984040530395
1.716860292741561
1.7669653484654049
1.7746917178524562
1.787201583692896
1.8075830612876995
1.8343343451554222
1.8343343451554222
1.8343343451554222
1.8343343451554222
1.8343343451554222
1.8520953356016987
1.8847138240071886
1.8847138240071886
1.8936627361386853
1.8936627361386853
1.8936627361386853
1.8936627361386853
1.8936627361386853
1.8936627361386853
1.8936627361386853
1.8936627361386853
1.8936627361386853
1.8936627361386853
1.3323786413260312
1.5433618788335592
1.6336978023075754
1.7033136897001826
1.717259316005113
1.717259316005113
1.728926178967875
1.7336885269041185
1.734826919939371
1.7399308214230471
1.7399308214230471
1.7399608236560913
1.7399608236560913
1.7399608236560913
1.7399608236560913
1.7399608236560913
1.7564917112398006
1.775153738251554
1.78452746097308
1.8084383792363985
1.8171366603211694
1.8275418978347748
1.8275418978347748
1.8275418978347748
1.8368181484578538
1.3323786413260312
1.5476297483336807
1.7159077498136055
1.7423667473105993
1.7694422362390878
1.8156803785300843
1.8334596697631276
1.8383675518897913
1.866270439479531
1.8766908365149342
1.8776620663752754
1.8854618110248922
1.8854618110248922
1.8854618110248922
1.8854618110248922
1.8854618110248922
1.8854618110248922
1.8854618110248922
1.8854618110248922
1.8854618110248922
1.8854618110248922
1.8854618110248922
1.8854618110248922
1.8854618110248922
1.8854618110248922
1.3323786413260312
1.531250999822103
1.6171950931459314
1.6791839863002707
1.712684804676478
1.7385985836033209
1.7454679084444535
1.7619779718277186
1.7619779718277186
1.7619810926236594
1.76957703703543
1.774211083162505
1.774211083162505
1.774211083162505
1.7742394209108103
1.7743425677449605
1.7743425677449605
1.7743425677449605
1.7900309382234731
1.7900309382234731
1.8136758802825028
1.8280936927979181
1.8328719545336047
1.8382491063760356
1.843039686137846
