1.3323786413260312
1.598305092557868
1.6981321099421047
1.7201039676408003
1.7237224020091721
1.7421212023105723
1.7769622073337885
1.7894643707281168
1.7964718670469888
1.8055500903721158
1.8068938865958108
1.8229523862013974
1.8277246997533303
1.8387724043603606
1.8736448158049699
1.8877248279615209
1.8893253419664335
1.8893253419664335
1.8893253419664335
1.8893253419664335
1.8893253419664335
1.8893253419664335
1.8893253419664335
1.8893253419664335
1.8893253419664335
1.3323786413260312
1.551925290575416
1.7100073120590342
1.747380021156333
1.751993973847432
1.7568214692978004
1.761514503135506
1.7709175874481817
1.783597068992902
1.7988316319248638
1.8044995759068152
1.8139555623634085
1.818680905522031
1.8187039898564907
1.8187061111889327
1.818758978721323
1.8236149645537836
1.8236214643153315
1.8246414478794166
1.8309260798809122
1.8411481002924486
1.8460322818968042
1.8460322818968042
1.8460322818968042
1.8460388724212573
1.3323786413260312
1.5236456016639177
1.675857272665006
1.7395528142143428
1.7605094464845692
1.777195636674211
1.779860965412949
1.7938775546680608
1.7938775546680608
1.7939409746516566
1.796893435657157
1.8027131940103416
1.8045927895208085
1.8045927895208085
1.8045927895208085
1.8045927895208085
1.8045927895208085
1.8045927895208085
1.8045927895208085
1.8045927895208085
1.8045927895208085
1.8045927895208085
1.8045927895208085
1.8045927895208085
1.8045927895208085
1.3323786413260312
1.599246135278905
1.7164586473080459
1.7927924536375186
1.8108342461911482
1.8157092860524233
1.8447436151921668
1.8496478276620596
1.8592934309257185
1.870606125506995
1.8706071825584263
1.8860291922721357
1.8933855460530444
1.9003719618177595
1.9063171357276272
1.9111789832043058
1.9122260247547904
1.9122260247547904
1.9122383622758645
1.9122424733133316
1.9163125265998229
1.9163125265998229
1.9163125265998229
1.9163125265998229
1.9163125265998229
1.3323786413260312
1.5279588030247644
1.6348079041583905
1.702192831330327
1.7396912433662786
1.7617265671267204
1.7749466082925924
1.8166056055683164
1.8261523731467848
1.8365515357819804
1.8387606609162763
1.8387606609162763
1.8435378196627457
1.8483189533394955
1.8483189533394955
1.8483291911576634
1.848381115084528
1.848383104789553
1.848383104789553
1.848383104789553
1.8551055688252693
1.8606809782634322
1.8669008875203807
1.8669008875203807
1.8669008875203807
1.3323786413260312
1.502537550159489
1.6125089391295453
1.7545728331538626
1.770995848493821
1.7710114864395288
1.7710114864395288
1.7758010029175069
1.7804551424805586
1.7876569748167341
1.7959349183535376
1.8029006353277084
1.8088399379378939
1.834791255546452
1.8500471700277898
1.8500492653220226
1.8500883454232036
1.8500883454232036
1.8522174948566652
1.8522174948566652
1.8522174948566652
1.8522174948566652
1.8522174948566652
1.8522174948566652
1.8522174948566652
1.3323786413260312
1.5742008632198137
1.7276937035539222
1.7700378382096535
1.7814913957462626
1.7979719971255357
1.7980023211501008
1.8027184681813813
1.8027184681813813
1.8027184681813813
1.8027184681813813
1.8027184681813813
1.8027184681813813
1.8027184681813813
1.8027184681813813
1.8027184681813813
1.8027184681813813
1.8027184681813813
1.8027184681813813
1.8027184681813813
1.8027184681813813
1.8027184681813813
1.8027184681813813
1.8027184681813813
1.8027184681813813
1.3323786413260312
1.5157033054177795
1.6304462472462082
1.670863821546608
1.696609207630794
1.7205558356048904
1.72517316958506
1.748663723525218
1.7511663342704775
1.7516350131226688
1.7568466748121019
1.7681010970137556
1.7681144826978186
1.7681176648632468
1.7681176648632468
1.772783226443546
1.7794370862921303
1.7794370862921303
1.7794370862921303
1.7794370862921303
1.7794370862921303
1.779523583380607
1.779523583380607
1.779523583380607
1.779523583380607
1.3323786413260312
1.6082984040530395
1.716860292741561
1.7669653484654049
1.7746917178524562
1.787201583692896
1.8075830612876995
1.8343343451554222
1.8343343451554222
1.8343343451554222
1.8343343451554222
1.8343343451554222
1.8520953356016987
1.8847138240071886
1.8847138240071886
1.8936627361386853
1.8936627361386853
1.8936627361386853
1.8936627361386853
1.8936627361386853
1.8936627361386853
1.8936627361386853
1.8936627361386853
1.8936627361386853
1.8936627361386853
1.3323786413260312
1.5433618788335592
1.6336978023075754
1.7033136897001826
1.717259316005113
1.717259316005113
1.728926178967875
1.7336885269041185
1.734826919939371
1.7399308214230471
1.7399308214230471
1.7399608236560913
1.7399608236560913
1.7399608236560913
1.7399608236560913
1.7399608236560913
1.7564917112398006
1.775153738251554
1.78452746097308
1.8084383792363985
1.8171366603211694
1.8275418978347748
1.8275418978347748
1.8275418978347748
1.8368181484578538
1.3323786413260312
1.5476297483336807
1.7159077498136055
1.7423667473105993
1.7694422362390878
1.8156803785300843
1.8334596697631276
1.8383675518897913
1.866270439479531
1.8766908365149342
1.8776620663752754
1.8854618110248922
1.8854618110248922
1.8854618110248922
1.8854618110248922
1.8854618110248922
1.8854618110248922
1.8854618110248922
1.8854618110248922
1.8854618110248922
1.8854618110248922
1.8854618110248922
1.8854618110248922
1.8854618110248922
1.8854618110248922
1.3323786413260312
1.531250999822103
1.6171950931459314
1.6791839863002707
1.712684804676478
1.7385985836033209
1.7454679084444535
1.7619779718277186
1.7619779718277186
1.7619810926236594
1.76957703703543
1.774211083162505
1.774211083162505
1.774211083162505
1.7742394209108103
1.7743425677449605
1.7743425677449605
1.7743425677449605
1.7900309382234731
1.7900309382234731
1.8136758802825028
1.8280936927979181
1.8328719545336047
1.8382491063760356
1.843039686137846
1.3323786413260312
1.5248983414744848
1.7265855672212924
1.770494868745241
1.784406265736756
1.784406265736756
1.784406265736756
1.7914877210394435
1.7914877210394435
1.7914877210394435
1.7914877210394435
1.7914877210394435
1.7935268062510348
1.794221417898111
1.794221417898111
1.7994548886517836
1.7994655778772364
1.8098684823515445
1.8102495008298507
1.8102549863015969
1.810265046554562
1.810265046554562
1.810265046554562
1.810265046554562
1.810265046554562
1.3323786413260312
1.5357204723378506
1.7139530514315036
1.7397536556324391
1.7502549709723958
1.7702549652832371
1.8024774038104523
1.8306400396525646
1.8521922830605653
1.8522535203422323
1.8635146546712202
1.8635146546712202
1.8635146546712202
1.8635146546712202
1.8635146546712202
1.8635146546712202
1.8635379176026274
1.8635394158076262
1.8635394158076262
1.8635589680123417
1.8635589680123417
1.8683828753671978
1.8728609508501257
1.8733979397582967
1.8751546557463752
1.3323786413260312
1.574091617817138
1.6653446066092017
1.726053748280058
1.7441301787553374
1.7514136828087457
1.7639637764044849
1.764000896620405
1.7640163422674227
1.7640163422674227
1.766688059597697
1.766688059597697
1.766688059597697
1.766688059597697
1.766688059597697
1.7667001979951287
1.7667001979951287
1.7760264759611901
1.7760319192767056
1.7760319192767056
1.7760319192767056
1.7760319192767056
1.7760319192767056
1.7760319192767056
1.7760319192767056
1.3323786413260312
1.607540052603951
1.707585855340791
1.7421215401132293
1.755487360024005
1.7764296174846923
1.779598721821666
1.7935734127495946
1.8240066979872176
1.838354477507844
1.838354477507844
1.8407829271452307
1.8411708331059788
1.8411708331059788
1.8411708331059788
1.8411708331059788
1.8411819117021688
1.8411819117021688
1.8411819117021688
1.8411819117021688
1.8411819117021688
1.8411819117021688
1.8411819117021688
1.8411819117021688
1.8411819117021688
1.3323786413260312
1.6201996855013407
1.754878668350527
1.7812228262714858
1.8073008154721497
1.8151408042487187
1.8234038623268056
1.8234176897915544
1.830894040292723
1.8404458759415974
1.846316709598493
1.8506884038492264
1.8506889018925117
1.8506911233026473
1.8506960857246442
1.8558700133224892
1.8558897352357098
1.8559208630481556
1.8559208630481556
1.8593938564776378
1.8658209679800517
1.8707072769752795
1.8707072769752795
1.8707072769752795
1.8707072769752795
1.3323786413260312
1.5174917183211827
1.7314601281864928
1.7938249056730544
1.8189040195097734
1.8497588240758023
1.8545728952885407
1.8852335472630752
1.8852335472630752
1.890074571555381
1.890074571555381
1.890074571555381
1.890074571555381
1.890074571555381
1.890074571555381
1.890074571555381
1.890074571555381
1.890074571555381
1.890074571555381
1.890074571555381
1.890074571555381
1.890074571555381
1.890074571555381
1.890074571555381
1.890074571555381
1.3323786413260312
1.5044113112119082
1.612668768219807
1.6733985541000513
1.6987654223014625
1.7034106450389321
1.715671793369703
1.7224138760672454
1.7248421924348236
1.747350013231066
1.7509326595857468
1.7509326595857468
1.7509326595857468
1.7509412974031573
1.7599977249961831
1.7599977249961831
1.7600354251515706
1.7650197750759944
1.7650403445921896
1.7650403445921896
1.7650403445921896
1.7650403445921896
1.7650403445921896
1.7650403445921896
1.7650693727017295
1.3323786413260312
1.5387339063844288
1.6974980767857355
1.7763152804737854
1.7936546509428497
1.793660600158348
1.7983700963274334
1.7983783022843454
1.7983783022843454
1.7983812832626411
1.7983812832626411
1.7983812832626411
1.7983812832626411
1.7983812832626411
1.7983812832626411
1.7983812832626411
1.7983812832626411
1.7983812832626411
1.7983812832626411
1.7983812832626411
1.7983812832626411
1.7983812832626411
1.7983812832626411
1.7996760002922154
1.7996760002922154
