1.3323786413260312
1.598305092557868
1.6981321099421047
1.7201039676408003
1.7237224020091721
1.7421212023105723
1.7769622073337885
1.7894643707281168
1.7964718670469888
1.8055500903721158
1.8068938865958108
1.8229523862013974
1.8277246997533303
1.8387724043603606
1.8736448158049699
1.8877248279615209
1.8893253419664335
1.8893253419664335
1.8893253419664335
1.8893253419664335
1.8893253419664335
1.8893253419664335
1.8893253419664335
1.8893253419664335
1.8893253419664335
1.3323786413260312
1.551925290575416
1.7100073120590342
1.747380021156333
1.751993973847432
1.7568214692978004
1.761514503135506
1.7709175874481817
1.783597068992902
1.7988316319248638
1.8044995759068152
1.8139555623634085
1.818680905522031
1.8187039898564907
1.8187061111889327
1.818758978721323
1.8236149645537836
1.8236214643153315
1.8246414478794166
1.8309260798809122
1.8411481002924486
1.8460322818968042
1.8460322818968042
1.8460322818968042
1.8460388724212573
1.3323786413260312
1.5236456016639177
1.675857272665006
1.7395528142143428
1.7605094464845692
1.777195636674211
1.779860965412949
1.7938775546680608
1.7938775546680608
1.7939409746516566
1.796893435657157
1.8027131940103416
1.8045927895208085
1.8045927895208085
1.8045927895208085
1.8045927895208085
1.8045927895208085
1.8045927895208085
1.8045927895208085
1.8045927895208085
1.8045927895208085
1.8045927895208085
1.8045927895208085
1.8045927895208085
1.8045927895208085
1.3323786413260312
1.599246135278905
1.7164586473080459
1.7927924536375186
1.8108342461911482
1.8157092860524233
1.8447436151921668
1.8496478276620596
1.8592934309257185
1.870606125506995
1.8706071825584263
1.8860291922721357
1.8933855460530444
1.9003719618177595
1.9063171357276272
1.9111789832043058
1.9122260247547904
1.9122260247547904
1.9122383622758645
1.9122424733133316
1.9163125265998229
1.9163125265998229
1.9163125265998229
1.9163125265998229
1.9163125265998229
