1.8349473330641015
2.2129953835155907
2.254666020685496
2.261114018099809
2.2967192811195907
2.2967192811195907
2.2967192811195907
2.2967192811195907
2.2967192811195907
2.2967192811195907
2.2967192811195907
2.2967192811195907
2.2967192811195907
2.2967192811195907
2.2967192811195907
2.2967192811195907
2.2967192811195907
2.2967192811195907
2.2967192811195907
2.2967192811195907
2.2967192811195907
2.2967192811195907
2.2967192811195907
2.2967192811195907
2.2967192811195907
1.8349473330641015
2.2129953835155907
2.254666020685496
2.254666020685496
2.254666020685496
2.254666020685496
2.254666020685496
2.254666020685496
2.254666020685496
2.254666020685496
2.254666020685496
2.254666020685496
2.254666020685496
2.254666020685496
2.254666020685496
2.254666020685496
2.254666020685496
2.254666020685496
2.254666020685496
2.254666020685496
2.254666020685496
2.254666020685496
2.254666020685496
2.254666020685496
2.254666020685496
