1.8349473330641015
2.2129953835155907
2.254666020685496
2.261114018099809
2.2967192811195907
2.2967192811195907
2.2967192811195907
2.2967192811195907
2.2967192811195907
2.2967192811195907
2.2967192811195907
2.2967192811195907
2.2967192811195907
2.2967192811195907
2.2967192811195907
2.2967192811195907
2.2967192811195907
2.2967192811195907
2.2967192811195907
2.2967192811195907
2.2967192811195907
2.2967192811195907
2.2967192811195907
2.2967192811195907
2.2967192811195907
1.8349473330641015
2.2129953835155907
2.254666020685496
2.254666020685496
2.254666020685496
2.254666020685496
2.254666020685496
2.254666020685496
2.254666020685496
2.254666020685496
2.254666020685496
2.254666020685496
2.254666020685496
2.254666020685496
2.254666020685496
2.254666020685496
2.254666020685496
2.254666020685496
2.254666020685496
2.254666020685496
2.254666020685496
2.254666020685496
2.254666020685496
2.254666020685496
2.254666020685496
1.8349473330641015
2.219390958186698
2.2967192811195907
2.33260232191715
2.33260232191715
2.33260232191715
2.33260232191715
2.33260232191715
2.33260232191715
2.33260232191715
2.33260232191715
2.33260232191715
2.33260232191715
2.33260232191715
2.33260232191715
2.33260232191715
2.33260232191715
2.33260232191715
2.33260232191715
2.33260232191715
2.33260232191715
2.33260232191715
2.33260232191715
2.33260232191715
2.33260232191715
1.8349473330641015
2.2129953835155907
2.2129953835155907
2.2129953835155907
2.2129953835155907
2.2129953835155907
2.2129953835155907
2.2129953835155907
2.2129953835155907
2.2129953835155907
2.2129953835155907
2.2129953835155907
2.2129953835155907
2.2129953835155907
2.2129953835155907
2.2129953835155907
2.2129953835155907
2.2129953835155907
2.2129953835155907
2.2129953835155907
2.2129953835155907
2.2129953835155907
2.2129953835155907
2.2129953835155907
2.2129953835155907
