1.3447858907713541
1.6080471583859404
1.7129098726047656
1.7290675299271503
1.742514094348787
1.745923076759738
1.745924192643163
1.7768368058522677
1.7768368058522677
1.7768368058522677
1.7768368058522677
1.7768368058522677
1.7768368058522677
1.7768368058522677
1.7768368058522677
1.7768368058522677
1.7768368058522677
1.7768368058522677
1.7768368058522677
1.7768368058522677
1.7768368058522677
1.7768368058522677
1.7768368058522677
1.7820900258214551
1.784025848140892
1.3447858907713541
1.5834393533281343
1.6882711187301138
1.7269325911766404
1.755728227643064
1.7775856559526426
1.7806658229382015
1.7911151853602598
1.79174946130128
1.7917782143893803
1.7917887916233073
1.8069068635795502
1.8374513812700837
1.8427507515365487
1.8427507515365487
1.8460217502695673
1.846035309512001
1.846035309512001
1.846035309512001
1.846035309512001
1.846035309512001
1.846035309512001
1.8460373161202066
1.8460373161202066
1.8460373161202066
1.3447858907713541
1.6204199533375905
1.693588687961816
1.7633496980845418
1.772453159508597
1.7783983976562578
1.7784192770418048
1.7835843886251133
1.7890284842883613
1.7890284842883613
1.7953021848388913
1.7953163986740746
1.8004986057688959
1.8005840931047659
1.8058054087577964
1.8058542952319234
1.8058542952319234
1.8058542952319234
1.8058542952319234
1.8058542952319234
1.8058542952319234
1.8058542952319234
1.8058542952319234
1.8058542952319234
1.8058542952319234
1.3447858907713541
1.6228708215898677
1.7075331818974477
1.7516646632244215
1.8047733756178026
1.8099949130346509
1.8099949130346509
1.8100738296217556
1.8266514666994105
1.828721020187779
1.828721020187779
1.828721020187779
1.828721020187779
1.828721020187779
1.828721020187779
1.828721020187779
1.828721020187779
1.828721020187779
1.828721020187779
1.828721020187779
1.828721020187779
1.828721020187779
1.828721020187779
1.828721020187779
1.828721020187779
1.3447858907713541
1.5889433229603502
1.7069826927431073
1.74567359001047
1.7786464782727502
1.7864914630227553
1.787781277773145
1.787781277773145
1.802391562193633
1.8076334623388843
1.8104791193280538
1.8104942510029138
1.89108677751868
1.8977542033427026
1.8994210415198995
1.8994317647528454
1.8994425679196374
1.8994425679196374
1.8994480685249076
1.8994480685249076
1.8994480685249076
1.8994480685249076
1.8994480685249076
1.8994480685249076
1.8994480685249076
1.3447858907713541
1.6255247485880366
1.7058152937057263
1.765012858945026
1.7650130036702858
1.7650130036702858
1.7676570132188998
1.7676570132188998
1.7676570132188998
1.7710182475772018
1.7710182475772018
1.7710182475772018
1.7710182475772018
1.7712488604069154
1.7712488604069154
1.7712488604069154
1.7716799969631492
1.7716799969631492
1.7717676897105095
1.7958536739162587
1.8124771732623652
1.8124771732623652
1.8176673776124481
1.8177145892009032
1.8177145892009032
1.3447858907713541
1.7756824673159124
1.8704541207561096
1.893615721887347
1.893615721887347
1.893615721887347
1.9022395607164986
1.9022395607164986
1.9022395607164986
1.9022395607164986
1.9022395607164986
1.9022395607164986
1.9022395607164986
1.9022395607164986
1.9022395607164986
1.9022395607164986
1.909141864328421
1.909141864328421
1.909141864328421
1.909141864328421
1.9109679465568692
1.9109679465568692
1.9109679465568692
1.9125741103861447
1.9125741103861447
1.3447858907713541
1.5843960970569115
1.6615693068095923
1.6953661523582195
1.719798931077759
1.739410327676712
1.749808276483304
1.7571956717374249
1.757310937877641
1.7782790151667198
1.7834891823364316
1.793027957285176
1.793027957285176
1.793027957285176
1.7939360154355977
1.7968977308359735
1.8039805716529587
1.8039805716529587
1.8039805716529587
1.8039805716529587
1.8039913681031852
1.8092356345413814
1.809256638753396
1.8093076451892711
1.8093076451892711
1.3447858907713541
1.6625935071836428
1.7429145596851998
1.8094178026060557
1.8353137989468404
1.8501890909237808
1.8502370362646114
1.8608635612749944
1.8608839608179208
1.8608839608179208
1.8608839608179208
1.8608839608179208
1.8608839608179208
1.8608839608179208
1.8608839608179208
1.8608839608179208
1.8608839608179208
1.8608876888259485
1.8608876888259485
1.8608876888259485
1.8608876888259485
1.8608876888259485
1.8608876888259485
1.8608876888259485
1.8608876888259485
1.3447858907713541
1.669781074858586
1.7719681731345462
1.792223642147407
1.792223642147407
1.792223642147407
1.792223642147407
1.792223642147407
1.792223642147407
1.792223642147407
1.792223642147407
1.792223642147407
1.792223642147407
1.792223642147407
1.792223642147407
1.7988815849985695
1.7988815849985695
1.7988815849985695
1.7988815849985695
1.7988815849985695
1.7988815849985695
1.7988815849985695
1.7988815849985695
1.7988815849985695
1.7988815849985695
1.3447858907713541
1.659883861133755
1.7189158506209212
1.740929383281666
1.743871417056841
1.7625684885317028
1.7749367381485792
1.7749367381485792
1.782678755278902
1.7878884548531386
1.7878884548531386
1.787890787726387
1.787890787726387
1.787890787726387
1.787890787726387
1.787890787726387
1.787890787726387
1.787890787726387
1.787890787726387
1.7945552737943853
1.7945552737943853
1.7945552737943853
1.7945552737943853
1.7945552737943853
1.7945552737943853
1.3447858907713541
1.6464477071102757
1.7136625932840168
1.777204291271453
1.7861770644734962
1.8342657209324575
1.8342657209324575
1.8342657209324575
1.8342657209324575
1.8342657209324575
1.8342657209324575
1.8342657209324575
1.8342657209324575
1.8342657209324575
1.8342657209324575
1.8342657209324575
1.8342657209324575
1.8342657209324575
1.8342657209324575
1.8342657209324575
1.8342657209324575
1.8342657209324575
1.8342657209324575
1.8342657209324575
1.8342657209324575
1.3447858907713541
1.618644033834948
1.7163784606346453
1.754982249998668
1.768743130833572
1.768743130833572
1.768743130833572
1.7890790523142552
1.8062644086189439
1.8062644086189439
1.8062644086189439
1.8062644086189439
1.8062644086189439
1.8062644086189439
1.8062644086189439
1.8062644086189439
1.8062644086189439
1.8062644086189439
1.8062644086189439
1.8062644086189439
1.8062644086189439
1.8062644086189439
1.8062644086189439
1.8062644086189439
1.8062644086189439
1.3447858907713541
1.6501284340622757
1.6946329413591084
1.7124668994322099
1.7175702055818984
1.7232054165581314
1.724267980320916
1.724293989653608
1.724293989653608
1.724293989653608
1.7338392368260358
1.737741907818433
1.737741907818433
1.737741907818433
1.737741907818433
1.7377498492076882
1.7377498492076882
1.7377498492076882
1.7377498492076882
1.7423798298391322
1.7423798298391322
1.7424005577828539
1.7474629671351185
1.756103000008159
1.7791087620102137
1.3447858907713541
1.5924857302955713
1.7023231606303424
1.791553957730846
1.810376497847101
1.8205245324325965
1.8269864902054391
1.8374773633694494
1.8374773633694494
1.8374773633694494
1.8374773633694494
1.8374773633694494
1.8374773633694494
1.8374773633694494
1.8374773633694494
1.8374773633694494
1.8374773633694494
1.8374773633694494
1.8374773633694494
1.8374773633694494
1.8374773633694494
1.8374773633694494
1.8374773633694494
1.8374773633694494
1.8374773633694494
