1.3447858907713541
1.6080471583859404
1.7129098726047656
1.7290675299271503
1.742514094348787
1.745923076759738
1.745924192643163
1.7768368058522677
1.7768368058522677
1.7768368058522677
1.7768368058522677
1.7768368058522677
1.7768368058522677
1.7768368058522677
1.7768368058522677
1.7768368058522677
1.7768368058522677
1.7768368058522677
1.7768368058522677
1.7768368058522677
1.7768368058522677
1.7768368058522677
1.7768368058522677
1.7820900258214551
1.784025848140892
1.3447858907713541
1.5834393533281343
1.6882711187301138
1.7269325911766404
1.755728227643064
1.7775856559526426
1.7806658229382015
1.7911151853602598
1.79174946130128
1.7917782143893803
1.7917887916233073
1.8069068635795502
1.8374513812700837
1.8427507515365487
1.8427507515365487
1.8460217502695673
1.846035309512001
1.846035309512001
1.846035309512001
1.846035309512001
1.846035309512001
1.846035309512001
1.8460373161202066
1.8460373161202066
1.8460373161202066
1.3447858907713541
1.6204199533375905
1.693588687961816
1.7633496980845418
1.772453159508597
1.7783983976562578
1.7784192770418048
1.7835843886251133
1.7890284842883613
1.7890284842883613
1.7953021848388913
1.7953163986740746
1.8004986057688959
1.8005840931047659
1.8058054087577964
1.8058542952319234
1.8058542952319234
1.8058542952319234
1.8058542952319234
1.8058542952319234
1.8058542952319234
1.8058542952319234
1.8058542952319234
1.8058542952319234
1.8058542952319234
