1.3447858907713541
1.6080471583859404
1.7129098726047656
1.7290675299271503
1.742514094348787
1.745923076759738
1.745924192643163
1.7768368058522677
1.7768368058522677
1.7768368058522677
1.7768368058522677
1.7768368058522677
1.7768368058522677
1.7768368058522677
1.7768368058522677
1.7768368058522677
1.7768368058522677
1.7768368058522677
1.7768368058522677
1.7768368058522677
1.7768368058522677
1.7768368058522677
1.7768368058522677
1.7820900258214551
1.784025848140892
1.3447858907713541
1.5834393533281343
1.6882711187301138
1.7269325911766404
1.755728227643064
1.7775856559526426
1.7806658229382015
1.7911151853602598
1.79174946130128
1.7917782143893803
1.7917887916233073
1.8069068635795502
1.8374513812700837
1.8427507515365487
1.8427507515365487
1.8460217502695673
1.846035309512001
1.846035309512001
1.846035309512001
1.846035309512001
1.846035309512001
1.846035309512001
1.8460373161202066
1.8460373161202066
1.8460373161202066
1.3447858907713541
1.6204199533375905
1.693588687961816
1.7633496980845418
1.772453159508597
1.7783983976562578
1.7784192770418048
1.7835843886251133
1.7890284842883613
1.7890284842883613
1.7953021848388913
1.7953163986740746
1.8004986057688959
1.8005840931047659
1.8058054087577964
1.8058542952319234
1.8058542952319234
1.8058542952319234
1.8058542952319234
1.8058542952319234
1.8058542952319234
1.8058542952319234
1.8058542952319234
1.8058542952319234
1.8058542952319234
1.3447858907713541
1.6228708215898677
1.7075331818974477
1.7516646632244215
1.8047733756178026
1.8099949130346509
1.8099949130346509
1.8100738296217556
1.8266514666994105
1.828721020187779
1.828721020187779
1.828721020187779
1.828721020187779
1.828721020187779
1.828721020187779
1.828721020187779
1.828721020187779
1.828721020187779
1.828721020187779
1.828721020187779
1.828721020187779
1.828721020187779
1.828721020187779
1.828721020187779
1.828721020187779
1.3447858907713541
1.5889433229603502
1.7069826927431073
1.74567359001047
1.7786464782727502
1.7864914630227553
1.787781277773145
1.787781277773145
1.802391562193633
1.8076334623388843
1.8104791193280538
1.8104942510029138
1.89108677751868
1.8977542033427026
1.8994210415198995
1.8994317647528454
1.8994425679196374
1.8994425679196374
1.8994480685249076
1.8994480685249076
1.8994480685249076
1.8994480685249076
1.8994480685249076
1.8994480685249076
1.8994480685249076
1.3447858907713541
1.6255247485880366
1.7058152937057263
1.765012858945026
1.7650130036702858
1.7650130036702858
1.7676570132188998
1.7676570132188998
1.7676570132188998
1.7710182475772018
1.7710182475772018
1.7710182475772018
1.7710182475772018
1.7712488604069154
1.7712488604069154
1.7712488604069154
1.7716799969631492
1.7716799969631492
1.7717676897105095
1.7958536739162587
1.8124771732623652
1.8124771732623652
1.8176673776124481
1.8177145892009032
1.8177145892009032
1.3447858907713541
1.7756824673159124
1.8704541207561096
1.893615721887347
1.893615721887347
1.893615721887347
1.9022395607164986
1.9022395607164986
1.9022395607164986
1.9022395607164986
1.9022395607164986
1.9022395607164986
1.9022395607164986
1.9022395607164986
1.9022395607164986
1.9022395607164986
1.909141864328421
1.909141864328421
1.909141864328421
1.909141864328421
1.9109679465568692
1.9109679465568692
1.9109679465568692
1.9125741103861447
1.9125741103861447
