1.346663058318116
1.888380410277504
1.9420669488147397
1.9640758925176185
1.9700665470310805
1.9759431608618012
1.9760923483918973
1.9846992400354617
1.9963505839553826
1.9964002412703865
1.9969986749551878
1.9969986749551878
1.9969986749551878
1.9970041503133762
2.0015517960689695
2.0015517960689695
2.0015530039986458
2.0015530039986458
2.0015634714268753
2.0015639431112753
2.00280194559252
2.0028458915234513
2.0028461546760075
2.0028536463540596
2.0028536463540596
1.346663058318116
1.8937237897955266
1.9302677590885247
1.9302677590885247
1.9302677590885247
1.9302677590885247
1.9614804041523064
1.9614830405342287
1.9614830405342287
1.9614830405342287
1.9614830405342287
1.9614830405342287
1.9614830405342287
1.9614830405342287
1.9614830405342287
1.9614830405342287
1.9614830405342287
1.9614830405342287
1.9614830405342287
1.9614830405342287
1.9614830405342287
1.9614830405342287
1.9614830405342287
1.9614830405342287
1.9614830405342287
1.346663058318116
1.896118527480839
1.9544417319840124
1.9656582128321662
2.0036423724812127
2.0128152320249235
2.0128166211581444
2.0128166211581444
2.0128178768639433
2.012818137446886
2.012818137446886
2.012818137446886
2.012818137446886
2.0128189051097283
2.012823251064957
2.0133393282054293
2.0133393282054293
2.0133393282054293
2.0133393282054293
2.0133393282054293
2.0133393282054293
2.0133393282054293
2.0133393282054293
2.0133393282054293
2.0133393282054293
1.346663058318116
1.8555335875454775
1.929469285978679
1.985164185369465
1.9962733376231987
2.0083574647644498
2.0083574647644498
2.0139147930360193
2.0149588690952522
2.015436041818642
2.015436041818642
2.015436041818642
2.015436041818642
2.015436041818642
2.015436041818642
2.015436041818642
2.015436041818642
2.015436041818642
2.015436041818642
2.015436041818642
2.015436041818642
2.0179163704183183
2.0179163704183183
2.0179163704183183
2.0179163704183183
1.346663058318116
1.8690860399939542
1.949720647401968
1.9742231415335925
1.9867747950358279
1.9867747950358279
1.9969597106164154
2.0045461868351513
2.0045461868351513
2.0054470843781647
2.0111022450947775
2.011177463589613
2.0149588690952522
2.015436041818642
2.015436041818642
2.015436041818642
2.015436041818642
2.015436041818642
2.015436041818642
2.015436041818642
2.015436041818642
2.015436041818642
2.015436041818642
2.015436041818642
2.015436041818642
1.346663058318116
1.8917511623096188
1.9767038302715323
1.98611735671887
1.9885624780199422
2.002260236768292
2.002260236768292
2.002260236768292
2.002260236768292
2.0022616760644585
2.0022616760644585
2.0022616760644585
2.0025685436339256
2.0061420871147053
2.0061420871147053
2.0106856745292694
2.010693927598262
2.010697444700992
2.010697444700992
2.010697444700992
2.010697444700992
2.010697444700992
2.010697444700992
2.010697444700992
2.010697444700992
1.346663058318116
1.8341435224251703
1.9096635954121108
1.9349570973322645
1.9491803847323272
1.9630883473546945
1.9630888481626918
1.9630888481626918
1.9630888481626918
1.9630888481626918
1.9630888481626918
1.9630888481626918
1.9630888481626918
1.9675223958614882
1.9675223958614882
1.9675223958614882
1.9675223958614882
1.9675223958614882
1.9675223958614882
1.9675223958614882
1.9675223958614882
1.9675223958614882
1.9675223958614882
1.9675223958614882
1.9675223958614882
1.346663058318116
1.8785235060025653
1.9693747972494244
1.9872971100008938
1.9918387533333597
1.9918387533333597
1.9918387533333597
1.9918387533333597
1.9918389473948
1.9918452733832646
1.9918452733832646
1.992745930890332
1.9927504144721533
1.9927782899813133
1.9927782899813133
1.9927782899813133
1.9927782899813133
1.9927782899813133
1.9927782899813133
1.9927782899813133
1.9927782899813133
1.9927782899813133
1.9927935007216253
1.9927935007216253
1.9927935007216253
1.346663058318116
1.8832965526626282
1.993450669233822
1.9994271421277863
1.9994271421277863
1.9994271421277863
1.9994271421277863
1.9994271421277863
2.000782641034861
2.0008091671312904
2.0008266690235756
2.005356845028749
2.005362140498858
2.0053622747789626
2.0053622747789626
2.0053622747789626
2.0053624090590665
2.0053624090590665
2.0053624090590665
2.0053624090590665
2.0053624090590665
2.0053624090590665
2.0053624090590665
2.0053624090590665
2.0053624090590665
1.346663058318116
1.920313013732343
1.9896911150408751
2.006406659159261
2.006406659159261
2.006406659159261
2.006406659159261
2.006406659159261
2.006406659159261
2.006406659159261
2.006406659159261
2.006406659159261
2.006406659159261
2.006406659159261
2.006406659159261
2.006406659159261
2.006406659159261
2.006406659159261
2.006406659159261
2.006406659159261
2.006406659159261
2.006406659159261
2.006406659159261
2.006406659159261
2.006406659159261
1.346663058318116
1.8741095197909676
1.9811677260147293
2.004641870233466
2.0051956324351705
2.012822222819172
2.012824377045622
2.012824377045622
2.012824377045622
2.012824377045622
2.012824377045622
2.012824377045622
2.012824377045622
2.012824377045622
2.012824377045622
2.012824377045622
2.0133393282054293
2.0133393282054293
2.0133393282054293
2.0133393282054293
2.0133393282054293
2.0133393282054293
2.0133393282054293
2.0133393282054293
2.0133393282054293
1.346663058318116
1.910676032661209
2.004736061009767
2.010279527740993
2.0127355288589697
2.0127355288589697
2.0127403620044735
2.0127403620044735
2.0127403620044735
2.0127403620044735
2.0127403620044735
2.0127403620044735
2.0127403620044735
2.0127403620044735
2.0127403620044735
2.0127403620044735
2.0127403620044735
2.01685878893785
2.0168605749480926
2.0168605749480926
2.0181835633658127
2.018184652801254
2.018184652801254
2.018197109145242
2.018197109145242
1.346663058318116
1.8065729924136165
1.9520220139337432
1.9908174979954416
2.0017937443332148
2.0070703363964224
2.012822483402115
2.0133393282054293
2.0133393282054293
2.0133393282054293
2.0133393282054293
2.0133393282054293
2.0133393282054293
2.0133393282054293
2.0133393282054293
2.0133393282054293
2.0133393282054293
2.0133393282054293
2.0133393282054293
2.0133393282054293
2.0133393282054293
2.0133393282054293
2.0133393282054293
2.0133393282054293
2.0135875950116695
1.346663058318116
1.852074446613878
1.94194756999286
1.9633751491207259
1.9719757036101098
1.9719757036101098
1.9719779290174562
1.9719779290174562
1.9775637765469143
1.9867540485213073
1.997838927748393
2.0003468378192615
2.0018703536675018
2.0018703536675018
2.0018703536675018
2.0018703536675018
2.0018703536675018
2.0018728101613448
2.0018728101613448
2.0018728101613448
2.0018728101613448
2.0018728101613448
2.006385261089195
2.006396659881011
2.006396659881011
1.346663058318116
1.9196848894103147
1.9797992368776234
1.9939628421304645
2.008335250389042
2.008335250389042
2.017424112886766
2.018146911743209
2.018146911743209
2.018151744888713
2.018151744888713
2.0187339773394775
2.0187339773394775
2.0187339773394775
2.0187339773394775
2.0187339773394775
2.0187339773394775
2.0187339773394775
2.0187407151551993
2.0187407151551993
2.0187407151551993
2.0187407151551993
2.0187407151551993
2.0187407151551993
2.0187407151551993
