1.346663058318116
1.888380410277504
1.9420669488147397
1.9640758925176185
1.9700665470310805
1.9759431608618012
1.9760923483918973
1.9846992400354617
1.9963505839553826
1.9964002412703865
1.9969986749551878
1.9969986749551878
1.9969986749551878
1.9970041503133762
2.0015517960689695
2.0015517960689695
2.0015530039986458
2.0015530039986458
2.0015634714268753
2.0015639431112753
2.00280194559252
2.0028458915234513
2.0028461546760075
2.0028536463540596
2.0028536463540596
1.346663058318116
1.8937237897955266
1.9302677590885247
1.9302677590885247
1.9302677590885247
1.9302677590885247
1.9614804041523064
1.9614830405342287
1.9614830405342287
1.9614830405342287
1.9614830405342287
1.9614830405342287
1.9614830405342287
1.9614830405342287
1.9614830405342287
1.9614830405342287
1.9614830405342287
1.9614830405342287
1.9614830405342287
1.9614830405342287
1.9614830405342287
1.9614830405342287
1.9614830405342287
1.9614830405342287
1.9614830405342287
