1.346663058318116
1.888380410277504
1.9420669488147397
1.9640758925176185
1.9700665470310805
1.9759431608618012
1.9760923483918973
1.9846992400354617
1.9963505839553826
1.9964002412703865
1.9969986749551878
1.9969986749551878
1.9969986749551878
1.9970041503133762
2.0015517960689695
2.0015517960689695
2.0015530039986458
2.0015530039986458
2.0015634714268753
2.0015639431112753
2.00280194559252
2.0028458915234513
2.0028461546760075
2.0028536463540596
2.0028536463540596
1.346663058318116
1.8937237897955266
1.9302677590885247
1.9302677590885247
1.9302677590885247
1.9302677590885247
1.9614804041523064
1.9614830405342287
1.9614830405342287
1.9614830405342287
1.9614830405342287
1.9614830405342287
1.9614830405342287
1.9614830405342287
1.9614830405342287
1.9614830405342287
1.9614830405342287
1.9614830405342287
1.9614830405342287
1.9614830405342287
1.9614830405342287
1.9614830405342287
1.9614830405342287
1.9614830405342287
1.9614830405342287
1.346663058318116
1.896118527480839
1.9544417319840124
1.9656582128321662
2.0036423724812127
2.0128152320249235
2.0128166211581444
2.0128166211581444
2.0128178768639433
2.012818137446886
2.012818137446886
2.012818137446886
2.012818137446886
2.0128189051097283
2.012823251064957
2.0133393282054293
2.0133393282054293
2.0133393282054293
2.0133393282054293
2.0133393282054293
2.0133393282054293
2.0133393282054293
2.0133393282054293
2.0133393282054293
2.0133393282054293
1.346663058318116
1.8555335875454775
1.929469285978679
1.985164185369465
1.9962733376231987
2.0083574647644498
2.0083574647644498
2.0139147930360193
2.0149588690952522
2.015436041818642
2.015436041818642
2.015436041818642
2.015436041818642
2.015436041818642
2.015436041818642
2.015436041818642
2.015436041818642
2.015436041818642
2.015436041818642
2.015436041818642
2.015436041818642
2.0179163704183183
2.0179163704183183
2.0179163704183183
2.0179163704183183
1.346663058318116
1.8690860399939542
1.949720647401968
1.9742231415335925
1.9867747950358279
1.9867747950358279
1.9969597106164154
2.0045461868351513
2.0045461868351513
2.0054470843781647
2.0111022450947775
2.011177463589613
2.0149588690952522
2.015436041818642
2.015436041818642
2.015436041818642
2.015436041818642
2.015436041818642
2.015436041818642
2.015436041818642
2.015436041818642
2.015436041818642
2.015436041818642
2.015436041818642
2.015436041818642
