1.3447858907713541
1.554390067117569
1.6702102483390853
1.742966383659094
1.7749151794350186
1.7812094461940016
1.7864228527078354
1.8242762061989584
1.8242878412414627
1.8466073233471363
1.8519335649199635
1.8552477644991785
1.8575456585336905
1.8591209455773023
1.8591209455773023
1.864471038771468
1.8644925258091642
1.870889080572675
1.870889080572675
1.8709103852963676
1.8709103852963676
1.8709103852963676
1.8709241793239846
1.8721848838915296
1.8721848838915296
1.3447858907713541
1.6161708867449085
1.7643492314950526
1.82947237800881
1.8299016816251024
1.8367735569560637
1.8417731393225183
1.8747520425507145
1.8801271726456479
1.8904544035947983
1.901080491332381
1.9064826886563573
1.912015345161153
1.912015345161153
1.912015345161153
1.912015345161153
1.912015345161153
1.912015345161153
1.912015345161153
1.912015345161153
1.9120328405814395
1.912041677364061
1.9133577827620762
1.9223589056463464
1.9223589056463464
1.3447858907713541
1.6452984667514734
1.7370574258155467
1.7806168366040511
1.8293364693913219
1.844529546737201
1.8543895533251276
1.8680339401757702
1.8680339401757702
1.883310732955132
1.8833474764941558
1.8833626262945105
1.8949712158465375
1.8949712158465375
1.8949712158465375
1.8949712158465375
1.8949712158465375
1.8949712158465375
1.8949712158465375
1.8949712158465375
1.8949712158465375
1.8949712158465375
1.8949712158465375
1.8949712158465375
1.8949712158465375
1.3447858907713541
1.5613524106546062
1.691395653506556
1.7195832564505493
1.7385060875627931
1.7705446877244686
1.8244624017975053
1.833603496236534
1.8440182717549158
1.852948153199798
1.8620352102639068
1.8620947441330915
1.8734611592865313
1.8734611592865313
1.8734611592865313
1.8787897515103316
1.8787897515103316
1.8787897515103316
1.8787897515103316
1.8787897515103316
1.8787897515103316
1.8787897515103316
1.8787897515103316
1.8787897515103316
1.8787897515103316
1.3447858907713541
1.5487544606744426
1.7534905879226137
1.77417982676883
1.812378061828933
1.8219235095779365
1.8325494003208123
1.8348069576734076
1.8481515605589423
1.8535746769598151
1.8624511656062017
1.8678756751270207
1.876161081969401
1.923195788987533
1.9287042917241135
1.9287042917241135
1.9342120941280143
1.9419427162610199
1.9474497480980217
1.9474497480980217
1.9474497480980217
1.9474497480980217
1.9474497480980217
1.9474497480980217
1.9474497480980217
1.3447858907713541
1.592502328799725
1.7975327099332152
1.8599445037770825
1.8791920064575116
1.8899431179863402
1.8899431179863402
1.9006644893029379
1.906525879876195
1.9065644662466812
1.9065644662466812
1.9065644662466812
1.9065644662466812
1.9065644662466812
1.9065644662466812
1.9065644662466812
1.9065644662466812
1.9065644662466812
1.909404720588475
1.9123344266216948
1.922080165488592
1.9237595708358393
1.9237595708358393
1.924413032141224
1.94645048239333
1.3447858907713541
1.574007859333582
1.7585123530730937
1.7644733433812967
1.7822550986071894
1.8044066764714446
1.8044066764714446
1.8044066764714446
1.8061597998591699
1.8114356337228643
1.8388432415176574
1.854644832939746
1.8657586473303658
1.8657586473303658
1.8657586473303658
1.8657586473303658
1.8657586473303658
1.8657586473303658
1.8657586473303658
1.8657586473303658
1.8657586473303658
1.8657586473303658
1.8657586473303658
1.8657586473303658
1.8657586473303658
1.3447858907713541
1.5909671030689847
1.7250249226449652
1.7808282987259672
1.8255280572986838
1.8511618501439249
1.8668162415392844
1.907139285622899
1.907139285622899
1.9127000800642797
1.9127000800642797
1.9127000800642797
1.9127000800642797
1.9127000800642797
1.9127000800642797
1.9127000800642797
1.9127000800642797
1.9127000800642797
1.9127000800642797
1.9127000800642797
1.9127000800642797
1.9127000800642797
1.9127000800642797
1.9127000800642797
1.9127000800642797
1.3447858907713541
1.4910106648763095
1.6150030497977719
1.7274113259609336
1.7921739136913066
1.830314945285885
1.8618508152829387
1.896224710796403
1.9035910874765636
1.9197363120045
1.9197363120045
1.9197363120045
1.9253314000450603
1.92533502694669
1.9253450807191343
1.9253450807191343
1.9253450807191343
1.9253450807191343
1.9253450807191343
1.9253450807191343
1.9253450807191343
1.9253450807191343
1.9253450807191343
1.9253450807191343
1.9253450807191343
1.3447858907713541
1.5910701480448437
1.7198180970696442
1.777276856167258
1.8073745261575171
1.8358852459443473
1.8633940356373946
1.8705425478631188
1.87054657884257
1.87055822834106
1.8759000208967749
1.8759000208967749
1.8786587821315335
1.878671223369474
1.8786713469221825
1.8867150287114751
1.8867558175981627
1.8867558175981627
1.8867558175981627
1.8867590991832661
1.892109530477854
1.892109530477854
1.8921168595463735
1.8921168595463735
1.8921183460879238
1.3447858907713541
1.5607721693058314
1.6346383199466574
1.6898347260401487
1.7296162737329948
1.736174218469257
1.744466530131687
1.7587382938313345
1.761958234062045
1.7842254408382596
1.7940208570437373
1.7940634942924667
1.7967214280302495
1.7967214280302495
1.7971019541428515
1.7971019541428515
1.7971019541428515
1.8125271125519484
1.8125313060343835
1.8125313060343835
1.812540234223776
1.8125503425884681
1.8125503425884681
1.8126019626188377
1.8126019626188377
1.3447858907713541
1.5240508005840026
1.6288231500386117
1.6459235220219222
1.6581175673921607
1.6989193312847954
1.7388443629765102
1.774887244481208
1.8369668657144425
1.8369668657144425
1.8439108005933642
1.8565572511386166
1.8565572511386166
1.8565572511386166
1.8565572511386166
1.8565572511386166
1.8565572511386166
1.8565572511386166
1.8565572511386166
1.860600664749068
1.870354153001532
1.8723227514897025
1.8728502548742127
1.8782562838601324
1.8782651980930778
1.3447858907713541
1.5726534331701576
1.6824161020201391
1.7132587371208883
1.7236086120420597
1.73907973899543
1.744242626115765
1.7443153176970805
1.7613243757836032
1.767458070718164
1.7721760112107925
1.7732024070428978
1.7819684108382805
1.786053077398246
1.7975350406445258
1.8037380144742694
1.8055391778802705
1.8055391778802705
1.8055391778802705
1.8269857077440648
1.8275501626365669
1.8275501626365669
1.8275501626365669
1.8275501626365669
1.8275545414800622
1.3447858907713541
1.5485241910425442
1.6287291803425736
1.7461737615784383
1.768543820986562
1.7922968300476103
1.8109885774930734
1.8259966952987943
1.841869550385459
1.8474665735700146
1.8474697316024096
1.8475210287625634
1.8475210287625634
1.8475210287625634
1.8475210287625634
1.8475210287625634
1.8475210287625634
1.8527911517300943
1.8527911517300943
1.8527911517300943
1.8527911517300943
1.8527911517300943
1.8527911517300943
1.8527911517300943
1.8527911517300943
1.3447858907713541
1.4564437116148545
1.6889816363366452
1.8429100363308564
1.87449884589485
1.9422167689032515
1.9432012194573418
1.9432314379144409
1.947403105490507
1.947403105490507
1.9474032514895256
1.9474032514895256
1.9474032514895256
1.9474032514895256
1.9474032514895256
1.95245795352125
1.95245795352125
1.95245795352125
1.9526837614737818
1.9526837614737818
1.952703767912273
1.959895825585925
1.959895825585925
1.9599482161831936
1.9599482161831936
