1.3447858907713541
1.554390067117569
1.6702102483390853
1.742966383659094
1.7749151794350186
1.7812094461940016
1.7864228527078354
1.8242762061989584
1.8242878412414627
1.8466073233471363
1.8519335649199635
1.8552477644991785
1.8575456585336905
1.8591209455773023
1.8591209455773023
1.864471038771468
1.8644925258091642
1.870889080572675
1.870889080572675
1.8709103852963676
1.8709103852963676
1.8709103852963676
1.8709241793239846
1.8721848838915296
1.8721848838915296
1.3447858907713541
1.6161708867449085
1.7643492314950526
1.82947237800881
1.8299016816251024
1.8367735569560637
1.8417731393225183
1.8747520425507145
1.8801271726456479
1.8904544035947983
1.901080491332381
1.9064826886563573
1.912015345161153
1.912015345161153
1.912015345161153
1.912015345161153
1.912015345161153
1.912015345161153
1.912015345161153
1.912015345161153
1.9120328405814395
1.912041677364061
1.9133577827620762
1.9223589056463464
1.9223589056463464
