1.3447858907713541
1.5668550980848277
1.7554164723087453
1.8028083900310459
1.8570903206971652
1.8965974761314621
1.9225075306158876
1.9430830448723149
1.94311459289856
1.9431606094439635
1.9431606094439635
1.9431606094439635
1.9431716009548772
1.9431716009548772
1.9556623818982999
1.9556698937803618
1.9556698937803618
1.9556917443240744
1.961126070711087
1.961126070711087
1.961126070711087
1.961126070711087
1.961126070711087
1.961126070711087
1.961126070711087
1.3447858907713541
1.6055337986885254
1.7061106333412603
1.7400580821108338
1.7650614349677134
1.7785005401356804
1.784069484384228
1.7842437381813265
1.7894812408580494
1.7905339318847555
1.7971255219433813
1.7971547595426884
1.8023428684253127
1.8052103775563626
1.8105229084449306
1.8105544074095075
1.8179970576021554
1.8179970576021554
1.8205200436265048
1.822661140596048
1.8319482987460223
1.861795823654331
1.8726212873057109
1.88342247060278
1.9005141804838568
1.3447858907713541
1.5439617146137414
1.698090529186706
1.7998134268560908
1.802315941914173
1.8413286321861515
1.8519902516910236
1.8608116670898738
1.8716912329894064
1.8718246365032312
1.8821886050010326
1.8821886050010326
1.8821886050010326
1.8864674994286186
1.8864674994286186
1.8864674994286186
1.8864674994286186
1.8864674994286186
1.8864674994286186
1.8864674994286186
1.8864674994286186
1.8864674994286186
1.8864674994286186
1.8864674994286186
1.8864674994286186
1.3447858907713541
1.6059865250136123
1.7611694356979295
1.8141697475157519
1.8482534301578863
1.8482720202890468
1.916890291361415
1.9305766601248497
1.9414459518349678
1.941472300953607
1.9415227471134764
1.9415343966119665
1.956052507160841
1.9577278032675796
1.9577278032675796
1.9594567796697258
1.9594614788359188
1.9594614788359188
1.9594614788359188
1.9611217223042265
1.961126070711087
1.961126070711087
1.961126070711087
1.961126070711087
1.961126070711087
1.3447858907713541
1.6376668467622706
1.7009784720543228
1.733034187161261
1.7682536966903855
1.7940824081880695
1.8003114404184075
1.847411308108419
1.875741580437935
1.9079602468394985
1.9170837268933107
1.9170965625094458
1.9170965625094458
1.928183671095393
1.9350973214780314
1.9350973214780314
1.9350973214780314
1.9350973214780314
1.9350973214780314
1.9350973214780314
1.9350973214780314
1.9350973214780314
1.9350973214780314
1.9350973214780314
1.9350973214780314
1.3447858907713541
1.589591742994679
1.7032504102778894
1.7496146677731406
1.7679047077689816
1.7731966452591292
1.8048356642020207
1.8350526367939506
1.8501329797293868
1.8902236349713668
1.8937973887685127
1.8959290729900407
1.8998728997354715
1.9052207066583122
1.9052808223238242
1.9052808223238242
1.9052827620926371
1.9066941265285653
1.9068294570618929
1.9398048419012794
1.9501163522557097
1.9555729996771984
1.969251244989421
1.9747448856028684
1.9749244664410948
1.3447858907713541
1.5812194610814114
1.7292889080823752
1.7934047973542064
1.8353552251234813
1.8592108206064843
1.8701785175928982
1.9093724587925855
1.9279381376206144
1.9315139252012152
1.9315139252012152
1.9315139252012152
1.9315710907294759
1.9315710907294759
1.9315710907294759
1.9315710907294759
1.9315710907294759
1.9315710907294759
1.9315710907294759
1.9315710907294759
1.9315710907294759
1.9315710907294759
1.9315710907294759
1.9326844629674524
1.9326844629674524
1.3447858907713541
1.6162964959966701
1.700600472586435
1.7605497792000224
1.7903330897725196
1.800061049456554
1.8158108637614971
1.8174067687876734
1.81740713655051
1.8224770738554694
1.8254251568138564
1.8425699267214077
1.8425699267214077
1.8442515233128791
1.8476612692984216
1.8533057115293796
1.8723582554213072
1.891962693251723
1.891962693251723
1.892801771236797
1.8929842043705944
1.8929842043705944
1.8929842043705944
1.8929842043705944
1.8929862773917425
1.3447858907713541
1.579949821920813
1.6941209668918682
1.7545719592072009
1.7790835018214777
1.7882711501139565
1.8001937392388356
1.828622573858338
1.8362913674746477
1.8362913674746477
1.8363352285175385
1.8704580122928454
1.870528052387517
1.896386991735357
1.896386991735357
1.896386991735357
1.896386991735357
1.896386991735357
1.905141992625525
1.905141992625525
1.905141992625525
1.905141992625525
1.911050647834982
1.911050647834982
1.911050647834982
1.3447858907713541
1.5851271492505785
1.7019742854097424
1.7653197045601823
1.7940347802404746
1.8611087582687074
1.8731550098674263
1.8732212939771804
1.873235632638831
1.8732637412602586
1.8797555984318928
1.8821920401495023
1.8883246183912754
1.8946087322758451
1.894618106888162
1.894618106888162
1.894618106888162
1.894618106888162
1.9000679478553046
1.9000679478553046
1.9000679478553046
1.9000679478553046
1.9000679478553046
1.9000679478553046
1.9000679478553046
1.3447858907713541
1.646409069209974
1.7248577447722573
1.7744319659039967
1.7901081995343482
1.8092782469384494
1.841877248338293
1.8478515269035058
1.8915201878431724
1.9072340858716574
1.929608079954642
1.9350267101339684
1.9350401559497707
1.9350401559497707
1.9350401559497707
1.9350401559497707
1.9350973214780314
1.9350973214780314
1.9350973214780314
1.9350973214780314
1.9350973214780314
1.9350973214780314
1.9350973214780314
1.9350973214780314
1.9350973214780314
1.3447858907713541
1.6289247770875421
1.6974247664621323
1.7282755475885205
1.757310164511353
1.7751390724496237
1.788821616562133
1.7888489600594684
1.8069003796043022
1.8069003796043022
1.8124749027534814
1.8178848101591043
1.8246728605535047
1.8299156645179904
1.8331070565642806
1.850285480612446
1.8611627268849524
1.8702326337469932
1.8702866988181677
1.8741062294183413
1.874144869107316
1.874144869107316
1.874152503268327
1.884069603067825
1.884069603067825
1.3447858907713541
1.5889781903803222
1.7462353314267047
1.8421406306676025
1.938334733278673
1.9513325629677287
1.9567213845504121
1.9567700860899286
1.9567700860899286
1.9568333665921744
1.961126070711087
1.961126070711087
1.961126070711087
1.961126070711087
1.961126070711087
1.961126070711087
1.961126070711087
1.961126070711087
1.961126070711087
1.961126070711087
1.961126070711087
1.961126070711087
1.961126070711087
1.961126070711087
1.961126070711087
1.3447858907713541
1.6688056180314939
1.709268662227211
1.7406842125918272
1.7538634776103232
1.780824372068645
1.7963914218855317
1.8251474704715174
1.8332515864872667
1.8332515864872667
1.8451896322653534
1.8503008208484717
1.8728072309607593
1.873409337570382
1.8914127175559272
1.891418094608489
1.891418094608489
1.8957166601932447
1.9080150732039847
1.919557286468808
1.919557286468808
1.919557286468808
1.919557286468808
1.92730444911155
1.9473652814329376
1.3447858907713541
1.7219144937553883
1.7920492477125067
1.8949444933868305
1.9108780894698227
1.9148047266026682
1.9465343194039417
1.9465343194039417
1.9465343194039417
1.95031587359685
1.95031587359685
1.950372936245415
1.950372936245415
1.950372936245415
1.950372936245415
1.950372936245415
1.950372936245415
1.950372936245415
1.950372936245415
1.961126070711087
1.961126070711087
1.961126070711087
1.961126070711087
1.961126070711087
1.961126070711087
1.3447858907713541
1.6799260562515508
1.8245601264354674
1.8833812631046647
1.8834467741000016
1.9378385817286414
1.9447807716531524
1.9447807716531524
1.9447807716531524
1.95634053791167
1.9563627324981498
1.9563627324981498
1.9594658272427792
1.9594658272427792
1.9594658272427792
1.961126070711087
1.961126070711087
1.961126070711087
1.961126070711087
1.961126070711087
1.961126070711087
1.961126070711087
1.961126070711087
1.961126070711087
1.961126070711087
1.3447858907713541
1.6377308695296589
1.7463887711970407
1.7909698735720716
1.8316293562680797
1.87123363046214
1.886359891761463
1.9155206966859168
1.9479685337161254
1.9534659962918894
1.9630118990573757
1.9630427311089695
1.9697775660143315
1.9697786048591988
1.9739383533850472
1.9739400557480702
1.9739717188371602
1.9739717188371602
1.9739717188371602
1.9739738523929011
1.9740331621025182
1.9740331621025182
1.9740331621025182
1.9789781539819236
1.986220030322673
