1.3447858907713541
1.5668550980848277
1.7554164723087453
1.8028083900310459
1.8570903206971652
1.8965974761314621
1.9225075306158876
1.9430830448723149
1.94311459289856
1.9431606094439635
1.9431606094439635
1.9431606094439635
1.9431716009548772
1.9431716009548772
1.9556623818982999
1.9556698937803618
1.9556698937803618
1.9556917443240744
1.961126070711087
1.961126070711087
1.961126070711087
1.961126070711087
1.961126070711087
1.961126070711087
1.961126070711087
1.3447858907713541
1.6055337986885254
1.7061106333412603
1.7400580821108338
1.7650614349677134
1.7785005401356804
1.784069484384228
1.7842437381813265
1.7894812408580494
1.7905339318847555
1.7971255219433813
1.7971547595426884
1.8023428684253127
1.8052103775563626
1.8105229084449306
1.8105544074095075
1.8179970576021554
1.8179970576021554
1.8205200436265048
1.822661140596048
1.8319482987460223
1.861795823654331
1.8726212873057109
1.88342247060278
1.9005141804838568
1.3447858907713541
1.5439617146137414
1.698090529186706
1.7998134268560908
1.802315941914173
1.8413286321861515
1.8519902516910236
1.8608116670898738
1.8716912329894064
1.8718246365032312
1.8821886050010326
1.8821886050010326
1.8821886050010326
1.8864674994286186
1.8864674994286186
1.8864674994286186
1.8864674994286186
1.8864674994286186
1.8864674994286186
1.8864674994286186
1.8864674994286186
1.8864674994286186
1.8864674994286186
1.8864674994286186
1.8864674994286186
