1.3447858907713541
1.5668550980848277
1.7554164723087453
1.8028083900310459
1.8570903206971652
1.8965974761314621
1.9225075306158876
1.9430830448723149
1.94311459289856
1.9431606094439635
1.9431606094439635
1.9431606094439635
1.9431716009548772
1.9431716009548772
1.9556623818982999
1.9556698937803618
1.9556698937803618
1.9556917443240744
1.961126070711087
1.961126070711087
1.961126070711087
1.961126070711087
1.961126070711087
1.961126070711087
1.961126070711087
1.3447858907713541
1.6055337986885254
1.7061106333412603
1.7400580821108338
1.7650614349677134
1.7785005401356804
1.784069484384228
1.7842437381813265
1.7894812408580494
1.7905339318847555
1.7971255219433813
1.7971547595426884
1.8023428684253127
1.8052103775563626
1.8105229084449306
1.8105544074095075
1.8179970576021554
1.8179970576021554
1.8205200436265048
1.822661140596048
1.8319482987460223
1.861795823654331
1.8726212873057109
1.88342247060278
1.9005141804838568
1.3447858907713541
1.5439617146137414
1.698090529186706
1.7998134268560908
1.802315941914173
1.8413286321861515
1.8519902516910236
1.8608116670898738
1.8716912329894064
1.8718246365032312
1.8821886050010326
1.8821886050010326
1.8821886050010326
1.8864674994286186
1.8864674994286186
1.8864674994286186
1.8864674994286186
1.8864674994286186
1.8864674994286186
1.8864674994286186
1.8864674994286186
1.8864674994286186
1.8864674994286186
1.8864674994286186
1.8864674994286186
1.3447858907713541
1.6059865250136123
1.7611694356979295
1.8141697475157519
1.8482534301578863
1.8482720202890468
1.916890291361415
1.9305766601248497
1.9414459518349678
1.941472300953607
1.9415227471134764
1.9415343966119665
1.956052507160841
1.9577278032675796
1.9577278032675796
1.9594567796697258
1.9594614788359188
1.9594614788359188
1.9594614788359188
1.9611217223042265
1.961126070711087
1.961126070711087
1.961126070711087
1.961126070711087
1.961126070711087
1.3447858907713541
1.6376668467622706
1.7009784720543228
1.733034187161261
1.7682536966903855
1.7940824081880695
1.8003114404184075
1.847411308108419
1.875741580437935
1.9079602468394985
1.9170837268933107
1.9170965625094458
1.9170965625094458
1.928183671095393
1.9350973214780314
1.9350973214780314
1.9350973214780314
1.9350973214780314
1.9350973214780314
1.9350973214780314
1.9350973214780314
1.9350973214780314
1.9350973214780314
1.9350973214780314
1.9350973214780314
1.3447858907713541
1.589591742994679
1.7032504102778894
1.7496146677731406
1.7679047077689816
1.7731966452591292
1.8048356642020207
1.8350526367939506
1.8501329797293868
1.8902236349713668
1.8937973887685127
1.8959290729900407
1.8998728997354715
1.9052207066583122
1.9052808223238242
1.9052808223238242
1.9052827620926371
1.9066941265285653
1.9068294570618929
1.9398048419012794
1.9501163522557097
1.9555729996771984
1.969251244989421
1.9747448856028684
1.9749244664410948
