0.7597402597402597	-0.18545345352842313
0.7792207792207793	-0.19111366037586253
0.7727272727272727	-0.1873011351395042
0.7662337662337663	-0.18597026002840986
0.7727272727272727	-0.1873011351395042
0.7597402597402597	-0.18545345352842313
0.7597402597402597	-0.18545345352842313
0.7597402597402597	-0.18545345352842313
0.7597402597402597	-0.18545345352842313
0.7597402597402597	-0.18545345352842313
0.7597402597402597	-0.18545345352842313
0.7597402597402597	-0.18545345352842313
0.7597402597402597	-0.18545345352842313
0.7727272727272727	-0.1873011351395042
0.7597402597402597	-0.18545345352842313
0.7597402597402597	-0.18545345352842313
0.7727272727272727	-0.1873011351395042
0.7597402597402597	-0.18545345352842313
0.7662337662337663	-0.18597026002840986
0.7597402597402597	-0.18545345352842313
0.7597402597402597	-0.18545345352842313
0.7597402597402597	-0.18545345352842313
0.7597402597402597	-0.18545345352842313
0.7597402597402597	-0.18545345352842313
0.7597402597402597	-0.18545345352842313
0.7597402597402597	-0.18545345352842313
0.7597402597402597	-0.18545345352842313
0.7727272727272727	-0.1873011351395042
0.7597402597402597	-0.18545345352842313
0.7597402597402597	-0.18545345352842313
0.7597402597402597	-0.18545345352842313
0.7597402597402597	-0.18545345352842313
0.7597402597402597	-0.18545345352842313
0.7597402597402597	-0.18545345352842313
0.7597402597402597	-0.18545345352842313
0.7597402597402597	-0.18545345352842313
0.7597402597402597	-0.18545345352842313
0.7597402597402597	-0.18545345352842313
0.7597402597402597	-0.18545345352842313
0.7597402597402597	-0.18545345352842313
0.7597402597402597	-0.18545345352842313
0.7597402597402597	-0.18545345352842313
0.7597402597402597	-0.18545345352842313
0.7597402597402597	-0.18545345352842313
0.7597402597402597	-0.18545345352842313
0.7597402597402597	-0.18545345352842313
0.7597402597402597	-0.18545345352842313
0.7792207792207793	-0.19111366037586253
0.7597402597402597	-0.18545345352842313
0.7597402597402597	-0.18545345352842313
0.7597402597402597	-0.18545345352842313
0.7597402597402597	-0.18545345352842313
0.7597402597402597	-0.18545345352842313
0.7597402597402597	-0.18545345352842313
0.7727272727272727	-0.1873011351395042
0.7597402597402597	-0.18545345352842313
0.7597402597402597	-0.18545345352842313
0.7597402597402597	-0.18545345352842313
0.7597402597402597	-0.18545345352842313
0.7597402597402597	-0.18545345352842313
0.7597402597402597	-0.18545345352842313
0.7597402597402597	-0.18545345352842313
0.7792207792207793	-0.19111366037586253
0.7597402597402597	-0.18545345352842313
0.7597402597402597	-0.18545345352842313
0.7597402597402597	-0.18545345352842313
0.7597402597402597	-0.18545345352842313
0.7597402597402597	-0.18545345352842313
0.7597402597402597	-0.18545345352842313
0.7597402597402597	-0.18545345352842313
0.7597402597402597	-0.18545345352842313
0.7597402597402597	-0.18545345352842313
0.7597402597402597	-0.18545345352842313
0.7597402597402597	-0.18545345352842313
0.7597402597402597	-0.18545345352842313
0.7597402597402597	-0.18545345352842313
0.7597402597402597	-0.18545345352842313
0.7597402597402597	-0.18545345352842313
0.7597402597402597	-0.18545345352842313
0.7597402597402597	-0.18545345352842313
0.7597402597402597	-0.18545345352842313
0.7597402597402597	-0.18545345352842313
0.7597402597402597	-0.18545345352842313
0.7727272727272727	-0.1873011351395042
0.7597402597402597	-0.18545345352842313
0.7597402597402597	-0.18545345352842313
0.7597402597402597	-0.18545345352842313
0.7597402597402597	-0.18545345352842313
0.7597402597402597	-0.18545345352842313
0.7597402597402597	-0.18545345352842313
0.7597402597402597	-0.18545345352842313
0.7597402597402597	-0.18545345352842313
0.7597402597402597	-0.18545345352842313
0.7597402597402597	-0.18545345352842313
0.7597402597402597	-0.18545345352842313
0.7792207792207793	-0.19111366037586253
0.7597402597402597	-0.18545345352842313
0.7597402597402597	-0.18545345352842313
0.7597402597402597	-0.18545345352842313
0.7597402597402597	-0.18545345352842313
0.7597402597402597	-0.18545345352842313
0.7597402597402597	-0.18545345352842313
0.7597402597402597	-0.18545345352842313
0.7597402597402597	-0.18545345352842313
0.7597402597402597	-0.18545345352842313
0.7597402597402597	-0.18545345352842313
0.7597402597402597	-0.18545345352842313
0.7597402597402597	-0.18545345352842313
0.7597402597402597	-0.18545345352842313
0.7597402597402597	-0.18545345352842313
0.7597402597402597	-0.18545345352842313
0.7597402597402597	-0.18545345352842313
0.7597402597402597	-0.18545345352842313
0.7597402597402597	-0.18545345352842313
0.7597402597402597	-0.18545345352842313
0.7597402597402597	-0.18545345352842313
0.7597402597402597	-0.18545345352842313
0.7597402597402597	-0.18545345352842313
0.7727272727272727	-0.1873011351395042
0.7597402597402597	-0.18545345352842313
0.7597402597402597	-0.18545345352842313
0.7597402597402597	-0.18545345352842313
0.7597402597402597	-0.18545345352842313
0.7597402597402597	-0.18545345352842313
0.7597402597402597	-0.18545345352842313
0.7597402597402597	-0.18545345352842313
0.7597402597402597	-0.18545345352842313
0.7597402597402597	-0.18545345352842313
0.7597402597402597	-0.18545345352842313
0.7597402597402597	-0.18545345352842313
0.7727272727272727	-0.1873011351395042
0.7597402597402597	-0.18545345352842313
0.7597402597402597	-0.18545345352842313
0.7597402597402597	-0.18545345352842313
0.7727272727272727	-0.1873011351395042
0.7597402597402597	-0.18545345352842313
0.7597402597402597	-0.18545345352842313
0.7597402597402597	-0.18545345352842313
0.7597402597402597	-0.18545345352842313
0.7597402597402597	-0.18545345352842313
0.7597402597402597	-0.18545345352842313
0.7597402597402597	-0.18545345352842313
0.7597402597402597	-0.18545345352842313
0.7597402597402597	-0.18545345352842313
0.7597402597402597	-0.18545345352842313
0.7662337662337663	-0.18597026002840986
0.7597402597402597	-0.18545345352842313
0.7727272727272727	-0.1873011351395042
0.7597402597402597	-0.18545345352842313
0.7597402597402597	-0.18545345352842313
0.7597402597402597	-0.18545345352842313
0.7597402597402597	-0.18545345352842313
0.7597402597402597	-0.18545345352842313
0.7597402597402597	-0.18545345352842313
0.7597402597402597	-0.18545345352842313
0.7597402597402597	-0.18545345352842313
0.7792207792207793	-0.19111366037586253
0.7597402597402597	-0.18545345352842313
0.7597402597402597	-0.18545345352842313
0.7597402597402597	-0.18545345352842313
0.7597402597402597	-0.18545345352842313
0.7597402597402597	-0.18545345352842313
0.7597402597402597	-0.18545345352842313
0.7727272727272727	-0.1873011351395042
0.7792207792207793	-0.19111366037586253
0.7597402597402597	-0.18545345352842313
0.7597402597402597	-0.18545345352842313
0.7597402597402597	-0.18545345352842313
0.7597402597402597	-0.18545345352842313
0.7597402597402597	-0.18545345352842313
0.7662337662337663	-0.18597026002840986
0.7597402597402597	-0.18545345352842313
0.7597402597402597	-0.18545345352842313
0.7597402597402597	-0.18545345352842313
0.7597402597402597	-0.18545345352842313
0.7597402597402597	-0.18545345352842313
0.7597402597402597	-0.18545345352842313
0.7727272727272727	-0.1873011351395042
0.7597402597402597	-0.18545345352842313
0.7597402597402597	-0.18545345352842313
0.7662337662337663	-0.18597026002840986
0.7597402597402597	-0.18545345352842313
0.7597402597402597	-0.18545345352842313
0.7597402597402597	-0.18545345352842313
0.7597402597402597	-0.18545345352842313
0.7597402597402597	-0.18545345352842313
0.7792207792207793	-0.19111366037586253
0.7597402597402597	-0.18545345352842313
0.7597402597402597	-0.18545345352842313
0.7597402597402597	-0.18545345352842313
0.7597402597402597	-0.18545345352842313
0.7597402597402597	-0.18545345352842313
0.7597402597402597	-0.18545345352842313
0.7597402597402597	-0.18545345352842313
0.7597402597402597	-0.18545345352842313
0.7597402597402597	-0.18545345352842313
0.7597402597402597	-0.18545345352842313
0.7597402597402597	-0.18545345352842313
0.7597402597402597	-0.18545345352842313
0.7597402597402597	-0.18545345352842313
