0.7532467532467533	-0.1891038594951226
0.7792207792207793	-0.1955858803469071
0.7727272727272727	-0.19448059855954272
0.7662337662337663	-0.1909243833235956
0.7597402597402597	-0.1906795589649062
0.7662337662337663	-0.1909243833235956
0.7662337662337663	-0.1909243833235956
0.7662337662337663	-0.1909243833235956
0.7662337662337663	-0.1909243833235956
0.7727272727272727	-0.19448059855954272
0.7727272727272727	-0.19448059855954272
0.7662337662337663	-0.1909243833235956
0.7727272727272727	-0.19448059855954272
0.7662337662337663	-0.1909243833235956
0.7662337662337663	-0.1909243833235956
0.7662337662337663	-0.1909243833235956
0.7662337662337663	-0.1909243833235956
0.7662337662337663	-0.1909243833235956
0.7662337662337663	-0.1909243833235956
0.7727272727272727	-0.19448059855954272
0.7662337662337663	-0.1909243833235956
0.7662337662337663	-0.1909243833235956
0.7662337662337663	-0.1909243833235956
0.7662337662337663	-0.1909243833235956
0.7662337662337663	-0.1909243833235956
0.7662337662337663	-0.1909243833235956
0.7662337662337663	-0.1909243833235956
0.7662337662337663	-0.1909243833235956
0.7662337662337663	-0.1909243833235956
0.7662337662337663	-0.1909243833235956
0.7662337662337663	-0.1909243833235956
0.7662337662337663	-0.1909243833235956
0.7662337662337663	-0.1909243833235956
0.7727272727272727	-0.19448059855954272
0.7662337662337663	-0.1909243833235956
0.7662337662337663	-0.1909243833235956
0.7662337662337663	-0.1909243833235956
0.7662337662337663	-0.1909243833235956
0.7662337662337663	-0.1909243833235956
0.7662337662337663	-0.1909243833235956
0.7727272727272727	-0.19448059855954272
0.7662337662337663	-0.1909243833235956
0.7662337662337663	-0.1909243833235956
0.7662337662337663	-0.1909243833235956
0.7662337662337663	-0.1909243833235956
0.7662337662337663	-0.1909243833235956
0.7662337662337663	-0.1909243833235956
0.7662337662337663	-0.1909243833235956
0.7662337662337663	-0.1909243833235956
0.7662337662337663	-0.1909243833235956
0.7662337662337663	-0.1909243833235956
0.7662337662337663	-0.1909243833235956
0.7662337662337663	-0.1909243833235956
0.7662337662337663	-0.1909243833235956
0.7662337662337663	-0.1909243833235956
0.7662337662337663	-0.1909243833235956
0.7662337662337663	-0.1909243833235956
0.7662337662337663	-0.1909243833235956
0.7662337662337663	-0.1909243833235956
0.7662337662337663	-0.1909243833235956
0.7662337662337663	-0.1909243833235956
0.7662337662337663	-0.1909243833235956
0.7662337662337663	-0.1909243833235956
0.7662337662337663	-0.1909243833235956
0.7662337662337663	-0.1909243833235956
0.7662337662337663	-0.1909243833235956
0.7662337662337663	-0.1909243833235956
0.7662337662337663	-0.1909243833235956
0.7662337662337663	-0.1909243833235956
0.7727272727272727	-0.19448059855954272
0.7662337662337663	-0.1909243833235956
0.7662337662337663	-0.1909243833235956
0.7662337662337663	-0.1909243833235956
0.7662337662337663	-0.1909243833235956
0.7662337662337663	-0.1909243833235956
0.7662337662337663	-0.1909243833235956
0.7662337662337663	-0.1909243833235956
0.7662337662337663	-0.1909243833235956
0.7662337662337663	-0.1909243833235956
0.7662337662337663	-0.1909243833235956
0.7727272727272727	-0.19448059855954272
0.7662337662337663	-0.1909243833235956
0.7662337662337663	-0.1909243833235956
0.7662337662337663	-0.1909243833235956
0.7662337662337663	-0.1909243833235956
0.7662337662337663	-0.1909243833235956
0.7662337662337663	-0.1909243833235956
0.7662337662337663	-0.1909243833235956
0.7662337662337663	-0.1909243833235956
0.7662337662337663	-0.1909243833235956
0.7662337662337663	-0.1909243833235956
0.7532467532467533	-0.1891038594951226
0.7662337662337663	-0.1909243833235956
0.7662337662337663	-0.1909243833235956
0.7662337662337663	-0.1909243833235956
0.7662337662337663	-0.1909243833235956
0.7662337662337663	-0.1909243833235956
0.7662337662337663	-0.1909243833235956
0.7662337662337663	-0.1909243833235956
0.7662337662337663	-0.1909243833235956
0.7727272727272727	-0.19448059855954272
0.7662337662337663	-0.1909243833235956
0.7662337662337663	-0.1909243833235956
0.7662337662337663	-0.1909243833235956
0.7662337662337663	-0.1909243833235956
0.7662337662337663	-0.1909243833235956
0.7662337662337663	-0.1909243833235956
0.7662337662337663	-0.1909243833235956
0.7662337662337663	-0.1909243833235956
0.7662337662337663	-0.1909243833235956
0.7727272727272727	-0.19448059855954272
0.7662337662337663	-0.1909243833235956
0.7662337662337663	-0.1909243833235956
0.7662337662337663	-0.1909243833235956
0.7662337662337663	-0.1909243833235956
0.7662337662337663	-0.1909243833235956
0.7662337662337663	-0.1909243833235956
0.7662337662337663	-0.1909243833235956
0.7662337662337663	-0.1909243833235956
0.7662337662337663	-0.1909243833235956
0.7662337662337663	-0.1909243833235956
0.7662337662337663	-0.1909243833235956
0.7662337662337663	-0.1909243833235956
0.7662337662337663	-0.1909243833235956
0.7662337662337663	-0.1909243833235956
0.7662337662337663	-0.1909243833235956
0.7662337662337663	-0.1909243833235956
0.7662337662337663	-0.1909243833235956
0.7662337662337663	-0.1909243833235956
0.7662337662337663	-0.1909243833235956
0.7727272727272727	-0.19448059855954272
0.7662337662337663	-0.1909243833235956
0.7662337662337663	-0.1909243833235956
0.7662337662337663	-0.1909243833235956
0.7662337662337663	-0.1909243833235956
0.7662337662337663	-0.1909243833235956
0.7662337662337663	-0.1909243833235956
0.7727272727272727	-0.19448059855954272
0.7662337662337663	-0.1909243833235956
0.7662337662337663	-0.1909243833235956
0.7662337662337663	-0.1909243833235956
0.7662337662337663	-0.1909243833235956
0.7662337662337663	-0.1909243833235956
0.7662337662337663	-0.1909243833235956
0.7662337662337663	-0.1909243833235956
0.7662337662337663	-0.1909243833235956
0.7662337662337663	-0.1909243833235956
0.7662337662337663	-0.1909243833235956
0.7662337662337663	-0.1909243833235956
0.7792207792207793	-0.1955858803469071
0.7662337662337663	-0.1909243833235956
0.7662337662337663	-0.1909243833235956
0.7662337662337663	-0.1909243833235956
0.7662337662337663	-0.1909243833235956
0.7662337662337663	-0.1909243833235956
0.7662337662337663	-0.1909243833235956
0.7662337662337663	-0.1909243833235956
0.7662337662337663	-0.1909243833235956
0.7662337662337663	-0.1909243833235956
0.7662337662337663	-0.1909243833235956
0.7662337662337663	-0.1909243833235956
0.7662337662337663	-0.1909243833235956
0.7662337662337663	-0.1909243833235956
0.7662337662337663	-0.1909243833235956
0.7662337662337663	-0.1909243833235956
0.7727272727272727	-0.19448059855954272
0.7662337662337663	-0.1909243833235956
0.7662337662337663	-0.1909243833235956
0.7662337662337663	-0.1909243833235956
0.7662337662337663	-0.1909243833235956
0.7662337662337663	-0.1909243833235956
0.7662337662337663	-0.1909243833235956
0.7662337662337663	-0.1909243833235956
0.7662337662337663	-0.1909243833235956
0.7662337662337663	-0.1909243833235956
0.7662337662337663	-0.1909243833235956
0.7662337662337663	-0.1909243833235956
0.7662337662337663	-0.1909243833235956
0.7662337662337663	-0.1909243833235956
0.7662337662337663	-0.1909243833235956
0.7662337662337663	-0.1909243833235956
0.7662337662337663	-0.1909243833235956
0.7662337662337663	-0.1909243833235956
0.7662337662337663	-0.1909243833235956
0.7662337662337663	-0.1909243833235956
0.7662337662337663	-0.1909243833235956
0.7662337662337663	-0.1909243833235956
0.7662337662337663	-0.1909243833235956
0.7662337662337663	-0.1909243833235956
0.7662337662337663	-0.1909243833235956
0.7662337662337663	-0.1909243833235956
0.7662337662337663	-0.1909243833235956
0.7662337662337663	-0.1909243833235956
0.7662337662337663	-0.1909243833235956
0.7662337662337663	-0.1909243833235956
0.7662337662337663	-0.1909243833235956
0.7662337662337663	-0.1909243833235956
0.7662337662337663	-0.1909243833235956
0.7662337662337663	-0.1909243833235956
0.7662337662337663	-0.1909243833235956
