1.7069734321432002
1.9881814063671877
2.1263427475922474
2.1264628394612517
2.1264628394612517
2.1264628394612517
2.1264628394612517
2.1264628394612517
2.1264628394612517
2.1264628394612517
2.1264628394612517
2.1264628394612517
2.1264628394612517
2.1264628394612517
2.1264628394612517
2.1264628394612517
2.1264628394612517
2.1264628394612517
2.1264628394612517
2.1264628394612517
2.1264628394612517
2.1264628394612517
2.1264628394612517
2.1264628394612517
2.1264628394612517
