1.7069734321432002
1.9881814063671877
2.1263427475922474
2.1264628394612517
2.1264628394612517
2.1264628394612517
2.1264628394612517
2.1264628394612517
2.1264628394612517
2.1264628394612517
2.1264628394612517
2.1264628394612517
2.1264628394612517
2.1264628394612517
2.1264628394612517
2.1264628394612517
2.1264628394612517
2.1264628394612517
2.1264628394612517
2.1264628394612517
2.1264628394612517
2.1264628394612517
2.1264628394612517
2.1264628394612517
2.1264628394612517
1.7069734321432002
2.1604831353394207
2.1658837046538375
2.1658837046538375
2.1726640156472325
2.1726640156472325
2.1726640156472325
2.1726640156472325
2.1726640156472325
2.1726640156472325
2.1726640156472325
2.1726640156472325
2.1726640156472325
2.1726640156472325
2.1726640156472325
2.1726640156472325
2.1726640156472325
2.1726640156472325
2.1726640156472325
2.1726640156472325
2.1726640156472325
2.1726640156472325
2.1726640156472325
2.1726640156472325
2.1726640156472325
1.7069734321432002
2.027813728010685
2.084063148103227
2.084063148103227
2.084063148103227
2.084063148103227
2.0945985761319297
2.1031491172050356
2.1031491172050356
2.1031491172050356
2.1031491172050356
2.1031491172050356
2.1050394391537504
2.1050394391537504
2.108429594650448
2.108429594650448
2.108429594650448
2.108429594650448
2.108429594650448
2.108429594650448
2.108429594650448
2.108429594650448
2.108429594650448
2.108429594650448
2.108429594650448
