1.7069734321432002
1.9881814063671877
2.1263427475922474
2.1264628394612517
2.1264628394612517
2.1264628394612517
2.1264628394612517
2.1264628394612517
2.1264628394612517
2.1264628394612517
2.1264628394612517
2.1264628394612517
2.1264628394612517
2.1264628394612517
2.1264628394612517
2.1264628394612517
2.1264628394612517
2.1264628394612517
2.1264628394612517
2.1264628394612517
2.1264628394612517
2.1264628394612517
2.1264628394612517
2.1264628394612517
2.1264628394612517
1.7069734321432002
2.1604831353394207
2.1658837046538375
2.1658837046538375
2.1726640156472325
2.1726640156472325
2.1726640156472325
2.1726640156472325
2.1726640156472325
2.1726640156472325
2.1726640156472325
2.1726640156472325
2.1726640156472325
2.1726640156472325
2.1726640156472325
2.1726640156472325
2.1726640156472325
2.1726640156472325
2.1726640156472325
2.1726640156472325
2.1726640156472325
2.1726640156472325
2.1726640156472325
2.1726640156472325
2.1726640156472325
1.7069734321432002
2.027813728010685
2.084063148103227
2.084063148103227
2.084063148103227
2.084063148103227
2.0945985761319297
2.1031491172050356
2.1031491172050356
2.1031491172050356
2.1031491172050356
2.1031491172050356
2.1050394391537504
2.1050394391537504
2.108429594650448
2.108429594650448
2.108429594650448
2.108429594650448
2.108429594650448
2.108429594650448
2.108429594650448
2.108429594650448
2.108429594650448
2.108429594650448
2.108429594650448
1.7069734321432002
2.0610732967712413
2.1125117290737285
2.1263427475922474
2.1283895660927485
2.1283895660927485
2.1318033628411666
2.1318033628411666
2.143804105345472
2.145730831976969
2.145730831976969
2.160410325973857
2.160410325973857
2.160410325973857
2.160410325973857
2.160410325973857
2.160410325973857
2.160410325973857
2.160410325973857
2.160410325973857
2.160410325973857
2.160410325973857
2.160410325973857
2.160410325973857
2.160410325973857
1.7069734321432002
2.0074898647402213
2.0945985761319297
2.112535370325449
2.114462096956946
2.177944493092645
2.177944493092645
2.177944493092645
2.177944493092645
2.177944493092645
2.177944493092645
2.177944493092645
2.177944493092645
2.177944493092645
2.177944493092645
2.177944493092645
2.177944493092645
2.177944493092645
2.177944493092645
2.177944493092645
2.177944493092645
2.177944493092645
2.177944493092645
2.177944493092645
2.177944493092645
