0.8518518518518519	-0.10203287045049882
0.8703703703703703	-0.08927876164418647
0.9074074074074074	-0.06377054403156177
0.8518518518518519	-0.09853802090344571
0.9074074074074074	-0.06377054403156177
0.8703703703703703	-0.08927876164418647
0.8518518518518519	-0.09853802090344571
0.8703703703703703	-0.08927876164418647
0.9074074074074074	-0.06377054403156177
0.8518518518518519	-0.10203287045049882
0.8518518518518519	-0.10203287045049882
0.8888888888888888	-0.07652465283787412
0.9074074074074074	-0.06377054403156177
0.8888888888888888	-0.07652465283787412
0.9074074074074074	-0.06377054403156177
0.8888888888888888	-0.07652465283787412
0.8518518518518519	-0.10203287045049882
0.8888888888888888	-0.07652465283787412
0.9074074074074074	-0.06377054403156177
0.9074074074074074	-0.06377054403156177
