0.8636363636363636	-0.0910571970352566
0.8636363636363636	-0.0910571970352566
0.8636363636363636	-0.0910571970352566
0.8333333333333334	-0.1147869792568112
0.8333333333333334	-0.11192755690013137
0.8484848484848485	-0.1043517993243738
0.8181818181818182	-0.11950331447588897
0.8484848484848485	-0.10149237696769399
0.8484848484848485	-0.10149237696769399
0.8484848484848485	-0.1043517993243738
0.8636363636363636	-0.0910571970352566
0.8333333333333334	-0.11192755690013137
0.803030303030303	-0.13279791676500616
0.8484848484848485	-0.101492376967694
0.8636363636363636	-0.0910571970352566
0.8333333333333334	-0.1147869792568112
0.8333333333333334	-0.1090681345434516
0.8636363636363636	-0.0910571970352566
0.8333333333333334	-0.11192755690013137
0.8333333333333334	-0.1147869792568112
