1.4500738086294431
2.043898361361594
2.0495996658954225
2.0495996658954225
2.0495996658954225
2.0495996658954225
2.0495996658954225
2.0495996658954225
2.0495996658954225
2.0495996658954225
2.0495996658954225
2.0495996658954225
2.0495996658954225
2.0495996658954225
2.0495996658954225
2.0495996658954225
2.0495996658954225
2.0495996658954225
2.0495996658954225
2.0495996658954225
2.0495996658954225
2.0495996658954225
2.0495996658954225
2.0495996658954225
2.0495996658954225
1.4500738086294431
1.9743457466502459
2.066271609003681
2.066271609003681
2.066271609003681
2.066271609003681
2.066271609003681
2.066271609003681
2.066271609003681
2.066271609003681
2.066271609003681
2.066271609003681
2.066271609003681
2.066271609003681
2.066271609003681
2.066271609003681
2.066271609003681
2.066271609003681
2.066271609003681
2.066271609003681
2.066271609003681
2.066271609003681
2.066271609003681
2.066271609003681
2.066271609003681
1.4500738086294431
1.9562361549968386
2.0330196960919285
2.0355796108725954
2.0355796108725954
2.0355796108725954
2.0355796108725954
2.0355796108725954
2.0355796108725954
2.0355796108725954
2.0355796108725954
2.0355796108725954
2.0355796108725954
2.0355796108725954
2.0355796108725954
2.0355796108725954
2.0355796108725954
2.0355796108725954
2.0355796108725954
2.0355796108725954
2.0355796108725954
2.0355796108725954
2.0355796108725954
2.0355796108725954
2.0355796108725954
1.4500738086294431
1.961447619464993
2.0018692251012986
2.002181261030559
2.002181261030559
2.0195956895245497
2.0221388069641364
2.0221388069641364
2.0221388069641364
2.0221388069641364
2.0221388069641364
2.0221465211646326
2.0221465211646326
2.0221465211646326
2.0221465211646326
2.0221465211646326
2.0221465211646326
2.0221465211646326
2.0221465211646326
2.0221465211646326
2.0221465211646326
2.0221465211646326
2.0221465211646326
2.0221465211646326
2.0221465211646326
1.4500738086294431
2.0167581271417263
2.0354716791919
2.0355796108725954
2.0355796108725954
2.0355796108725954
2.0355796108725954
2.0355796108725954
2.0355796108725954
2.0355796108725954
2.0355796108725954
2.0355796108725954
2.0355796108725954
2.0355796108725954
2.0355796108725954
2.0355796108725954
2.0355796108725954
2.0355796108725954
2.0355796108725954
2.0355796108725954
2.0355796108725954
2.0355796108725954
2.0355796108725954
2.0355796108725954
2.0355796108725954
1.4500738086294431
2.022326548968476
2.0288854731665316
2.0355796108725954
2.0355796108725954
2.0355796108725954
2.0355796108725954
2.0355796108725954
2.0355796108725954
2.0355796108725954
2.0355796108725954
2.0355796108725954
2.0355796108725954
2.0355796108725954
2.0355796108725954
2.0355796108725954
2.0355796108725954
2.0355796108725954
2.0355796108725954
2.0355796108725954
2.0355796108725954
2.0355796108725954
2.0355796108725954
2.0355796108725954
2.0355796108725954
1.4500738086294431
2.0052050025490953
2.059618584201668
2.059618584201668
2.066271609003681
2.066271609003681
2.066271609003681
2.066271609003681
2.066271609003681
2.066271609003681
2.066271609003681
2.066271609003681
2.066271609003681
2.066271609003681
2.066271609003681
2.066271609003681
2.066271609003681
2.066271609003681
2.066271609003681
2.066271609003681
2.066271609003681
2.066271609003681
2.066271609003681
2.066271609003681
2.066271609003681
1.4500738086294431
1.993924718034816
2.0333995801597937
2.0355796108725954
2.0355796108725954
2.0355796108725954
2.0355796108725954
2.0355796108725954
2.0355796108725954
2.0355796108725954
2.0355796108725954
2.0355796108725954
2.0355796108725954
2.0355796108725954
2.0355796108725954
2.0355796108725954
2.0355796108725954
2.0355796108725954
2.0355796108725954
2.0355796108725954
2.0355796108725954
2.0355796108725954
2.0355796108725954
2.0355796108725954
2.0355796108725954
1.4500738086294431
1.983801395592956
2.020685572957856
2.066271609003681
2.066271609003681
2.066271609003681
2.066271609003681
2.066271609003681
2.066271609003681
2.066271609003681
2.066271609003681
2.066271609003681
2.066271609003681
2.066271609003681
2.066271609003681
2.066271609003681
2.066271609003681
2.066271609003681
2.066271609003681
2.066271609003681
2.066271609003681
2.066271609003681
2.066271609003681
2.066271609003681
2.066271609003681
1.4500738086294431
1.958708258572551
2.0087138480454785
2.015303381031984
2.015303381031984
2.015303381031984
2.015303381031984
2.015303381031984
2.015303381031984
2.0153038967084815
2.0153038967084815
2.0153038967084815
2.0153038967084815
2.0153038967084815
2.0153038967084815
2.0153038967084815
2.0153038967084815
2.0153038967084815
2.0153038967084815
2.0153038967084815
2.0153038967084815
2.0153038967084815
2.0153038967084815
2.0153038967084815
2.0153038967084815
1.4500738086294431
1.9886905274322375
2.0432838503688053
2.0498629538217994
2.0498629538217994
2.0498629538217994
2.0498629538217994
2.0498629538217994
2.0498629538217994
2.0498629538217994
2.0498629538217994
2.0498629538217994
2.0498629538217994
2.0498629538217994
2.0498629538217994
2.0498629538217994
2.0498629538217994
2.0498629538217994
2.0498629538217994
2.0498629538217994
2.0498629538217994
2.0498629538217994
2.0498629538217994
2.0498629538217994
2.0498629538217994
1.4500738086294431
1.9887750756543003
2.014915695777887
2.030208469795379
2.0471910394032813
2.0481046578430124
2.0481126154191442
2.0489197631470444
2.0489197631470444
2.0489197631470444
2.0489197631470444
2.0489197631470444
2.0489197631470444
2.0489197631470444
2.0489197631470444
2.0489197631470444
2.0489197631470444
2.0505052015501533
2.0505052015501533
2.0505052015501533
2.0505052015501533
2.0505052015501533
2.0505052015501533
2.0505052015501533
2.0505052015501533
1.4500738086294431
1.9372902105410172
2.03559563877498
2.03559563877498
2.0422165609716045
2.0422165609716045
2.0422165609716045
2.0422165609716045
2.0422165609716045
2.0422165609716045
2.0422165609716045
2.0422165609716045
2.0422165609716045
2.0422165609716045
2.0422165609716045
2.0422165609716045
2.0422165609716045
2.0422165609716045
2.0422165609716045
2.0422165609716045
2.0422165609716045
2.0422165609716045
2.0422165609716045
2.0422165609716045
2.0422165609716045
1.4500738086294431
1.947986307597151
2.016878409801948
2.0302728200994324
2.030276484647663
2.030276484647663
2.030276484647663
2.030276484647663
2.030276484647663
2.030276484647663
2.030276484647663
2.030276484647663
2.0310939608993026
2.0376981129399057
2.037700387178513
2.0387186556341192
2.0387186556341192
2.0387186556341192
2.0387186556341192
2.0387186556341192
2.043898361361594
2.0495996658954225
2.0495996658954225
2.0495996658954225
2.0495996658954225
1.4500738086294431
1.940109073472592
2.0248519888813377
2.0284486940374267
2.029148514470713
2.029148514470713
2.035715470826989
2.035715470826989
2.035715470826989
2.035715470826989
2.035715470826989
2.035715470826989
2.035715470826989
2.035715470826989
2.035715470826989
2.035715470826989
2.035715470826989
2.035715470826989
2.035715470826989
2.035715470826989
2.035715470826989
2.035715470826989
2.035715470826989
2.035715470826989
2.035715470826989
1.4500738086294431
1.9675835749704857
1.9917880105212857
2.0048386295811715
2.0048386295811715
2.0191437939982673
2.0238912349481937
2.0317062275695714
2.0330196960919285
2.0330196960919285
2.0330196960919285
2.0355796108725954
2.0355796108725954
2.0355796108725954
2.0355796108725954
2.0355796108725954
2.0355796108725954
2.0355796108725954
2.0355796108725954
2.0355796108725954
2.0355796108725954
2.0355796108725954
2.0355796108725954
2.0355796108725954
2.0355796108725954
1.4500738086294431
1.9719044815252247
2.0278190929438016
2.037642589569748
2.0376481983251833
2.0422165609716045
2.0422165609716045
2.0422165609716045
2.0422165609716045
2.0422165609716045
2.0422165609716045
2.0422165609716045
2.0422165609716045
2.0422165609716045
2.0422165609716045
2.0422165609716045
2.0422165609716045
2.0422165609716045
2.0422165609716045
2.0422165609716045
2.0422165609716045
2.0422165609716045
2.0422165609716045
2.0422165609716045
2.0422165609716045
1.4500738086294431
2.0159527455316266
2.0400050874918603
2.0400050874918603
2.0400050874918603
2.0400050874918603
2.0400050874918603
2.040408954621787
2.040408954621787
2.040408954621787
2.040408954621787
2.040408954621787
2.040408954621787
2.040408954621787
2.040408954621787
2.040408954621787
2.040408954621787
2.0431975628347607
2.0431975628347607
2.0431975628347607
2.0431975628347607
2.0431975628347607
2.0431975628347607
2.0431975628347607
2.0431975628347607
1.4500738086294431
1.9667378040277257
2.0451617646704325
2.0451617646704325
2.0451617646704325
2.0451617646704325
2.0451617646704325
2.0451617646704325
2.0451617646704325
2.0451617646704325
2.0451617646704325
2.0451617646704325
2.0451617646704325
2.059618584201668
2.066271609003681
2.066271609003681
2.066271609003681
2.066271609003681
2.066271609003681
2.066271609003681
2.066271609003681
2.066271609003681
2.066271609003681
2.066271609003681
2.066271609003681
