1.4500738086294431
2.043898361361594
2.0495996658954225
2.0495996658954225
2.0495996658954225
2.0495996658954225
2.0495996658954225
2.0495996658954225
2.0495996658954225
2.0495996658954225
2.0495996658954225
2.0495996658954225
2.0495996658954225
2.0495996658954225
2.0495996658954225
2.0495996658954225
2.0495996658954225
2.0495996658954225
2.0495996658954225
2.0495996658954225
2.0495996658954225
2.0495996658954225
2.0495996658954225
2.0495996658954225
2.0495996658954225
1.4500738086294431
1.9743457466502459
2.066271609003681
2.066271609003681
2.066271609003681
2.066271609003681
2.066271609003681
2.066271609003681
2.066271609003681
2.066271609003681
2.066271609003681
2.066271609003681
2.066271609003681
2.066271609003681
2.066271609003681
2.066271609003681
2.066271609003681
2.066271609003681
2.066271609003681
2.066271609003681
2.066271609003681
2.066271609003681
2.066271609003681
2.066271609003681
2.066271609003681
