1.4500738086294431
2.043898361361594
2.0495996658954225
2.0495996658954225
2.0495996658954225
2.0495996658954225
2.0495996658954225
2.0495996658954225
2.0495996658954225
2.0495996658954225
2.0495996658954225
2.0495996658954225
2.0495996658954225
2.0495996658954225
2.0495996658954225
2.0495996658954225
2.0495996658954225
2.0495996658954225
2.0495996658954225
2.0495996658954225
2.0495996658954225
2.0495996658954225
2.0495996658954225
2.0495996658954225
2.0495996658954225
1.4500738086294431
1.9743457466502459
2.066271609003681
2.066271609003681
2.066271609003681
2.066271609003681
2.066271609003681
2.066271609003681
2.066271609003681
2.066271609003681
2.066271609003681
2.066271609003681
2.066271609003681
2.066271609003681
2.066271609003681
2.066271609003681
2.066271609003681
2.066271609003681
2.066271609003681
2.066271609003681
2.066271609003681
2.066271609003681
2.066271609003681
2.066271609003681
2.066271609003681
1.4500738086294431
1.9562361549968386
2.0330196960919285
2.0355796108725954
2.0355796108725954
2.0355796108725954
2.0355796108725954
2.0355796108725954
2.0355796108725954
2.0355796108725954
2.0355796108725954
2.0355796108725954
2.0355796108725954
2.0355796108725954
2.0355796108725954
2.0355796108725954
2.0355796108725954
2.0355796108725954
2.0355796108725954
2.0355796108725954
2.0355796108725954
2.0355796108725954
2.0355796108725954
2.0355796108725954
2.0355796108725954
