1.4500738086294431
2.043898361361594
2.0495996658954225
2.0495996658954225
2.0495996658954225
2.0495996658954225
2.0495996658954225
2.0495996658954225
2.0495996658954225
2.0495996658954225
2.0495996658954225
2.0495996658954225
2.0495996658954225
2.0495996658954225
2.0495996658954225
2.0495996658954225
2.0495996658954225
2.0495996658954225
2.0495996658954225
2.0495996658954225
2.0495996658954225
2.0495996658954225
2.0495996658954225
2.0495996658954225
2.0495996658954225
1.4500738086294431
1.9743457466502459
2.066271609003681
2.066271609003681
2.066271609003681
2.066271609003681
2.066271609003681
2.066271609003681
2.066271609003681
2.066271609003681
2.066271609003681
2.066271609003681
2.066271609003681
2.066271609003681
2.066271609003681
2.066271609003681
2.066271609003681
2.066271609003681
2.066271609003681
2.066271609003681
2.066271609003681
2.066271609003681
2.066271609003681
2.066271609003681
2.066271609003681
1.4500738086294431
1.9562361549968386
2.0330196960919285
2.0355796108725954
2.0355796108725954
2.0355796108725954
2.0355796108725954
2.0355796108725954
2.0355796108725954
2.0355796108725954
2.0355796108725954
2.0355796108725954
2.0355796108725954
2.0355796108725954
2.0355796108725954
2.0355796108725954
2.0355796108725954
2.0355796108725954
2.0355796108725954
2.0355796108725954
2.0355796108725954
2.0355796108725954
2.0355796108725954
2.0355796108725954
2.0355796108725954
1.4500738086294431
1.961447619464993
2.0018692251012986
2.002181261030559
2.002181261030559
2.0195956895245497
2.0221388069641364
2.0221388069641364
2.0221388069641364
2.0221388069641364
2.0221388069641364
2.0221465211646326
2.0221465211646326
2.0221465211646326
2.0221465211646326
2.0221465211646326
2.0221465211646326
2.0221465211646326
2.0221465211646326
2.0221465211646326
2.0221465211646326
2.0221465211646326
2.0221465211646326
2.0221465211646326
2.0221465211646326
1.4500738086294431
2.0167581271417263
2.0354716791919
2.0355796108725954
2.0355796108725954
2.0355796108725954
2.0355796108725954
2.0355796108725954
2.0355796108725954
2.0355796108725954
2.0355796108725954
2.0355796108725954
2.0355796108725954
2.0355796108725954
2.0355796108725954
2.0355796108725954
2.0355796108725954
2.0355796108725954
2.0355796108725954
2.0355796108725954
2.0355796108725954
2.0355796108725954
2.0355796108725954
2.0355796108725954
2.0355796108725954
1.4500738086294431
2.022326548968476
2.0288854731665316
2.0355796108725954
2.0355796108725954
2.0355796108725954
2.0355796108725954
2.0355796108725954
2.0355796108725954
2.0355796108725954
2.0355796108725954
2.0355796108725954
2.0355796108725954
2.0355796108725954
2.0355796108725954
2.0355796108725954
2.0355796108725954
2.0355796108725954
2.0355796108725954
2.0355796108725954
2.0355796108725954
2.0355796108725954
2.0355796108725954
2.0355796108725954
2.0355796108725954
