1.348722284234719
1.920028415684759
2.036110239424397
2.036198269100837
2.036198269100837
2.0802053686651356
2.086248922521651
2.099732566287146
2.099732566287146
2.099732566287146
2.099732566287146
2.099732566287146
2.099732566287146
2.099732566287146
2.099732566287146
2.099732566287146
2.099732566287146
2.099732566287146
2.099732566287146
2.099732566287146
2.099732566287146
2.099732566287146
2.099732566287146
2.099732566287146
2.099732566287146
1.348722284234719
1.9535354190646184
2.0223685504524225
2.032689005170248
2.06528742457498
2.0784681280716124
2.0784681280716124
2.0784681280716124
2.0792666290639104
2.0832976938706538
2.0832976938706538
2.0891655172116836
2.0891655172116836
2.0944204476846715
2.1002954116396833
2.1002954116396833
2.1002954116396833
2.1002954116396833
2.1002954116396833
2.1002954116396833
2.1002954116396833
2.1002954116396833
2.1002954116396833
2.1002954116396833
2.1002954116396833
1.348722284234719
1.9548761779714217
2.055110129366833
2.0674590532347126
2.0680785082022393
2.0726719447520225
2.075793543050713
2.087448375864788
2.087448375864788
2.087448375864788
2.0874486688218123
2.0874486688218123
2.0874486688218123
2.0874486688218123
2.0874486688218123
2.0874486688218123
2.0874486688218123
2.0874486688218123
2.0874486688218123
2.0874486688218123
2.0874486688218123
2.0874486688218123
2.0874486688218123
2.0874486688218123
2.0874486688218123
1.348722284234719
1.9699216886886528
2.0518014592803566
2.059906490579024
2.088529112442697
2.0944204476846715
2.0944204476846715
2.1002954116396833
2.1002954116396833
2.1002954116396833
2.1002954116396833
2.1002954116396833
2.1002954116396833
2.1002954116396833
2.1002954116396833
2.1002954116396833
2.1002954116396833
2.1002954116396833
2.1002954116396833
2.1002954116396833
2.1002954116396833
2.1002954116396833
2.1002954116396833
2.1002954116396833
2.1002954116396833
1.348722284234719
1.9237269254073255
2.0250457569049343
2.0531920601976
2.0676955606642156
2.0735044642768647
2.0735044642768647
2.0735044642768647
2.0735044642768647
2.07532133316225
2.07532133316225
2.07532133316225
2.07532133316225
2.07532133316225
2.07532133316225
2.07532133316225
2.07532133316225
2.07532133316225
2.07532133316225
2.07532133316225
2.07532133316225
2.07532133316225
2.07532133316225
2.07532133316225
2.07532133316225
1.348722284234719
1.9444672599822213
2.0190035501604133
2.0415088982978316
2.0415088982978316
2.046901351964308
2.046901351964308
2.0526708154256275
2.0526708154256275
2.0526708154256275
2.0526708154256275
2.0526708154256275
2.0526708154256275
2.0526708154256275
2.0526708154256275
2.0526708154256275
2.0526708154256275
2.0526708154256275
2.0526708154256275
2.0526708154256275
2.0526708154256275
2.0526708154256275
2.0526708154256275
2.0526708154256275
2.0526708154256275
1.348722284234719
2.0018319749179656
2.0592991608599696
2.0849697532070492
2.0915502285860756
2.0928247620453013
2.09871179281992
2.09871179281992
2.098715873659747
2.098715873659747
2.098715873659747
2.098715873659747
2.098715873659747
2.098715873659747
2.098715873659747
2.098715873659747
2.098715873659747
2.098715873659747
2.098715873659747
2.098715873659747
2.098715873659747
2.098715873659747
2.098715873659747
2.098715873659747
2.098715873659747
1.348722284234719
1.9758070786338688
2.0943969357837267
2.0943969357837267
2.0943969357837267
2.0943969357837267
2.1002954116396833
2.1002954116396833
2.1002954116396833
2.1002954116396833
2.1002954116396833
2.1002954116396833
2.1002954116396833
2.1002954116396833
2.1002954116396833
2.1002954116396833
2.1002954116396833
2.1002954116396833
2.1002954116396833
2.1002954116396833
2.1002954116396833
2.1002954116396833
2.1002954116396833
2.1002954116396833
2.1002954116396833
1.348722284234719
1.899756485547698
2.0474075702884327
2.0672255255306986
2.0896999393690847
2.0896999393690847
2.0896999393690847
2.0896999393690847
2.0896999393690847
2.0896999393690847
2.0896999393690847
2.0896999393690847
2.0896999393690847
2.0896999393690847
2.0896999393690847
2.0896999393690847
2.0896999393690847
2.0896999393690847
2.0896999393690847
2.0896999393690847
2.0896999393690847
2.0896999393690847
2.0896999393690847
2.0896999393690847
2.0896999393690847
1.348722284234719
1.9818493171541727
2.039474810399374
2.042874649478937
2.0635385978010383
2.065093505340955
2.065093505340955
2.065368791638547
2.0653739144426204
2.0653739144426204
2.0653739144426204
2.0653739144426204
2.065390641135856
2.065390641135856
2.065390641135856
2.065390641135856
2.065390641135856
2.065401952067994
2.065401952067994
2.065401952067994
2.065401952067994
2.065401952067994
2.065401952067994
2.065401952067994
2.065401952067994
1.348722284234719
1.9412660485122406
2.0343007741121593
2.06231255429883
2.0774283038833588
2.0832798555947187
2.088861785745573
2.097437259360695
2.097437259360695
2.097437259360695
2.097437259360695
2.097437259360695
2.098159976094037
2.098159976094037
2.098159976094037
2.098159976094037
2.098159976094037
2.098159976094037
2.098159976094037
2.098159976094037
2.098159976094037
2.098159976094037
2.098159976094037
2.098159976094037
2.098159976094037
1.348722284234719
1.9231893957118453
2.0400105127387462
2.0457665916884236
2.046220838846138
2.046220838846138
2.0519973185720852
2.0519973185720852
2.0519973185720852
2.0537889811230277
2.0575219697738705
2.0575326955416986
2.0575326955416986
2.0575326955416986
2.0575326955416986
2.0575326955416986
2.0575475185104035
2.0575475185104035
2.0575475185104035
2.0575475185104035
2.0575475185104035
2.0575475185104035
2.0575475185104035
2.0575475185104035
2.0575475185104035
1.348722284234719
1.9726799587146255
2.069942536906366
2.0706574296308484
2.0734844805986685
2.0758655416538265
2.0768686427628817
2.0789627600963456
2.0789627600963456
2.0789627600963456
2.0789627600963456
2.079829563780476
2.079829563780476
2.079829563780476
2.079829563780476
2.079829563780476
2.079832985886883
2.0798416664700383
2.0857526785267058
2.0857585182738316
2.0857585182738316
2.085767597568379
2.085767597568379
2.085767597568379
2.085767597568379
1.348722284234719
1.9238602559041427
2.0500192978882774
2.0562976332720213
2.063754796693297
2.063754796693297
2.0738099490314044
2.0852311999573288
2.0852311999573288
2.0852311999573288
2.0852311999573288
2.0852311999573288
2.0852311999573288
2.0852311999573288
2.0852311999573288
2.0852311999573288
2.0852311999573288
2.0852311999573288
2.0852311999573288
2.0852346324004247
2.0852346324004247
2.0852346324004247
2.0852346324004247
2.0852346324004247
2.0852346324004247
1.348722284234719
1.968260154856136
2.0658423199712175
2.0666582388419408
2.0666582388419408
2.0666582388419408
2.0763081408331
2.0763081408331
2.0763081408331
2.0874186742178544
2.0874186742178544
2.087448375864788
2.087448375864788
2.087448375864788
2.087448375864788
2.087448375864788
2.087448375864788
2.087448375864788
2.087448375864788
2.087448375864788
2.087448375864788
2.087448375864788
2.087448375864788
2.087448375864788
2.087448375864788
1.348722284234719
1.9344227378440455
2.053861998877072
2.063892193734984
2.0697678951009264
2.089692353087329
2.0896999393690847
2.0896999393690847
2.0896999393690847
2.0896999393690847
2.0896999393690847
2.0896999393690847
2.0896999393690847
2.0896999393690847
2.0896999393690847
2.0896999393690847
2.0896999393690847
2.0896999393690847
2.0896999393690847
2.0896999393690847
2.0896999393690847
2.0896999393690847
2.0896999393690847
2.0896999393690847
2.0896999393690847
1.348722284234719
1.9084760501339442
2.0513540585398142
2.0552463617130714
2.0704911490371933
2.0704911490371933
2.0704911490371933
2.0704911490371933
2.0704931220912184
2.0704931220912184
2.0816155352113714
2.0816155352113714
2.0816155352113714
2.0816155352113714
2.0816155352113714
2.0816155352113714
2.0816155352113714
2.0816155352113714
2.081636636105514
2.081636636105514
2.081636636105514
2.087448375864788
2.087448375864788
2.087448375864788
2.087448375864788
1.348722284234719
1.9352708804428977
2.0291211393382493
2.043055115758946
2.0540868321692902
2.05957592539363
2.060762822025992
2.0634656071207673
2.0634656071207673
2.082811782897242
2.0835171761024136
2.0915502285860756
2.0928247620453013
2.0928247620453013
2.0928247620453013
2.0928247620453013
2.09871179281992
2.098715873659747
2.098715873659747
2.098715873659747
2.098715873659747
2.098715873659747
2.098715873659747
2.098715873659747
2.098715873659747
1.348722284234719
1.9505397223551875
2.0287511303037125
2.0489167613437695
2.0501216367833925
2.0572620442063467
2.0826474137022375
2.0944204476846715
2.0944204476846715
2.0944204476846715
2.0944204476846715
2.0944204476846715
2.0944204476846715
2.0944204476846715
2.0944204476846715
2.0944204476846715
2.0944204476846715
2.0944204476846715
2.0944204476846715
2.0944204476846715
2.0944204476846715
2.0944204476846715
2.0944204476846715
2.0944204476846715
2.0944204476846715
1.348722284234719
1.9662584211359049
2.037651621547107
2.0439074984538452
2.0439074984538452
2.044423709947019
2.0444323222961005
2.0459158614923165
2.0580489086322293
2.0745579398470677
2.0828065082506035
2.0828065082506035
2.0828065082506035
2.0828126007698295
2.0828126007698295
2.0828126007698295
2.0828126007698295
2.0828126007698295
2.0828126007698295
2.0828126007698295
2.0828126007698295
2.0828126007698295
2.0828126007698295
2.0828126007698295
2.0828126007698295
