1.348722284234719
1.920028415684759
2.036110239424397
2.036198269100837
2.036198269100837
2.0802053686651356
2.086248922521651
2.099732566287146
2.099732566287146
2.099732566287146
2.099732566287146
2.099732566287146
2.099732566287146
2.099732566287146
2.099732566287146
2.099732566287146
2.099732566287146
2.099732566287146
2.099732566287146
2.099732566287146
2.099732566287146
2.099732566287146
2.099732566287146
2.099732566287146
2.099732566287146
1.348722284234719
1.9535354190646184
2.0223685504524225
2.032689005170248
2.06528742457498
2.0784681280716124
2.0784681280716124
2.0784681280716124
2.0792666290639104
2.0832976938706538
2.0832976938706538
2.0891655172116836
2.0891655172116836
2.0944204476846715
2.1002954116396833
2.1002954116396833
2.1002954116396833
2.1002954116396833
2.1002954116396833
2.1002954116396833
2.1002954116396833
2.1002954116396833
2.1002954116396833
2.1002954116396833
2.1002954116396833
1.348722284234719
1.9548761779714217
2.055110129366833
2.0674590532347126
2.0680785082022393
2.0726719447520225
2.075793543050713
2.087448375864788
2.087448375864788
2.087448375864788
2.0874486688218123
2.0874486688218123
2.0874486688218123
2.0874486688218123
2.0874486688218123
2.0874486688218123
2.0874486688218123
2.0874486688218123
2.0874486688218123
2.0874486688218123
2.0874486688218123
2.0874486688218123
2.0874486688218123
2.0874486688218123
2.0874486688218123
1.348722284234719
1.9699216886886528
2.0518014592803566
2.059906490579024
2.088529112442697
2.0944204476846715
2.0944204476846715
2.1002954116396833
2.1002954116396833
2.1002954116396833
2.1002954116396833
2.1002954116396833
2.1002954116396833
2.1002954116396833
2.1002954116396833
2.1002954116396833
2.1002954116396833
2.1002954116396833
2.1002954116396833
2.1002954116396833
2.1002954116396833
2.1002954116396833
2.1002954116396833
2.1002954116396833
2.1002954116396833
1.348722284234719
1.9237269254073255
2.0250457569049343
2.0531920601976
2.0676955606642156
2.0735044642768647
2.0735044642768647
2.0735044642768647
2.0735044642768647
2.07532133316225
2.07532133316225
2.07532133316225
2.07532133316225
2.07532133316225
2.07532133316225
2.07532133316225
2.07532133316225
2.07532133316225
2.07532133316225
2.07532133316225
2.07532133316225
2.07532133316225
2.07532133316225
2.07532133316225
2.07532133316225
