1.7182615245004322
1.9994688814540549
2.011656381454055
2.022163307684289
2.022163307684289
2.022163307684289
2.022163307684289
2.022163307684289
2.022163307684289
2.022163307684289
2.022163307684289
2.022163307684289
2.022163307684289
2.022163307684289
2.022163307684289
2.022163307684289
2.022163307684289
2.022163307684289
2.022163307684289
2.022163307684289
2.022163307684289
2.022163307684289
2.022163307684289
2.022163307684289
2.022163307684289
1.7182615245004322
2.0948511636682787
2.1252443751081733
2.1541588452963967
2.1541588452963967
2.1541588452963967
2.1541588452963967
2.1541588452963967
2.1541588452963967
2.1541588452963967
2.1541588452963967
2.1541588452963967
2.1541588452963967
2.1541588452963967
2.1541588452963967
2.1541588452963967
2.1541588452963967
2.1541588452963967
2.1541588452963967
2.1541588452963967
2.1541588452963967
2.1541588452963967
2.1541588452963967
2.1541588452963967
2.1541588452963967
1.7182615245004322
2.001975574297852
2.090731683675556
2.1013741831474704
2.1013741831474704
2.1013741831474704
2.1013741831474704
2.1013741831474704
2.1013741831474704
2.1013741831474704
2.1013741831474704
2.1013741831474704
2.101471457561364
2.101471457561364
2.11580828133113
2.11580828133113
2.11580828133113
2.11580828133113
2.11580828133113
2.11580828133113
2.11580828133113
2.11580828133113
2.11580828133113
2.11580828133113
2.11580828133113
1.7182615245004322
2.0776920923658633
2.123308749580088
2.123347048407875
2.123444322821768
2.123444322821768
2.123444322821768
2.123444322821768
2.123444322821768
2.123444322821768
2.123444322821768
2.123444322821768
2.123444322821768
2.123444322821768
2.123444322821768
2.123444322821768
2.123444322821768
2.123444322821768
2.123444322821768
2.123444322821768
2.123444322821768
2.123444322821768
2.123444322821768
2.123444322821768
2.123444322821768
1.7182615245004322
2.0322171177710247
2.14080828133113
2.14080828133113
2.1541588452963967
2.1541588452963967
2.1541588452963967
2.1541588452963967
2.1541588452963967
2.1541588452963967
2.1541588452963967
2.1541588452963967
2.1541588452963967
2.1541588452963967
2.1541588452963967
2.1541588452963967
2.1541588452963967
2.1541588452963967
2.1541588452963967
2.1541588452963967
2.1541588452963967
2.1541588452963967
2.1541588452963967
2.1541588452963967
2.1541588452963967
1.7182615245004322
2.0645464156075444
2.1252443751081733
2.1541396958825034
2.1541396958825034
2.1541396958825034
2.1541396958825034
2.1541396958825034
2.1541396958825034
2.1541396958825034
2.1541396958825034
2.1541396958825034
2.1541396958825034
2.1541396958825034
2.1541396958825034
2.1541396958825034
2.1541396958825034
2.1541396958825034
2.1541396958825034
2.1541396958825034
2.1541396958825034
2.1541396958825034
2.1541396958825034
2.1541396958825034
2.1541396958825034
1.7182615245004322
2.1002443751081734
2.15404242146861
2.1541588452963967
2.1541588452963967
2.1541588452963967
2.1541588452963967
2.1541588452963967
2.1541588452963967
2.1541588452963967
2.1541588452963967
2.1541588452963967
2.1541588452963967
2.1541588452963967
2.1541588452963967
2.1541588452963967
2.1541588452963967
2.1541588452963967
2.1541588452963967
2.1541588452963967
2.1541588452963967
2.1541588452963967
2.1541588452963967
2.1541588452963967
2.1541588452963967
1.7182615245004322
1.9756673121558093
2.0544853218305006
2.1235224478217685
2.1235224478217685
2.1235224478217685
2.1235224478217685
2.1235224478217685
2.1235224478217685
2.1235224478217685
2.1235224478217685
2.1235224478217685
2.1235224478217685
2.1235224478217685
2.1235224478217685
2.1235224478217685
2.1235224478217685
2.1235224478217685
2.1235224478217685
2.1235224478217685
2.1235224478217685
2.1235224478217685
2.1235224478217685
2.1235224478217685
2.1235224478217685
1.7182615245004322
2.011677058212374
2.0853974478217676
2.0948511636682787
2.107880416598811
2.1463577427710248
2.1572036021054597
2.1572036021054597
2.1572036021054597
2.1572036021054597
2.1572036021054597
2.1572036021054597
2.1572036021054597
2.1572036021054597
2.1572036021054597
2.1572036021054597
2.1572036021054597
2.1572036021054597
2.1572036021054597
2.1572036021054597
2.1572036021054597
2.1572036021054597
2.1572036021054597
2.1572036021054597
2.1572036021054597
1.7182615245004322
2.117432934203642
2.1463577427710248
2.1463577427710248
2.1463577427710248
2.1463577427710248
2.1463577427710248
2.1463577427710248
2.1463577427710248
2.1463577427710248
2.1463577427710248
2.1463577427710248
2.1463577427710248
2.1463577427710248
2.1463577427710248
2.1463577427710248
2.1463577427710248
2.1463577427710248
2.1463577427710248
2.1463577427710248
2.1463577427710248
2.1463577427710248
2.1463577427710248
2.1463577427710248
2.1463577427710248
1.7182615245004322
2.077714296468609
2.120399566012705
2.120399566012705
2.120399566012705
2.120399566012705
2.120399566012705
2.120399566012705
2.120399566012705
2.120399566012705
2.120399566012705
2.120399566012705
2.120399566012705
2.120399566012705
2.120399566012705
2.120399566012705
2.120399566012705
2.120399566012705
2.120399566012705
2.120399566012705
2.120399566012705
2.120399566012705
2.120399566012705
2.120399566012705
2.120399566012705
1.7182615245004322
1.9496810523513095
2.063917900050152
2.0700074136682787
2.0700074136682787
2.0700074136682787
2.0700074136682787
2.0700074136682787
2.0700074136682787
2.0700074136682787
2.0700074136682787
2.0700074136682787
2.0700074136682787
2.0700074136682787
2.0700074136682787
2.0700074136682787
2.0700074136682787
2.0700074136682787
2.0700074136682787
2.0700074136682787
2.0700074136682787
2.0700074136682787
2.0700074136682787
2.0700074136682787
2.0700074136682787
1.7182615245004322
2.008188457163086
2.0763397750501524
2.1541396958825034
2.1541396958825034
2.1541396958825034
2.1541396958825034
2.1541588452963967
2.1541588452963967
2.1541588452963967
2.1541588452963967
2.1541588452963967
2.1541588452963967
2.1541588452963967
2.1541588452963967
2.1541588452963967
2.1541588452963967
2.1541588452963967
2.1541588452963967
2.1541588452963967
2.1541588452963967
2.1541588452963967
2.1541588452963967
2.1541588452963967
2.1541588452963967
