1.7182615245004322
1.9994688814540549
2.011656381454055
2.022163307684289
2.022163307684289
2.022163307684289
2.022163307684289
2.022163307684289
2.022163307684289
2.022163307684289
2.022163307684289
2.022163307684289
2.022163307684289
2.022163307684289
2.022163307684289
2.022163307684289
2.022163307684289
2.022163307684289
2.022163307684289
2.022163307684289
2.022163307684289
2.022163307684289
2.022163307684289
2.022163307684289
2.022163307684289
1.7182615245004322
2.0948511636682787
2.1252443751081733
2.1541588452963967
2.1541588452963967
2.1541588452963967
2.1541588452963967
2.1541588452963967
2.1541588452963967
2.1541588452963967
2.1541588452963967
2.1541588452963967
2.1541588452963967
2.1541588452963967
2.1541588452963967
2.1541588452963967
2.1541588452963967
2.1541588452963967
2.1541588452963967
2.1541588452963967
2.1541588452963967
2.1541588452963967
2.1541588452963967
2.1541588452963967
2.1541588452963967
1.7182615245004322
2.001975574297852
2.090731683675556
2.1013741831474704
2.1013741831474704
2.1013741831474704
2.1013741831474704
2.1013741831474704
2.1013741831474704
2.1013741831474704
2.1013741831474704
2.1013741831474704
2.101471457561364
2.101471457561364
2.11580828133113
2.11580828133113
2.11580828133113
2.11580828133113
2.11580828133113
2.11580828133113
2.11580828133113
2.11580828133113
2.11580828133113
2.11580828133113
2.11580828133113
